x_1	y_1	x_2	y_2	block_type	text	id	type	score
763.36328125	602.5858764648438	942.0221557617188	634.4409790039062	rectangle	"| sáček + samost. ulož
be
"	0	TextRegion	0.9096243977546692
127.54842376708984	391.0470275878906	362.6744384765625	1525.3905029296875	rectangle	"1/8
19
180
18

182
183
184
185
186
187
188
189
190
191
192
193
194
195
196
197
198
199
200
201
202
203
204
205
206
207

209
210
21
212
213
24
215
216
2
218
219

221
222
223
223

 

28
28.
28.
28
28
28
28
28.
28.
28
28
28.
28.
28
28.
28.
28.
28.
28.
28.
28
28.
28
29
29.
29
29
29.
29.
29
2
2
29
2,
2
29
2
29
29
29
r. M
29
30
30.
30.
31.

U

97
9
97
9
97
9
9
97
97
97
9
97
9
97
9
9
97
97
97
9
9
97
9
97
97
9
97
9
97
9
9
97
97
9
97
9
97
97
97
97
97
97

9

97
97

19
19
1“
1108
| 108
| 108
1108
1108
| 108
198
I
I

=

 

koj.

108
1%
1%
1%

| koj.
31.7.97 | k.j. 94

j. 61
.62
j. 62 |
077

l

I

I

I
1koj.
k
I

I

uu<cuw<c<<<

73

rá
7

61 |

„n

VJ

 

J
J
J
za
za
zá

AKE VYRNON ROMME
"	1	TextRegion	0.8999504446983337
762.4344482421875	984.1456909179688	944.225830078125	1010.2990112304688	rectangle	"| uloženy pod drtidlem
"	2	TextRegion	0.8559718728065491
