x_1	y_1	x_2	y_2	block_type	text	id	type	score
346.3349914550781	1493.716064453125	455.3894348144531	1508.1903076171875	rectangle	"bez rozlišení
"	0	TextRegion	0.999221920967102
118.76397705078124	253.17552185058597	395.6975402832031	1460.1951904296875	rectangle	"116
m
118
n9
120
121
122
103
124
105
126
127
128
129
130
131
132
133
134
135
136
137
138
139
M0
M1
m2
M3
144
15
146
M7
148
M9
150
151
152
153
154
156
156
157
158
159
160
161
162
163
164
16b
166

 

23
23
2
2
23
23
23
24
24
Va
2
2

24.

24

24.
24.

2
2
2
2
24
2

24.
24.

24
24
24
2
2
2
24
2

24.

řáj

2.
2.

28
28
28

28.
28.
28.

28

28.
28.
28.

28

28.7
28.
28.

28

„7 | k.j. 7
Ok.
97 | k.. 55
97 1101

97 (101
97196

97 | k.j. 86
97 | k.j. 83
97 | k.j. 82
97 | k.j. 82
97 | k.j. 82
97k. 8
97 | k.j. 79
97 | k.j. 84
97 1107
9719%

97 | 95A

97 | 9

97 | 95

97 | k.j. 86
97 1924

97 | 920

97 | 92N

97 | 920

97 | k.j. 88
9712

97 | střepy
97110

97 (110

97 | k.j. 87
9710106

97 1 k.j. 72
97195
971.9%
97195

97 | k.j. 87
97 1100

97 [1007
97 1100

97 1100
971.100

97 | 100A
97 | 1i2

97 | 109

97 195

97 195
9719%

97 (110

97 (10
7110
97110

 

J Vobj

JV
začišt

začišt,
začišt,

začišt,
začišt,
5
S
S

Na <Wwuwuw<x
"	1	TextRegion	0.9812158942222596
