x_1	y_1	x_2	y_2	block_type	text	id	type	score
586.936767578125	1613.8416748046875	603.881591796875	1625.6849365234375	rectangle		0	TextRegion	0.9999922513961792
143.43251037597656	176.53265380859375	548.331298828125	1080.4976806640625	rectangle	"2562
2549
2561
2560
2548
2546
2547
2545
2544
2543
2542
2541
2540
2539
2467
2535
2536
2537
2538
2534
2533
2532
2466
2531
2530
2529
2526
2527
2528
2525
2524

-675807,2896
-675806,3171

-675807,895
-675807,6738
-675804,1959
-675804,9041
-675804,5072
-675804,6239
-675806,7717
-675806,3306
-675806,1079
-675805,4596
-675804,4832

-675804,159
-675800,5038
-675801,6199
-675802,5472
-675802,4743
-675802,5676
-675802,3168
-675801,9319
-675800,8297
-675797,9704
-675799,5383
-675798,6889
-675798,4966
-675797,7774

-675798,013
-675798,2783
-675795,0231
-675793,5219

 

-1072883,
-1072884,
-107288
-1072884,
-1072884,
-1072885,
-1072885,
-1072886,
-1072886,
-1072888,
-1072888,
-1072888,
-1072888,
-1072889,
-1072886,
-1072889,
-1072888,
-1072889,
-1072889,
-10728:
-1072890,
-1072891,
-1072889,
-1072892,
-1072892,
-1072892,
-1072893,
-1072894,
-1072894,
-1072892,
-1072893,

 
"	1	TextRegion	0.9097098112106324
