x_1	y_1	x_2	y_2	block_type	text	id	type	score
586.9257202148438	1613.6312255859375	603.5452270507812	1625.7115478515625	rectangle		0	TextRegion	0.9999912977218628
177.5088653564453	149.345947265625	558.4068603515625	1617.777099609375	rectangle	"2516
2515
2514
2519
2513
2512
2511
2510
2509
2508
2507
2506
2505
2495
2496
2468
2497
2498
2499
2500
2501
2502
2503
2504
2493
2494
2492
2491
2490
2489
2488
2486
2487
2483
2484
2485
2475
2482
2481
2479
2480
2478
2477
2476
2474
2473
2471
2472
2470

-675786,4512

-675785,524
-675785,3903

-675786,916
-675790,3003
-675789,8584
-675789,4853

-675790,748
-675790,9145
-675790,5873
-675788,7989
-675788,6359
-675787,4217

-675785,673
-675785,9537
-675784,1158
-675782,5942
-675783,4594
-675783,6624
-675783,9882
-675783,8012
-675784,0629
-675784,2392
-675784,7679
-675783,5342
-675783,6517
-675781,0001
-675780,6544
-675780,4768
-675779,2493
-675778,9069
-675778,7138
-675779,4057

-675777,894
-675777,5102
-675777,1555
-675778,7429
-675778,0393
-675777,6091
-675777,0393
-675777,2674

-675776,411

-675775,745
-675775,0582

-675779,129
-675779,5799
-675778,6649
-675779,1116
-675778,9431

-1072900,C

-1072900
-1072900,:
-1072898,:
-1072899,:

-1072900
-1072901,:
-1072902,(
-1072903,C

-1072903,
-1072905,2
-1072905,:
-1072905,£
-1072907,:
-1072907,7
-1072899,1
-1072900,7
-1072900,<
-1072900,6
-1072900,<
-1072901,:
-1072902,(
-1072901,6
-1072903,:
-1072903,£
-1072903,£
-1072901,7

-1072901
-1072903,2
-1072903,(
-1072903,C
-1072904,6
-1072905,2
-1072905,<
-1072905,2
-1072904,£
-1072906,7
-1072906,2
-1072905,<
-1072906,C
-1072906,:
-1072905,:
-1072906,4
-1072905,:
-1072908,<
-1072911,<
-1072911,9
-1072911,£
-1072912,<
"	1	TextRegion	0.9912864565849304
