x_1	y_1	x_2	y_2	block_type	text	id	type	score
587.0046997070312	1613.651123046875	603.7631225585938	1625.741455078125	rectangle		0	TextRegion	0.9999847412109376
160.72320556640625	165.81085205078125	557.047119140625	1617.38818359375	rectangle	"3411
3401
3216
3206
3204
3202
3105
3103
2416
2406
2404
2402
2405
2303
2221
2211
2321
2205
2203
2202
2104
2102
1416
1406
1404
1402
1305
1303
1221
20031
20032
20033
20034
2469
2565
2564
2563
2566
2567
2568
2556
2555
2553
2554
2552
2551
2550
2558

-675774,4514
-675772,8814
-675771,2905
-675769,6577
-675770,7253
-675769,5112
-675768,2761
-675767,1038
-675767,2713
-675765,7431
-675766,8735
-675765,6385
-675764,3406
-675763,1265
-675764,2569
-675762,6869
-675764,9727
-675763,4681
-675762,2378
-675761,0075
-675759,7639
-675758,5336
-675759,4067
-675757,806
-675758,9173
-675757,6737
-675756,4699
-675755,2792
-675756,245
-675810,41
-675817,6
-675752,61
-675757,4952
-675814,99
-675807,9787
-675808,0903
-675807,257
-675809,3626
-675809,7644
-675810,01
-675810,8507
-675810,0472
-675809,5561
-675809,9073
-675810,2375
-675810,4009
-675809,8099
-675808,2385

-1072912,
-1072913,£
-1072914,<
-1072916,1
-1072919,1

-1072917
-1072915,c
-1072914,£
-1072918,(
-1072919,2
-1072922,:
-1072920,c
-1072919,(
-1072917,
-1072920,:
-1072921,6
-1072913,6
-1072925,c
-1072924,£
-1072922,c
-1072921
-1072919,<
-1072924,1
-1072925,£
-1072928,
-1072926,£
-1072925,1
-1072923,:
-1072926,

-1072877

-1072884

-1072923
-1072931,6
-1072884,
-1072881,:
-1072882,:
-1072882,£
-1072882,:

-1072882
-1072882,c
-1072883,;
-1072884,
-1072885,;
-1072885,2
-1072886,(
-1072887,2

-1072887
-1072885,

 
"	1	TextRegion	0.9536165595054626
