IMAGE_NAME	DESCRIPTION	LANGUAGE	BBOX_1	BBOX_2	BBOX_3	BBOX_4
image	"Přír.
číslo Sonda 0,
číslo sáčku
KJ,
/74-166 166 2c
V.
+části
V.3 V
příkopě,
jamka s
kameny
/74-167 167 ""stud-
na na
parce-
le č.
25/6""
/74-168 168 ""stud-
na na
parce-
le č.
25/6""
/74-169 169 ""stud-
na na
parce-
le č.
25/6""
v.2
V.2
VIIIa
Datov.
10.st.
po r.
995
85
po r.
995
po r.
995
10 034 střepů z předchozí strany
Obsah
nád. střepy
0
9. Seznam nálezů: sonda 2a-2d
Sezóna 1974 - str. 25
0
1 StřDH
1 Stř-
2 M1DH
2 DH
celkem 6 stře pů
-MIDH
0
1 sáček s řapem
velkého nože (?),
1 sáček zvířecích
kostí,
1 sáček se vzorky
celkem 11 střepů (2 malé zlomky opu
ky, 1 přepálený)
1 luž.
2 Stř-
-M1DH
1 M1DH
7 DH
2 Stř-
-MIDH
1 M1DH
4 DH
celkem 7 střepů
00
ostatní
celkem 10 058 střepů
1 sáček se zvíře-
cími kostmi
1 sáček s malým
úlomkem zvířecí
kosti
1 sáček s 6 zlo-
mečky škvárovité
strusky"	cs	(126, 20)	(1150, 20)	(1150, 1157)	(126, 1157)
image	Přír		(129, 181)	(189, 181)	(189, 199)	(129, 199)
image	.		(194, 181)	(201, 181)	(201, 199)	(194, 199)
image	číslo		(250, 174)	(321, 176)	(320, 199)	(249, 197)
image	Sonda		(337, 177)	(409, 179)	(408, 202)	(336, 200)
image	0		(425, 180)	(439, 180)	(438, 202)	(424, 202)
image	,		(442, 181)	(450, 181)	(449, 203)	(441, 203)
image	číslo		(131, 208)	(204, 208)	(204, 225)	(131, 225)
image	sáčku		(249, 204)	(323, 205)	(323, 224)	(249, 223)
image	KJ		(424, 202)	(456, 209)	(452, 227)	(420, 221)
image	,		(458, 210)	(467, 212)	(463, 229)	(454, 228)
image	/		(127, 324)	(146, 324)	(146, 348)	(127, 348)
image	74-166		(144, 324)	(233, 324)	(233, 348)	(144, 348)
image	166		(263, 324)	(306, 324)	(306, 348)	(263, 348)
image	2c		(351, 328)	(382, 328)	(382, 344)	(351, 344)
image	V.		(424, 237)	(450, 237)	(450, 249)	(424, 249)
image	+		(410, 255)	(424, 255)	(424, 273)	(410, 273)
image	části		(424, 254)	(496, 253)	(496, 271)	(424, 272)
image	V.3		(408, 329)	(453, 329)	(453, 349)	(408, 349)
image	V		(482, 332)	(500, 332)	(500, 345)	(482, 345)
image	příkopě		(409, 352)	(513, 352)	(513, 374)	(409, 374)
image	,		(508, 352)	(516, 352)	(516, 374)	(508, 374)
image	jamka		(410, 378)	(482, 378)	(482, 397)	(410, 397)
image	s		(497, 378)	(511, 378)	(511, 397)	(497, 397)
image	kameny		(409, 401)	(496, 403)	(495, 422)	(409, 420)
image	/		(129, 542)	(144, 542)	(144, 562)	(129, 562)
image	74-167		(145, 542)	(234, 542)	(234, 562)	(145, 562)
image	167		(264, 542)	(306, 542)	(306, 562)	(264, 562)
image	""""		(324, 542)	(335, 542)	(335, 562)	(324, 562)
image	stud		(338, 542)	(395, 542)	(395, 562)	(338, 562)
image	na		(322, 573)	(352, 573)	(352, 586)	(322, 586)
image	na		(365, 573)	(394, 573)	(394, 586)	(365, 586)
image	parce		(322, 596)	(393, 596)	(393, 614)	(322, 614)
image	le		(321, 614)	(351, 614)	(351, 632)	(321, 632)
image	č		(366, 614)	(379, 614)	(379, 632)	(366, 632)
image	.		(383, 614)	(392, 614)	(392, 632)	(383, 632)
image	25/6		(319, 639)	(381, 639)	(381, 660)	(319, 660)
image	""""		(381, 639)	(396, 639)	(396, 660)	(381, 660)
image	/		(129, 770)	(143, 770)	(143, 790)	(129, 790)
image	74-168		(143, 770)	(234, 770)	(234, 790)	(143, 790)
image	168		(262, 770)	(308, 770)	(308, 790)	(262, 790)
image	""""		(323, 770)	(334, 770)	(334, 790)	(323, 790)
image	stud		(337, 770)	(393, 770)	(393, 790)	(337, 790)
image	na		(321, 802)	(349, 802)	(349, 814)	(321, 814)
image	na		(364, 802)	(393, 802)	(393, 814)	(364, 814)
image	parce		(321, 825)	(391, 825)	(391, 841)	(321, 841)
image	le		(320, 845)	(350, 845)	(350, 861)	(320, 861)
image	č		(364, 845)	(377, 845)	(377, 861)	(364, 861)
image	.		(381, 845)	(390, 845)	(390, 861)	(381, 861)
image	25/6		(318, 868)	(380, 868)	(380, 889)	(318, 889)
image	""""		(379, 868)	(396, 868)	(396, 889)	(379, 889)
image	/		(128, 963)	(142, 963)	(142, 983)	(128, 983)
image	74-169		(142, 963)	(231, 963)	(231, 983)	(142, 983)
image	169		(261, 963)	(304, 963)	(304, 983)	(261, 983)
image	""""		(321, 963)	(333, 963)	(333, 983)	(321, 983)
image	stud		(335, 963)	(391, 963)	(391, 983)	(335, 983)
image	na		(319, 994)	(347, 994)	(347, 1006)	(319, 1006)
image	na		(362, 994)	(391, 994)	(391, 1005)	(362, 1005)
image	parce		(320, 1017)	(391, 1017)	(391, 1035)	(320, 1035)
image	le		(319, 1037)	(349, 1037)	(349, 1054)	(319, 1054)
image	č		(364, 1037)	(377, 1037)	(377, 1054)	(364, 1054)
image	.		(381, 1037)	(389, 1037)	(389, 1054)	(381, 1054)
image	25/6		(318, 1060)	(377, 1060)	(377, 1081)	(318, 1081)
image	""""		(377, 1060)	(391, 1060)	(391, 1080)	(377, 1080)
image	v.2		(438, 544)	(485, 545)	(485, 563)	(438, 562)
image	V.2		(437, 774)	(483, 773)	(484, 791)	(438, 792)
image	VIIIa		(434, 991)	(510, 991)	(510, 1007)	(434, 1007)
image	Datov		(543, 182)	(616, 183)	(616, 200)	(543, 199)
image	.		(621, 184)	(628, 184)	(628, 200)	(621, 200)
image	10.st.		(543, 327)	(628, 328)	(628, 345)	(543, 344)
image	po		(542, 550)	(571, 549)	(572, 565)	(543, 566)
image	r		(586, 549)	(601, 549)	(601, 563)	(586, 564)
image	.		(603, 548)	(612, 548)	(612, 563)	(603, 563)
image	995		(543, 569)	(587, 570)	(586, 590)	(542, 589)
image	85		(613, 31)	(643, 31)	(643, 50)	(613, 50)
image	po		(541, 778)	(570, 777)	(570, 793)	(541, 794)
image	r		(584, 777)	(599, 777)	(599, 792)	(584, 792)
image	.		(602, 777)	(611, 777)	(611, 792)	(602, 792)
image	995		(542, 800)	(585, 800)	(585, 818)	(542, 818)
image	po		(539, 971)	(569, 970)	(570, 986)	(540, 987)
image	r		(583, 969)	(598, 968)	(599, 984)	(584, 985)
image	.		(600, 968)	(608, 968)	(609, 984)	(601, 984)
image	995		(540, 990)	(585, 991)	(584, 1012)	(539, 1011)
image	10		(647, 133)	(674, 133)	(674, 155)	(647, 155)
image	034		(690, 133)	(734, 133)	(734, 155)	(690, 155)
image	střepů		(750, 133)	(836, 133)	(836, 155)	(750, 155)
image	z		(854, 134)	(866, 134)	(866, 156)	(854, 156)
image	předchozí		(883, 133)	(1015, 134)	(1015, 157)	(883, 156)
image	strany		(1031, 134)	(1116, 134)	(1116, 157)	(1031, 157)
image	Obsah		(721, 182)	(853, 183)	(853, 201)	(721, 200)
image	nád		(660, 204)	(703, 205)	(702, 228)	(659, 227)
image	.		(709, 206)	(716, 206)	(715, 228)	(708, 228)
image	střepy		(737, 207)	(822, 210)	(821, 232)	(736, 229)
image	0		(674, 328)	(690, 328)	(690, 345)	(674, 345)
image	9.		(734, 34)	(759, 33)	(760, 58)	(735, 59)
image	Seznam		(778, 32)	(865, 29)	(866, 54)	(779, 57)
image	nálezů		(880, 28)	(968, 25)	(969, 51)	(881, 54)
image	:		(980, 26)	(986, 26)	(987, 51)	(981, 51)
image	sonda		(995, 25)	(1061, 23)	(1062, 49)	(996, 51)
image	2a		(1072, 23)	(1099, 22)	(1100, 47)	(1073, 48)
image	-		(1100, 22)	(1109, 22)	(1110, 47)	(1101, 47)
image	2d		(1114, 21)	(1149, 20)	(1150, 46)	(1115, 47)
image	Sezóna		(780, 57)	(866, 58)	(866, 78)	(780, 77)
image	1974		(883, 58)	(942, 58)	(942, 78)	(883, 78)
image	-		(956, 59)	(969, 59)	(969, 78)	(956, 78)
image	str		(987, 59)	(1028, 59)	(1028, 78)	(987, 78)
image	.		(1034, 59)	(1040, 59)	(1040, 78)	(1034, 78)
image	25		(1058, 60)	(1090, 60)	(1090, 79)	(1058, 79)
image	0		(675, 546)	(691, 546)	(691, 563)	(675, 563)
image	1		(735, 328)	(749, 328)	(749, 345)	(735, 345)
image	StřDH		(763, 328)	(835, 328)	(835, 345)	(763, 345)
image	1		(734, 353)	(748, 353)	(748, 370)	(734, 370)
image	Stř		(762, 352)	(806, 352)	(806, 369)	(762, 369)
image	2		(732, 400)	(745, 400)	(744, 417)	(731, 417)
image	M1DH		(761, 400)	(820, 402)	(819, 420)	(760, 418)
image	2		(732, 424)	(746, 425)	(745, 442)	(731, 441)
image	DH		(763, 425)	(792, 426)	(791, 443)	(762, 442)
image	celkem		(632, 458)	(719, 459)	(719, 482)	(632, 481)
image	6		(734, 460)	(746, 460)	(746, 482)	(734, 482)
image	stře		(765, 460)	(819, 461)	(819, 483)	(765, 482)
image	pů		(823, 460)	(850, 460)	(850, 482)	(823, 482)
image	-MIDH		(763, 378)	(835, 378)	(835, 395)	(763, 395)
image	0		(672, 775)	(689, 775)	(689, 792)	(672, 792)
image	1		(866, 544)	(881, 544)	(880, 567)	(865, 567)
image	sáček		(898, 544)	(971, 546)	(970, 570)	(897, 568)
image	s		(987, 546)	(999, 546)	(998, 569)	(986, 569)
image	řapem		(1014, 547)	(1090, 549)	(1089, 572)	(1013, 570)
image	velkého		(866, 569)	(970, 570)	(970, 593)	(866, 592)
image	nože		(985, 571)	(1044, 572)	(1044, 594)	(985, 593)
image	(		(1061, 572)	(1072, 572)	(1072, 594)	(1061, 594)
image	?		(1074, 572)	(1089, 572)	(1089, 594)	(1074, 594)
image	)		(1090, 572)	(1101, 572)	(1101, 594)	(1090, 594)
image	,		(1106, 573)	(1116, 573)	(1116, 595)	(1106, 595)
image	1		(867, 595)	(882, 595)	(882, 614)	(867, 614)
image	sáček		(898, 594)	(970, 595)	(970, 615)	(898, 614)
image	zvířecích		(986, 595)	(1117, 596)	(1117, 616)	(986, 615)
image	kostí		(866, 620)	(939, 620)	(939, 641)	(866, 641)
image	,		(943, 620)	(952, 620)	(952, 641)	(943, 641)
image	1		(866, 641)	(881, 641)	(881, 663)	(866, 663)
image	sáček		(897, 641)	(970, 642)	(970, 664)	(897, 663)
image	se		(986, 643)	(1012, 643)	(1012, 665)	(986, 665)
image	vzorky		(1028, 643)	(1117, 645)	(1117, 668)	(1028, 666)
image	celkem		(615, 671)	(704, 669)	(705, 702)	(616, 704)
image	11		(716, 669)	(746, 668)	(747, 700)	(717, 701)
image	střepů		(764, 668)	(849, 666)	(850, 699)	(765, 701)
image	(		(867, 666)	(878, 666)	(879, 698)	(868, 698)
image	2		(878, 666)	(892, 666)	(893, 698)	(879, 698)
image	malé		(908, 665)	(967, 664)	(968, 697)	(909, 698)
image	zlomky		(984, 663)	(1071, 661)	(1072, 694)	(985, 696)
image	opu		(1084, 661)	(1133, 660)	(1134, 693)	(1085, 694)
image	ky		(865, 691)	(894, 691)	(894, 715)	(865, 715)
image	,		(899, 691)	(907, 691)	(907, 715)	(899, 715)
image	1		(924, 691)	(938, 691)	(938, 715)	(924, 715)
image	přepálený		(955, 691)	(1088, 692)	(1088, 716)	(955, 715)
image	)		(1091, 691)	(1100, 691)	(1100, 715)	(1091, 715)
image	1		(734, 546)	(749, 546)	(749, 562)	(734, 562)
image	luž		(765, 546)	(806, 547)	(806, 564)	(765, 563)
image	.		(811, 547)	(820, 547)	(820, 563)	(811, 563)
image	2		(733, 571)	(747, 571)	(747, 588)	(733, 588)
image	Stř		(763, 571)	(807, 571)	(807, 588)	(763, 588)
image	-M1DH		(764, 595)	(837, 595)	(837, 613)	(764, 613)
image	1		(734, 618)	(749, 618)	(749, 635)	(734, 635)
image	M1DH		(763, 618)	(823, 619)	(823, 636)	(763, 635)
image	7		(733, 643)	(749, 643)	(749, 662)	(733, 662)
image	DH		(762, 642)	(794, 642)	(794, 661)	(762, 661)
image	2		(731, 775)	(745, 775)	(745, 791)	(731, 791)
image	Stř		(761, 775)	(805, 775)	(805, 791)	(761, 791)
image	-MIDH		(762, 800)	(835, 800)	(835, 818)	(762, 818)
image	1		(732, 823)	(747, 823)	(747, 840)	(732, 840)
image	M1DH		(761, 823)	(821, 824)	(821, 841)	(761, 840)
image	4		(731, 849)	(745, 849)	(745, 866)	(731, 866)
image	DH		(760, 848)	(790, 847)	(790, 864)	(760, 865)
image	celkem		(630, 878)	(718, 880)	(717, 903)	(630, 901)
image	7		(732, 881)	(744, 881)	(744, 903)	(732, 903)
image	střepů		(763, 881)	(849, 883)	(848, 906)	(763, 904)
image	00		(670, 968)	(792, 968)	(792, 986)	(670, 986)
image	ostatní		(882, 208)	(982, 206)	(982, 225)	(882, 227)
image	celkem		(570, 1132)	(657, 1133)	(657, 1155)	(570, 1154)
image	10		(671, 1134)	(700, 1134)	(700, 1155)	(671, 1155)
image	058		(715, 1134)	(761, 1135)	(761, 1156)	(715, 1155)
image	střepů		(775, 1134)	(861, 1135)	(861, 1157)	(775, 1156)
image	1		(882, 327)	(896, 327)	(896, 346)	(882, 346)
image	sáček		(913, 327)	(984, 327)	(984, 346)	(913, 346)
image	se		(1000, 327)	(1025, 327)	(1025, 346)	(1000, 346)
image	zvíře		(1045, 327)	(1113, 327)	(1113, 346)	(1045, 346)
image	cími		(883, 351)	(938, 351)	(938, 369)	(883, 369)
image	kostmi		(956, 351)	(1041, 352)	(1041, 371)	(956, 370)
image	1		(865, 774)	(880, 774)	(880, 795)	(865, 795)
image	sáček		(896, 774)	(969, 776)	(968, 798)	(896, 796)
image	s		(985, 776)	(997, 776)	(997, 797)	(985, 797)
image	malým		(1012, 777)	(1089, 779)	(1089, 800)	(1012, 798)
image	úlomkem		(865, 801)	(969, 801)	(969, 819)	(865, 819)
image	zvířecí		(984, 801)	(1086, 801)	(1086, 819)	(984, 819)
image	kosti		(863, 825)	(937, 825)	(937, 842)	(863, 842)
image	1		(863, 968)	(877, 968)	(877, 986)	(863, 986)
image	sáček		(895, 967)	(966, 968)	(966, 987)	(895, 986)
image	s		(983, 969)	(994, 969)	(994, 987)	(983, 987)
image	6		(1011, 969)	(1025, 969)	(1025, 987)	(1011, 987)
image	zlo		(1042, 969)	(1085, 969)	(1085, 988)	(1042, 988)
image	mečky		(863, 992)	(936, 992)	(936, 1014)	(863, 1014)
image	škvárovité		(953, 992)	(1098, 992)	(1098, 1014)	(953, 1014)
image	strusky		(864, 1017)	(967, 1017)	(967, 1039)	(864, 1039)
