IMAGE_NAME	DESCRIPTION	LANGUAGE	BBOX_1	BBOX_2	BBOX_3	BBOX_4
image	"č.j. 870/56
2./ Výsledky výzkumu Vyšehradu."	cs	(380, 81)	(871, 81)	(871, 253)	(380, 253)
image	č.j.		(714, 83)	(769, 82)	(769, 105)	(714, 106)
image	870/56		(787, 82)	(871, 81)	(871, 104)	(787, 105)
image	2.		(380, 229)	(408, 229)	(408, 253)	(380, 253)
image	/		(408, 229)	(427, 229)	(427, 253)	(408, 253)
image	Výsledky		(437, 229)	(554, 229)	(554, 253)	(437, 253)
image	výzkumu		(568, 229)	(668, 229)	(668, 253)	(568, 253)
image	Vyšehradu		(684, 229)	(814, 229)	(814, 253)	(684, 253)
image	.		(817, 229)	(826, 229)	(826, 253)	(817, 253)
