IMAGE_NAME	DESCRIPTION	LANGUAGE	BBOX_1	BBOX_2	BBOX_3	BBOX_4
image	"OBĚDOVICE ""Na Požárce"", výzkum 1997
Objekt:
čtverec:
Rozměry:
Výplň:
. Datace:
Keramika:
Zv.kosti:
č. sáčků:
Poznámka:
BN/drtidla: A
Objekt:
Čtverec:
Rozměry:
Výplň:
Datace:
Keramika:
BN/drtidla:
Zv.kosti:
097
č. sáčků:
291
Poznámka:
1,32 x 0,86
černá, hlinito-písčitá
Přesah do:
m
k. slezskoplatěnická, neolit, hradištní (?)
A
098
OBĚDOVICE ""Na Požárce"", výzkum 1997
291
Mazanice:
ŠI:
Uhlíky:
A
015, 046, 047, 057, 058, 062, 168
A
A
m
k. popelnicových polí
A
ve výplni mazanicový blok 0,75 x 0,4 x 0,2m
Tabulka:
Přesah do: 302
Mazanice:
ŠI:
Uhlíky:
Hloubka: 0,38
A
A
1
A
Kov:
Hloubka: 0,1
0,82 x 0,56
černohnědá s mazanicí a uhlíky, hlinito-písčitá
Kameny:
Jiné:
171, 220
Tabulka: 1
Kov:
Kameny:
Jiné:
003, 032, 034, 088, 173 - 175, 187, 203, 204
222
m
A
m
na V okraji objektu drtidlo, na J okraji jamky 098A"	cs	(105, 119)	(1079, 119)	(1079, 1432)	(105, 1432)
image	OBĚDOVICE		(124, 119)	(381, 121)	(381, 141)	(124, 139)
image	""""		(432, 122)	(442, 122)	(442, 143)	(432, 143)
image	Na		(444, 122)	(474, 122)	(474, 143)	(444, 143)
image	Požárce		(489, 122)	(589, 122)	(589, 143)	(489, 143)
image	""""		(593, 122)	(600, 122)	(600, 143)	(593, 143)
image	,		(607, 122)	(613, 122)	(613, 143)	(607, 143)
image	výzkum		(632, 122)	(721, 122)	(721, 143)	(632, 143)
image	1997		(734, 122)	(793, 122)	(793, 143)	(734, 143)
image	Objekt		(124, 171)	(211, 170)	(211, 192)	(124, 193)
image	:		(217, 171)	(225, 171)	(225, 192)	(217, 192)
image	čtverec		(124, 215)	(228, 216)	(228, 236)	(124, 235)
image	:		(231, 217)	(239, 217)	(239, 236)	(231, 236)
image	Rozměry		(122, 266)	(231, 266)	(231, 286)	(122, 286)
image	:		(231, 266)	(239, 266)	(239, 286)	(231, 286)
image	Výplň		(122, 314)	(198, 314)	(198, 334)	(122, 334)
image	:		(201, 314)	(209, 314)	(209, 334)	(201, 334)
image	.		(105, 364)	(111, 364)	(111, 378)	(105, 378)
image	Datace		(123, 364)	(212, 364)	(212, 378)	(123, 378)
image	:		(216, 364)	(224, 364)	(224, 378)	(216, 378)
image	Keramika		(123, 410)	(241, 410)	(241, 425)	(123, 425)
image	:		(245, 410)	(253, 410)	(253, 425)	(245, 425)
image	Zv.kosti		(124, 505)	(241, 505)	(241, 521)	(124, 521)
image	:		(245, 505)	(253, 505)	(253, 521)	(245, 521)
image	č		(123, 573)	(137, 573)	(137, 591)	(123, 591)
image	.		(142, 573)	(148, 573)	(148, 591)	(142, 591)
image	sáčků		(152, 572)	(226, 573)	(226, 592)	(152, 591)
image	:		(231, 573)	(238, 573)	(238, 591)	(231, 591)
image	Poznámka		(123, 647)	(239, 647)	(239, 662)	(123, 662)
image	:		(244, 647)	(252, 647)	(252, 662)	(244, 662)
image	BN		(123, 458)	(153, 458)	(153, 475)	(123, 475)
image	/		(154, 458)	(168, 458)	(168, 475)	(154, 475)
image	drtidla		(168, 458)	(269, 458)	(269, 475)	(168, 475)
image	:		(274, 458)	(282, 458)	(282, 475)	(274, 475)
image	A		(310, 458)	(329, 458)	(329, 473)	(310, 473)
image	Objekt		(143, 936)	(230, 935)	(230, 956)	(143, 957)
image	:		(233, 935)	(241, 935)	(241, 955)	(233, 955)
image	Čtverec		(143, 980)	(246, 980)	(246, 1000)	(143, 1000)
image	:		(249, 980)	(258, 980)	(258, 1000)	(249, 1000)
image	Rozměry		(143, 1031)	(249, 1031)	(249, 1051)	(143, 1051)
image	:		(249, 1031)	(258, 1031)	(258, 1051)	(249, 1051)
image	Výplň		(144, 1078)	(219, 1078)	(219, 1099)	(144, 1099)
image	:		(223, 1078)	(230, 1078)	(230, 1099)	(223, 1099)
image	Datace		(144, 1129)	(232, 1129)	(232, 1143)	(144, 1143)
image	:		(236, 1129)	(244, 1129)	(244, 1143)	(236, 1143)
image	Keramika		(145, 1173)	(261, 1171)	(261, 1188)	(145, 1190)
image	:		(265, 1172)	(273, 1172)	(273, 1188)	(265, 1188)
image	BN		(147, 1220)	(177, 1220)	(177, 1239)	(147, 1239)
image	/		(177, 1220)	(190, 1220)	(190, 1238)	(177, 1238)
image	drtidla		(191, 1220)	(291, 1219)	(291, 1237)	(191, 1238)
image	:		(296, 1219)	(304, 1219)	(304, 1237)	(296, 1237)
image	Zv.kosti		(148, 1271)	(262, 1269)	(262, 1285)	(148, 1287)
image	:		(267, 1269)	(275, 1269)	(275, 1284)	(267, 1284)
image	097		(314, 172)	(357, 172)	(357, 188)	(314, 188)
image	č		(149, 1339)	(164, 1339)	(164, 1358)	(149, 1358)
image	.		(168, 1339)	(175, 1339)	(175, 1358)	(168, 1358)
image	sáčků		(179, 1339)	(250, 1339)	(250, 1358)	(179, 1358)
image	:		(255, 1339)	(262, 1339)	(262, 1358)	(255, 1358)
image	291		(313, 221)	(356, 221)	(356, 236)	(313, 236)
image	Poznámka		(150, 1413)	(263, 1412)	(263, 1430)	(150, 1431)
image	:		(269, 1412)	(276, 1412)	(276, 1429)	(269, 1429)
image	1,32		(314, 267)	(370, 267)	(370, 284)	(314, 284)
image	x		(385, 267)	(398, 267)	(398, 284)	(385, 284)
image	0,86		(416, 267)	(472, 267)	(472, 284)	(416, 284)
image	černá		(314, 312)	(384, 312)	(384, 333)	(314, 333)
image	,		(388, 312)	(394, 312)	(394, 333)	(388, 333)
image	hlinito		(415, 312)	(515, 312)	(515, 333)	(415, 333)
image	-		(519, 312)	(527, 312)	(527, 333)	(519, 333)
image	písčitá		(530, 312)	(630, 312)	(630, 334)	(530, 334)
image	Přesah		(531, 219)	(617, 220)	(617, 236)	(531, 235)
image	do		(633, 219)	(663, 219)	(663, 235)	(633, 235)
image	:		(665, 219)	(673, 219)	(673, 235)	(665, 235)
image	m		(544, 271)	(560, 271)	(560, 282)	(544, 282)
image	k		(312, 363)	(327, 363)	(327, 384)	(312, 384)
image	.		(332, 362)	(339, 362)	(339, 383)	(332, 383)
image	slezskoplatěnická		(356, 362)	(600, 360)	(600, 382)	(356, 384)
image	,		(604, 361)	(609, 361)	(609, 382)	(604, 382)
image	neolit		(631, 360)	(715, 359)	(715, 380)	(631, 381)
image	,		(720, 360)	(725, 360)	(725, 381)	(720, 381)
image	hradištní		(747, 359)	(875, 358)	(875, 380)	(747, 381)
image	(		(896, 359)	(905, 359)	(905, 380)	(896, 380)
image	?		(906, 359)	(917, 359)	(917, 380)	(906, 380)
image	)		(922, 358)	(929, 358)	(929, 379)	(922, 379)
image	A		(311, 410)	(330, 410)	(330, 425)	(311, 425)
image	098		(332, 934)	(374, 934)	(374, 949)	(332, 949)
image	OBĚDOVICE		(142, 883)	(397, 881)	(397, 903)	(142, 905)
image	""""		(448, 882)	(457, 882)	(457, 904)	(448, 904)
image	Na		(460, 881)	(490, 881)	(490, 903)	(460, 903)
image	Požárce		(504, 880)	(605, 879)	(605, 902)	(504, 903)
image	""""		(608, 879)	(616, 879)	(616, 901)	(608, 901)
image	,		(624, 879)	(630, 879)	(630, 901)	(624, 901)
image	výzkum		(650, 878)	(737, 877)	(737, 900)	(650, 901)
image	1997		(752, 877)	(811, 876)	(811, 899)	(752, 900)
image	291		(332, 981)	(375, 981)	(375, 997)	(332, 997)
image	Mazanice		(486, 410)	(603, 409)	(603, 424)	(486, 425)
image	:		(605, 410)	(614, 410)	(614, 424)	(605, 424)
image	ŠI		(518, 453)	(547, 453)	(547, 474)	(518, 474)
image	:		(549, 453)	(558, 453)	(558, 474)	(549, 474)
image	Uhlíky		(488, 503)	(575, 505)	(575, 526)	(488, 524)
image	:		(576, 505)	(585, 505)	(585, 525)	(576, 525)
image	A		(333, 1219)	(352, 1219)	(352, 1234)	(333, 1234)
image	015		(313, 576)	(354, 576)	(354, 594)	(313, 594)
image	,		(358, 576)	(364, 576)	(364, 594)	(358, 594)
image	046		(385, 576)	(425, 576)	(425, 594)	(385, 594)
image	,		(431, 576)	(437, 576)	(437, 594)	(431, 594)
image	047		(458, 576)	(499, 576)	(499, 594)	(458, 594)
image	,		(504, 576)	(509, 576)	(509, 594)	(504, 594)
image	057		(530, 576)	(571, 576)	(571, 594)	(530, 594)
image	,		(576, 576)	(581, 576)	(581, 594)	(576, 594)
image	058		(603, 576)	(643, 576)	(643, 594)	(603, 594)
image	,		(650, 576)	(655, 576)	(655, 594)	(650, 594)
image	062		(677, 576)	(715, 576)	(715, 594)	(677, 594)
image	,		(722, 576)	(727, 576)	(727, 594)	(722, 594)
image	168		(747, 576)	(791, 576)	(791, 594)	(747, 594)
image	A		(674, 411)	(692, 411)	(692, 425)	(674, 425)
image	A		(673, 506)	(692, 506)	(692, 520)	(673, 520)
image	m		(564, 1029)	(581, 1029)	(581, 1040)	(564, 1040)
image	k		(332, 1123)	(346, 1123)	(346, 1144)	(332, 1144)
image	.		(352, 1122)	(359, 1122)	(359, 1143)	(352, 1143)
image	popelnicových		(375, 1121)	(564, 1118)	(564, 1140)	(375, 1143)
image	polí		(579, 1119)	(637, 1118)	(637, 1139)	(579, 1140)
image	A		(332, 1173)	(352, 1173)	(352, 1188)	(332, 1188)
image	ve		(311, 646)	(341, 646)	(341, 667)	(311, 667)
image	výplni		(354, 646)	(441, 646)	(441, 667)	(354, 667)
image	mazanicový		(455, 646)	(600, 646)	(600, 667)	(455, 667)
image	blok		(615, 646)	(673, 646)	(673, 667)	(615, 667)
image	0,75		(690, 646)	(747, 646)	(747, 667)	(690, 667)
image	x		(761, 646)	(774, 646)	(774, 667)	(761, 667)
image	0,4		(791, 646)	(832, 646)	(832, 667)	(791, 667)
image	x		(848, 646)	(861, 646)	(861, 667)	(848, 667)
image	0,2m		(877, 646)	(935, 646)	(935, 667)	(877, 667)
image	Tabulka		(750, 170)	(847, 169)	(847, 186)	(750, 187)
image	:		(853, 170)	(860, 170)	(860, 186)	(853, 186)
image	Přesah		(550, 976)	(636, 975)	(636, 992)	(550, 993)
image	do		(652, 975)	(679, 975)	(679, 991)	(652, 991)
image	:		(684, 975)	(692, 975)	(692, 991)	(684, 991)
image	302		(710, 974)	(750, 974)	(750, 991)	(710, 991)
image	Mazanice		(509, 1168)	(624, 1166)	(624, 1182)	(509, 1184)
image	:		(628, 1167)	(637, 1167)	(637, 1182)	(628, 1182)
image	ŠI		(540, 1210)	(569, 1210)	(569, 1232)	(540, 1232)
image	:		(572, 1210)	(581, 1210)	(581, 1231)	(572, 1231)
image	Uhlíky		(512, 1262)	(600, 1263)	(600, 1283)	(512, 1282)
image	:		(602, 1264)	(611, 1264)	(611, 1283)	(602, 1283)
image	Hloubka		(749, 263)	(850, 264)	(850, 283)	(749, 282)
image	:		(855, 265)	(862, 265)	(862, 283)	(855, 283)
image	0,38		(879, 265)	(935, 266)	(935, 285)	(879, 284)
image	A		(696, 1166)	(714, 1166)	(714, 1180)	(696, 1180)
image	A		(697, 1214)	(717, 1214)	(717, 1228)	(697, 1228)
image	1		(908, 172)	(920, 172)	(920, 185)	(908, 185)
image	A		(698, 1262)	(717, 1262)	(717, 1276)	(698, 1276)
image	Kov		(849, 409)	(893, 410)	(893, 425)	(849, 424)
image	:		(897, 411)	(905, 411)	(905, 425)	(897, 425)
image	Hloubka		(769, 1019)	(868, 1018)	(868, 1036)	(769, 1037)
image	:		(873, 1018)	(880, 1018)	(880, 1035)	(873, 1035)
image	0,1		(898, 1018)	(941, 1018)	(941, 1035)	(898, 1035)
image	0,82		(333, 1028)	(388, 1027)	(388, 1045)	(333, 1046)
image	x		(403, 1028)	(416, 1028)	(416, 1045)	(403, 1045)
image	0,56		(434, 1027)	(490, 1026)	(490, 1044)	(434, 1045)
image	černohnědá		(332, 1073)	(476, 1071)	(476, 1093)	(332, 1095)
image	s		(494, 1071)	(504, 1071)	(504, 1092)	(494, 1092)
image	mazanicí		(520, 1070)	(635, 1068)	(635, 1090)	(520, 1092)
image	a		(653, 1069)	(665, 1069)	(665, 1090)	(653, 1090)
image	uhlíky		(681, 1068)	(766, 1067)	(766, 1089)	(681, 1090)
image	,		(771, 1067)	(776, 1067)	(776, 1088)	(771, 1088)
image	hlinito		(797, 1066)	(897, 1065)	(897, 1087)	(797, 1088)
image	-		(900, 1065)	(909, 1065)	(909, 1086)	(900, 1086)
image	písčitá		(912, 1065)	(1013, 1064)	(1013, 1085)	(912, 1086)
image	Kameny		(849, 457)	(937, 458)	(937, 477)	(849, 476)
image	:		(940, 459)	(948, 459)	(948, 477)	(940, 477)
image	Jiné		(850, 503)	(905, 503)	(905, 519)	(850, 519)
image	:		(910, 503)	(917, 503)	(917, 519)	(910, 519)
image	171		(834, 577)	(875, 576)	(875, 592)	(834, 593)
image	,		(878, 577)	(885, 577)	(885, 592)	(878, 592)
image	220		(906, 576)	(946, 575)	(946, 590)	(906, 591)
image	Tabulka		(767, 925)	(868, 925)	(868, 941)	(767, 941)
image	:		(873, 925)	(881, 925)	(881, 941)	(873, 941)
image	1		(926, 924)	(940, 924)	(940, 939)	(926, 939)
image	Kov		(872, 1163)	(917, 1163)	(917, 1177)	(872, 1177)
image	:		(919, 1163)	(927, 1163)	(927, 1177)	(919, 1177)
image	Kameny		(873, 1210)	(961, 1210)	(961, 1227)	(873, 1227)
image	:		(963, 1210)	(971, 1210)	(971, 1227)	(963, 1227)
image	Jiné		(875, 1256)	(930, 1257)	(930, 1273)	(875, 1272)
image	:		(935, 1256)	(942, 1256)	(942, 1272)	(935, 1272)
image	003		(337, 1339)	(377, 1338)	(377, 1357)	(337, 1358)
image	,		(382, 1339)	(389, 1339)	(389, 1357)	(382, 1357)
image	032		(409, 1338)	(450, 1337)	(450, 1355)	(409, 1356)
image	,		(454, 1337)	(461, 1337)	(461, 1355)	(454, 1355)
image	034		(482, 1336)	(523, 1335)	(523, 1354)	(482, 1355)
image	,		(528, 1335)	(534, 1335)	(534, 1353)	(528, 1353)
image	088		(555, 1334)	(596, 1333)	(596, 1352)	(555, 1353)
image	,		(601, 1334)	(606, 1334)	(606, 1352)	(601, 1352)
image	173		(626, 1333)	(669, 1332)	(669, 1351)	(626, 1352)
image	-		(686, 1332)	(698, 1332)	(698, 1350)	(686, 1350)
image	175		(716, 1332)	(758, 1331)	(758, 1349)	(716, 1350)
image	,		(761, 1332)	(767, 1332)	(767, 1349)	(761, 1349)
image	187		(787, 1331)	(829, 1330)	(829, 1347)	(787, 1348)
image	,		(834, 1330)	(840, 1330)	(840, 1347)	(834, 1347)
image	203		(859, 1329)	(901, 1328)	(901, 1346)	(859, 1347)
image	,		(906, 1329)	(912, 1329)	(912, 1346)	(906, 1346)
image	204		(931, 1328)	(972, 1327)	(972, 1344)	(931, 1345)
image	222		(992, 575)	(1035, 574)	(1035, 590)	(992, 591)
image	m		(1036, 271)	(1052, 271)	(1052, 281)	(1036, 281)
image	A		(1034, 458)	(1053, 458)	(1053, 472)	(1034, 472)
image	m		(1058, 1020)	(1072, 1020)	(1072, 1031)	(1058, 1031)
image	na		(337, 1410)	(365, 1409)	(365, 1431)	(337, 1432)
image	V		(380, 1410)	(394, 1410)	(394, 1431)	(380, 1431)
image	okraji		(410, 1409)	(496, 1407)	(496, 1428)	(410, 1430)
image	objektu		(512, 1407)	(612, 1405)	(612, 1426)	(512, 1428)
image	drtidlo		(629, 1404)	(729, 1402)	(729, 1424)	(629, 1426)
image	,		(733, 1403)	(739, 1403)	(739, 1424)	(733, 1424)
image	na		(759, 1402)	(787, 1401)	(787, 1422)	(759, 1423)
image	J		(803, 1401)	(817, 1401)	(817, 1422)	(803, 1422)
image	okraji		(833, 1400)	(915, 1398)	(915, 1420)	(833, 1422)
image	jamky		(933, 1398)	(1005, 1397)	(1005, 1419)	(933, 1420)
image	098A		(1020, 1397)	(1079, 1396)	(1079, 1418)	(1020, 1419)
