IMAGE_NAME	DESCRIPTION	LANGUAGE	BBOX_1	BBOX_2	BBOX_3	BBOX_4
image	"OBĚDOVICE
Objekt:
čtverec:
Rozměry:
Výplň:
Datace:
Keramika:
BN/drtidla:
Zv.kosti:
č. sáčků:
Poznámka:
Objekt:
čtverec:
Rozměry:
Výplň:
Datace:
Keramika:
BN/drtidla:
Zv.kosti:
č. sáčků:
115
Poznámka:
267
2,08 x 1,7
černohnědá, písčito-hlinitá
A
A
k. slezskoplatěnická, lineární
""Na Požárce"", výzkum 1997
koflík
238 242, 244
116
OBĚDOVICE ""Na Požárce"", výzkum 1997
302
Přesah do:
Mazanice:
ŠI:
Uhlíky:
m
k. vypíchaná
A
250, 251, 257
247, 356
A
A
m
Mazanice:
ŠI:
Uhlíky:
Přesah do: 303
260
Tabulka: 3
Hloubka: 0,16
3,08 x 2,22
černohnědá, promísená, hlinito-písčitá
A
A
Kov:
Kameny:
Jiné:
Tabulka:
3
Hloubka: 0,24
Kov:
Kameny:
Jiné:
m
A
m
A"	cs	(117, 120)	(1078, 120)	(1078, 1431)	(117, 1431)
image	OBĚDOVICE		(120, 120)	(377, 122)	(377, 143)	(120, 141)
image	Objekt		(119, 172)	(209, 172)	(209, 194)	(119, 194)
image	:		(213, 172)	(221, 172)	(221, 193)	(213, 193)
image	čtverec		(119, 217)	(224, 217)	(224, 237)	(119, 237)
image	:		(227, 217)	(235, 217)	(235, 237)	(227, 237)
image	Rozměry		(117, 268)	(225, 267)	(225, 288)	(117, 289)
image	:		(227, 268)	(235, 268)	(235, 288)	(227, 288)
image	Výplň		(118, 316)	(196, 316)	(196, 336)	(118, 336)
image	:		(199, 316)	(207, 316)	(207, 336)	(199, 336)
image	Datace		(118, 365)	(210, 365)	(210, 379)	(118, 379)
image	:		(213, 365)	(221, 365)	(221, 379)	(213, 379)
image	Keramika		(119, 411)	(238, 411)	(238, 426)	(119, 426)
image	:		(242, 411)	(252, 411)	(252, 426)	(242, 426)
image	BN		(121, 458)	(152, 458)	(152, 475)	(121, 475)
image	/		(152, 458)	(165, 458)	(165, 475)	(152, 475)
image	drtidla		(166, 458)	(268, 458)	(268, 475)	(166, 475)
image	:		(272, 458)	(280, 458)	(280, 475)	(272, 475)
image	Zv.kosti		(121, 507)	(240, 505)	(240, 520)	(121, 522)
image	:		(242, 506)	(250, 506)	(250, 520)	(242, 520)
image	č		(121, 575)	(136, 575)	(136, 593)	(121, 593)
image	.		(140, 575)	(146, 575)	(146, 593)	(140, 593)
image	sáčků		(151, 575)	(223, 575)	(223, 593)	(151, 593)
image	:		(229, 575)	(237, 575)	(237, 593)	(229, 593)
image	Poznámka		(122, 649)	(238, 649)	(238, 664)	(122, 664)
image	:		(243, 649)	(251, 649)	(251, 664)	(243, 664)
image	Objekt		(144, 936)	(231, 935)	(231, 956)	(144, 957)
image	:		(235, 936)	(244, 936)	(244, 956)	(235, 956)
image	čtverec		(144, 978)	(247, 978)	(247, 999)	(144, 999)
image	:		(250, 978)	(259, 978)	(259, 999)	(250, 999)
image	Rozměry		(144, 1030)	(250, 1030)	(250, 1050)	(144, 1050)
image	:		(251, 1030)	(260, 1030)	(260, 1050)	(251, 1050)
image	Výplň		(144, 1078)	(219, 1078)	(219, 1099)	(144, 1099)
image	:		(223, 1078)	(231, 1078)	(231, 1099)	(223, 1099)
image	Datace		(145, 1128)	(233, 1128)	(233, 1142)	(145, 1142)
image	:		(238, 1128)	(245, 1128)	(245, 1142)	(238, 1142)
image	Keramika		(147, 1175)	(262, 1174)	(262, 1190)	(147, 1191)
image	:		(266, 1174)	(274, 1174)	(274, 1189)	(266, 1189)
image	BN		(146, 1223)	(176, 1222)	(176, 1241)	(146, 1242)
image	/		(179, 1223)	(192, 1223)	(192, 1241)	(179, 1241)
image	drtidla		(192, 1222)	(291, 1220)	(291, 1239)	(192, 1241)
image	:		(295, 1221)	(305, 1221)	(305, 1239)	(295, 1239)
image	Zv.kosti		(148, 1272)	(263, 1269)	(263, 1285)	(148, 1288)
image	:		(267, 1270)	(275, 1270)	(275, 1285)	(267, 1285)
image	č		(149, 1339)	(165, 1339)	(165, 1359)	(149, 1359)
image	.		(168, 1339)	(174, 1339)	(174, 1359)	(168, 1359)
image	sáčků		(180, 1338)	(251, 1339)	(251, 1360)	(180, 1359)
image	:		(254, 1340)	(262, 1340)	(262, 1360)	(254, 1360)
image	115		(310, 173)	(352, 173)	(352, 188)	(310, 188)
image	Poznámka		(150, 1415)	(264, 1414)	(264, 1430)	(150, 1431)
image	:		(269, 1414)	(276, 1414)	(276, 1429)	(269, 1429)
image	267		(309, 221)	(352, 221)	(352, 236)	(309, 236)
image	2,08		(310, 268)	(365, 268)	(365, 285)	(310, 285)
image	x		(381, 268)	(394, 268)	(394, 284)	(381, 284)
image	1,7		(411, 268)	(454, 268)	(454, 284)	(411, 284)
image	černohnědá		(310, 313)	(451, 312)	(451, 334)	(310, 335)
image	,		(455, 312)	(461, 312)	(461, 333)	(455, 333)
image	písčito		(482, 312)	(583, 311)	(583, 332)	(482, 333)
image	-		(587, 311)	(596, 311)	(596, 332)	(587, 332)
image	hlinitá		(599, 311)	(699, 310)	(699, 331)	(599, 332)
image	A		(308, 412)	(327, 412)	(327, 426)	(308, 426)
image	A		(309, 507)	(328, 507)	(328, 521)	(309, 521)
image	k		(309, 363)	(324, 363)	(324, 384)	(309, 384)
image	.		(328, 362)	(335, 362)	(335, 383)	(328, 383)
image	slezskoplatěnická		(353, 361)	(597, 357)	(597, 379)	(353, 383)
image	,		(601, 358)	(607, 358)	(607, 379)	(601, 379)
image	lineární		(628, 357)	(742, 355)	(742, 377)	(628, 379)
image	""""		(428, 122)	(436, 122)	(436, 143)	(428, 143)
image	Na		(440, 122)	(470, 122)	(470, 143)	(440, 143)
image	Požárce		(484, 122)	(585, 122)	(585, 143)	(484, 143)
image	""""		(588, 122)	(595, 122)	(595, 143)	(588, 143)
image	,		(603, 122)	(609, 122)	(609, 143)	(603, 143)
image	výzkum		(628, 122)	(717, 122)	(717, 143)	(628, 143)
image	1997		(730, 122)	(789, 122)	(789, 143)	(730, 143)
image	koflík		(310, 646)	(397, 647)	(397, 664)	(310, 663)
image	238		(310, 577)	(354, 577)	(354, 592)	(310, 592)
image	242		(397, 576)	(438, 575)	(438, 592)	(397, 593)
image	,		(442, 575)	(450, 575)	(450, 591)	(442, 591)
image	244		(469, 574)	(510, 573)	(510, 590)	(469, 591)
image	116		(333, 933)	(374, 933)	(374, 949)	(333, 949)
image	OBĚDOVICE		(144, 883)	(398, 882)	(398, 903)	(144, 904)
image	""""		(451, 882)	(460, 882)	(460, 902)	(451, 902)
image	Na		(462, 881)	(491, 881)	(491, 901)	(462, 901)
image	Požárce		(507, 880)	(607, 879)	(607, 900)	(507, 901)
image	""""		(610, 880)	(618, 880)	(618, 900)	(610, 900)
image	,		(624, 879)	(630, 879)	(630, 899)	(624, 899)
image	výzkum		(651, 879)	(740, 878)	(740, 899)	(651, 900)
image	1997		(753, 878)	(811, 877)	(811, 897)	(753, 898)
image	302		(333, 981)	(375, 981)	(375, 997)	(333, 997)
image	Přesah		(528, 218)	(613, 218)	(613, 234)	(528, 234)
image	do		(629, 218)	(658, 218)	(658, 234)	(629, 234)
image	:		(662, 218)	(670, 218)	(670, 234)	(662, 234)
image	Mazanice		(483, 408)	(600, 407)	(600, 424)	(483, 425)
image	:		(603, 408)	(611, 408)	(611, 424)	(603, 424)
image	ŠI		(515, 451)	(544, 451)	(544, 472)	(515, 472)
image	:		(546, 451)	(555, 451)	(555, 472)	(546, 472)
image	Uhlíky		(486, 502)	(574, 503)	(574, 521)	(486, 520)
image	:		(576, 504)	(584, 504)	(584, 521)	(576, 521)
image	m		(541, 271)	(558, 271)	(558, 282)	(541, 282)
image	k		(333, 1124)	(348, 1124)	(348, 1145)	(333, 1145)
image	.		(353, 1123)	(359, 1123)	(359, 1144)	(353, 1144)
image	vypíchaná		(377, 1122)	(507, 1119)	(507, 1141)	(377, 1144)
image	A		(333, 1174)	(352, 1174)	(352, 1189)	(333, 1189)
image	250		(337, 1340)	(378, 1339)	(378, 1358)	(338, 1359)
image	,		(383, 1339)	(389, 1339)	(389, 1357)	(383, 1357)
image	251		(410, 1338)	(451, 1337)	(451, 1356)	(411, 1357)
image	,		(455, 1337)	(461, 1337)	(461, 1355)	(455, 1355)
image	257		(482, 1336)	(526, 1335)	(526, 1354)	(483, 1355)
image	247		(557, 575)	(599, 574)	(599, 592)	(557, 593)
image	,		(601, 574)	(609, 574)	(609, 591)	(601, 591)
image	356		(628, 573)	(671, 572)	(671, 590)	(628, 591)
image	A		(670, 408)	(690, 408)	(690, 422)	(670, 422)
image	A		(671, 504)	(690, 504)	(690, 518)	(671, 518)
image	m		(565, 1030)	(581, 1030)	(581, 1041)	(565, 1041)
image	Mazanice		(509, 1168)	(628, 1168)	(628, 1185)	(509, 1185)
image	:		(630, 1168)	(638, 1168)	(638, 1185)	(630, 1185)
image	ŠI		(541, 1212)	(570, 1212)	(570, 1234)	(541, 1234)
image	:		(573, 1212)	(582, 1212)	(582, 1234)	(573, 1234)
image	Uhlíky		(512, 1264)	(601, 1265)	(601, 1287)	(512, 1286)
image	:		(603, 1265)	(611, 1265)	(611, 1286)	(603, 1286)
image	Přesah		(552, 976)	(637, 975)	(637, 993)	(552, 994)
image	do		(654, 976)	(680, 976)	(680, 993)	(654, 993)
image	:		(685, 975)	(692, 975)	(692, 992)	(685, 992)
image	303		(709, 975)	(751, 975)	(751, 992)	(709, 992)
image	260		(571, 1337)	(611, 1337)	(611, 1353)	(571, 1353)
image	Tabulka		(745, 168)	(843, 167)	(843, 184)	(745, 185)
image	:		(849, 168)	(856, 168)	(856, 184)	(849, 184)
image	3		(902, 169)	(917, 169)	(917, 184)	(902, 184)
image	Hloubka		(745, 264)	(846, 264)	(846, 282)	(745, 282)
image	:		(851, 264)	(858, 264)	(858, 282)	(851, 282)
image	0,16		(875, 264)	(931, 264)	(931, 282)	(875, 282)
image	3,08		(333, 1029)	(389, 1028)	(389, 1046)	(333, 1047)
image	x		(404, 1028)	(418, 1028)	(418, 1045)	(404, 1045)
image	2,22		(435, 1027)	(493, 1026)	(493, 1044)	(435, 1045)
image	černohnědá		(333, 1073)	(477, 1071)	(477, 1095)	(333, 1097)
image	,		(481, 1071)	(487, 1071)	(487, 1094)	(481, 1094)
image	promísená		(507, 1071)	(637, 1069)	(637, 1092)	(507, 1094)
image	,		(642, 1069)	(647, 1069)	(647, 1092)	(642, 1092)
image	hlinito		(668, 1068)	(768, 1067)	(768, 1091)	(668, 1092)
image	-		(771, 1067)	(780, 1067)	(780, 1090)	(771, 1090)
image	písčitá		(782, 1067)	(883, 1066)	(883, 1090)	(782, 1091)
image	A		(697, 1168)	(716, 1168)	(716, 1182)	(697, 1182)
image	A		(698, 1263)	(717, 1263)	(717, 1278)	(698, 1278)
image	Kov		(846, 408)	(891, 408)	(891, 422)	(846, 422)
image	:		(893, 408)	(901, 408)	(901, 422)	(893, 422)
image	Kameny		(848, 454)	(934, 455)	(934, 473)	(848, 472)
image	:		(937, 456)	(944, 456)	(944, 473)	(937, 473)
image	Jiné		(848, 500)	(904, 500)	(904, 516)	(848, 516)
image	:		(908, 500)	(915, 500)	(915, 516)	(908, 516)
image	Tabulka		(769, 926)	(868, 926)	(868, 942)	(769, 942)
image	:		(872, 926)	(880, 926)	(880, 941)	(872, 941)
image	3		(927, 926)	(941, 926)	(941, 941)	(927, 941)
image	Hloubka		(770, 1020)	(871, 1020)	(871, 1038)	(770, 1038)
image	:		(875, 1020)	(882, 1020)	(882, 1038)	(875, 1038)
image	0,24		(900, 1020)	(956, 1020)	(956, 1038)	(900, 1038)
image	Kov		(873, 1165)	(917, 1165)	(917, 1179)	(873, 1179)
image	:		(920, 1165)	(928, 1165)	(928, 1179)	(920, 1179)
image	Kameny		(873, 1213)	(961, 1213)	(961, 1231)	(873, 1231)
image	:		(964, 1213)	(972, 1213)	(972, 1231)	(964, 1231)
image	Jiné		(874, 1259)	(930, 1259)	(930, 1275)	(874, 1275)
image	:		(935, 1259)	(942, 1259)	(942, 1274)	(935, 1274)
image	m		(1032, 267)	(1050, 267)	(1050, 278)	(1032, 278)
image	A		(1032, 453)	(1053, 453)	(1053, 468)	(1032, 468)
image	m		(1059, 1022)	(1074, 1022)	(1074, 1033)	(1059, 1033)
image	A		(1060, 1211)	(1078, 1211)	(1078, 1225)	(1060, 1225)
