IMAGE_NAME	DESCRIPTION	LANGUAGE	BBOX_1	BBOX_2	BBOX_3	BBOX_4
image	"Tab. 11
40
21
č. neg.
51 121
Sonda 2b (1974). Část jižní podezdívky budovy orientované
V-Z a část vyzděného kanálku v interiéru budovy. Stav po
sejmutí vrstvy 10. století. Pohled od SV. Foto J. Justova.
22
č. neg.
51 122
Sonda 2a-2c (1974). Jižní podezdívka budovy orientované V-Z
a zbytky jejích destrukčních sutí. Vzadu vnitřní příkop a
kontrolní blok se sutí vnitřní hradební zdi. Pohled od VJV.
Foto J. Justová."	cs	(171, 53)	(1087, 53)	(1087, 1536)	(171, 1536)
image	Tab		(991, 56)	(1039, 55)	(1040, 78)	(992, 79)
image	.		(1041, 55)	(1046, 55)	(1047, 77)	(1042, 77)
image	11		(1056, 54)	(1086, 53)	(1087, 76)	(1057, 77)
image	40		(341, 1139)	(524, 995)	(553, 1031)	(370, 1176)
image	21		(954, 565)	(984, 565)	(984, 582)	(954, 582)
image	č		(925, 597)	(940, 598)	(939, 619)	(924, 618)
image	.		(943, 598)	(953, 599)	(952, 620)	(942, 619)
image	neg		(969, 599)	(1015, 602)	(1014, 623)	(968, 620)
image	.		(1017, 602)	(1024, 602)	(1023, 623)	(1016, 623)
image	51		(925, 622)	(956, 622)	(956, 645)	(925, 645)
image	121		(969, 622)	(1014, 622)	(1014, 644)	(969, 644)
image	Sonda		(173, 682)	(249, 682)	(249, 708)	(173, 708)
image	2b		(262, 682)	(291, 682)	(291, 708)	(262, 708)
image	(		(307, 682)	(318, 682)	(318, 708)	(307, 708)
image	1974		(321, 682)	(378, 682)	(378, 708)	(321, 708)
image	)		(382, 682)	(392, 682)	(392, 708)	(382, 708)
image	.		(399, 682)	(405, 682)	(405, 708)	(399, 708)
image	Část		(424, 682)	(483, 682)	(483, 708)	(424, 708)
image	jižní		(501, 682)	(571, 682)	(571, 708)	(501, 708)
image	podezdívky		(586, 682)	(736, 682)	(736, 708)	(586, 708)
image	budovy		(749, 682)	(839, 682)	(839, 708)	(749, 708)
image	orientované		(854, 682)	(1014, 682)	(1014, 708)	(854, 708)
image	V		(171, 707)	(188, 707)	(188, 733)	(171, 733)
image	-		(188, 707)	(202, 707)	(202, 733)	(188, 733)
image	Z		(203, 707)	(217, 707)	(217, 733)	(203, 733)
image	a		(234, 707)	(248, 707)	(248, 733)	(234, 733)
image	část		(262, 707)	(320, 707)	(320, 733)	(262, 733)
image	vyzděného		(335, 707)	(467, 707)	(467, 733)	(335, 733)
image	kanálku		(483, 707)	(588, 707)	(588, 733)	(483, 733)
image	v		(601, 707)	(615, 707)	(615, 733)	(601, 733)
image	interiéru		(632, 707)	(765, 707)	(765, 733)	(632, 733)
image	budovy		(779, 707)	(867, 707)	(867, 733)	(779, 733)
image	.		(868, 707)	(878, 707)	(878, 733)	(868, 733)
image	Stav		(896, 707)	(954, 707)	(954, 733)	(896, 733)
image	po		(971, 707)	(999, 707)	(999, 733)	(971, 733)
image	sejmutí		(175, 733)	(275, 732)	(275, 757)	(175, 758)
image	vrstvy		(290, 733)	(379, 733)	(379, 757)	(290, 757)
image	10.		(395, 732)	(434, 732)	(434, 756)	(395, 756)
image	století		(455, 732)	(555, 731)	(555, 755)	(455, 756)
image	.		(560, 732)	(566, 732)	(566, 756)	(560, 756)
image	Pohled		(586, 731)	(675, 731)	(675, 755)	(586, 755)
image	od		(693, 731)	(718, 731)	(718, 755)	(693, 755)
image	SV		(736, 731)	(762, 731)	(762, 755)	(736, 755)
image	.		(768, 731)	(774, 731)	(774, 755)	(768, 755)
image	Foto		(798, 730)	(850, 730)	(850, 754)	(798, 754)
image	J.		(861, 730)	(883, 730)	(883, 754)	(861, 754)
image	Justova		(888, 729)	(997, 728)	(997, 753)	(888, 754)
image	.		(994, 729)	(1003, 729)	(1003, 753)	(994, 753)
image	22		(962, 1254)	(992, 1254)	(992, 1271)	(962, 1271)
image	č		(918, 1289)	(932, 1290)	(931, 1308)	(917, 1307)
image	.		(937, 1290)	(947, 1291)	(946, 1308)	(936, 1308)
image	neg		(962, 1290)	(1007, 1292)	(1006, 1311)	(961, 1309)
image	.		(1009, 1293)	(1018, 1293)	(1017, 1311)	(1008, 1311)
image	51		(918, 1316)	(949, 1316)	(949, 1335)	(918, 1335)
image	122		(963, 1316)	(1005, 1316)	(1005, 1334)	(963, 1334)
image	Sonda		(177, 1445)	(252, 1445)	(252, 1470)	(177, 1470)
image	2a		(265, 1445)	(296, 1445)	(296, 1469)	(265, 1469)
image	-		(295, 1445)	(309, 1445)	(309, 1469)	(295, 1469)
image	2c		(309, 1445)	(337, 1445)	(337, 1469)	(309, 1469)
image	(		(356, 1445)	(365, 1445)	(365, 1469)	(356, 1469)
image	1974		(368, 1444)	(424, 1444)	(424, 1469)	(368, 1469)
image	)		(430, 1444)	(439, 1444)	(439, 1468)	(430, 1468)
image	.		(448, 1444)	(453, 1444)	(453, 1468)	(448, 1468)
image	Jižní		(473, 1444)	(545, 1444)	(545, 1468)	(473, 1468)
image	podezdívka		(560, 1443)	(709, 1442)	(709, 1467)	(560, 1468)
image	budovy		(724, 1443)	(812, 1443)	(812, 1467)	(724, 1467)
image	orientované		(828, 1442)	(987, 1441)	(987, 1466)	(828, 1467)
image	V		(1001, 1442)	(1019, 1442)	(1019, 1466)	(1001, 1466)
image	-		(1018, 1442)	(1033, 1442)	(1033, 1466)	(1018, 1466)
image	Z		(1032, 1441)	(1047, 1441)	(1047, 1465)	(1032, 1465)
image	a		(178, 1470)	(193, 1470)	(193, 1494)	(178, 1494)
image	zbytky		(207, 1469)	(296, 1469)	(296, 1493)	(207, 1493)
image	jejích		(311, 1469)	(398, 1469)	(398, 1493)	(311, 1493)
image	destrukčních		(415, 1468)	(590, 1467)	(590, 1492)	(415, 1493)
image	sutí		(606, 1468)	(663, 1468)	(663, 1492)	(606, 1492)
image	.		(668, 1468)	(675, 1468)	(675, 1492)	(668, 1492)
image	Vzadu		(693, 1467)	(768, 1467)	(768, 1491)	(693, 1491)
image	vnitřní		(782, 1467)	(884, 1467)	(884, 1491)	(782, 1491)
image	příkop		(901, 1466)	(988, 1466)	(988, 1491)	(901, 1491)
image	a		(1004, 1466)	(1021, 1466)	(1021, 1490)	(1004, 1490)
image	kontrolní		(177, 1491)	(310, 1491)	(310, 1513)	(177, 1513)
image	blok		(325, 1491)	(385, 1491)	(385, 1513)	(325, 1513)
image	se		(402, 1491)	(427, 1491)	(427, 1513)	(402, 1513)
image	sutí		(447, 1491)	(503, 1491)	(503, 1513)	(447, 1513)
image	vnitřní		(517, 1491)	(620, 1491)	(620, 1513)	(517, 1513)
image	hradební		(636, 1491)	(754, 1491)	(754, 1513)	(636, 1513)
image	zdi		(771, 1491)	(811, 1491)	(811, 1513)	(771, 1513)
image	.		(817, 1491)	(824, 1491)	(824, 1513)	(817, 1513)
image	Pohled		(842, 1491)	(932, 1491)	(932, 1513)	(842, 1513)
image	od		(948, 1491)	(977, 1491)	(977, 1513)	(948, 1513)
image	VJV		(990, 1491)	(1036, 1491)	(1036, 1513)	(990, 1513)
image	.		(1037, 1491)	(1048, 1491)	(1048, 1513)	(1037, 1513)
image	Foto		(183, 1517)	(236, 1516)	(236, 1535)	(183, 1536)
image	J.		(249, 1517)	(270, 1517)	(270, 1535)	(249, 1535)
image	Justová		(274, 1516)	(382, 1515)	(382, 1534)	(274, 1535)
image	.		(382, 1515)	(389, 1515)	(389, 1533)	(382, 1533)
