IMAGE_NAME	DESCRIPTION	LANGUAGE	BBOX_1	BBOX_2	BBOX_3	BBOX_4
image	"53
B=hrd ve svestee = 191 46 Adrie
-primo vysky
1.94
30
0
767
25.9.74
190 32
107
! obyč. miveloce!
JAAMA
0 18
206
V₁, 192'24
84.0
19146
+ 0.42
191.88
50 47
MAN
FLYTTE
C46
9-5? ???
GENTE
10.06
1798
0726
86
01
R$468
******
ARRILA
9.88
1:18
9.52
9.58
85 b.
(29.b.
It's
·003
2
55h
Libice 74
Gouda 2
Souda 2a + 26: 2. fáze
Couda 2c
1. fare
24.7.
9(82)
87.5
9.44
0
2)</
9.42
xe
ht-b
25.be
05064
02
S
2
rtid
řez 7
rez 9
řez 1
řez 4
řez 2
řez 5
9721"	und	(9, 15)	(2237, 15)	(2237, 1673)	(9, 1673)
image	53		(9, 612)	(43, 593)	(55, 615)	(21, 634)
image	B		(80, 53)	(111, 53)	(111, 88)	(80, 88)
image	=		(128, 53)	(153, 53)	(153, 88)	(128, 88)
image	hrd		(155, 53)	(217, 53)	(217, 88)	(155, 88)
image	ve		(237, 53)	(279, 53)	(279, 88)	(237, 88)
image	svestee		(292, 53)	(406, 53)	(406, 89)	(292, 89)
image	=		(422, 54)	(442, 54)	(442, 89)	(422, 89)
image	191		(480, 54)	(537, 54)	(537, 89)	(480, 89)
image	46		(548, 54)	(599, 54)	(599, 89)	(548, 89)
image	Adrie		(610, 54)	(702, 54)	(702, 90)	(610, 90)
image	-primo		(60, 503)	(176, 509)	(173, 572)	(57, 566)
image	vysky		(190, 510)	(264, 514)	(261, 577)	(187, 573)
image	1.94		(38, 668)	(88, 657)	(91, 673)	(41, 684)
image	30		(69, 683)	(92, 679)	(94, 693)	(71, 697)
image	0		(46, 696)	(59, 694)	(60, 704)	(47, 706)
image	767		(41, 876)	(86, 877)	(86, 896)	(41, 895)
image	25.9.74		(87, 378)	(201, 378)	(201, 398)	(87, 398)
image	190		(97, 925)	(64, 924)	(65, 907)	(98, 908)
image	32		(46, 923)	(23, 922)	(24, 905)	(47, 906)
image	107		(45, 1649)	(71, 1629)	(80, 1641)	(54, 1661)
image	!		(163, 221)	(180, 221)	(179, 268)	(162, 268)
image	obyč		(185, 221)	(243, 222)	(242, 269)	(184, 268)
image	.		(240, 222)	(251, 222)	(250, 269)	(239, 269)
image	miveloce		(260, 222)	(368, 224)	(367, 272)	(259, 270)
image	!		(378, 224)	(394, 224)	(393, 271)	(377, 271)
image	JAAMA		(95, 1421)	(30, 1421)	(30, 1408)	(95, 1408)
image	0		(315, 1097)	(324, 1097)	(324, 1110)	(315, 1110)
image	18		(334, 1097)	(354, 1097)	(354, 1110)	(334, 1110)
image	206		(317, 1117)	(356, 1117)	(356, 1130)	(317, 1130)
image	V₁		(406, 152)	(440, 152)	(440, 191)	(406, 191)
image	,		(432, 152)	(442, 152)	(442, 190)	(432, 190)
image	192'24		(475, 152)	(604, 151)	(604, 190)	(475, 191)
image	84.0		(600, 132)	(521, 134)	(521, 112)	(600, 110)
image	19146		(436, 391)	(527, 395)	(526, 420)	(435, 416)
image	+		(396, 432)	(422, 432)	(422, 447)	(396, 447)
image	0.42		(466, 428)	(534, 430)	(533, 456)	(465, 454)
image	191.88		(419, 482)	(533, 484)	(533, 513)	(419, 511)
image	50		(439, 1364)	(411, 1364)	(411, 1351)	(439, 1351)
image	47		(391, 1364)	(364, 1364)	(364, 1351)	(391, 1351)
image	MAN		(424, 1508)	(363, 1597)	(345, 1584)	(406, 1496)
image	FLYTTE		(443, 1502)	(540, 1517)	(537, 1534)	(440, 1519)
image	C46		(707, 610)	(653, 610)	(653, 596)	(707, 596)
image	9-5		(766, 704)	(735, 704)	(735, 680)	(766, 680)
image	?		(738, 704)	(724, 704)	(724, 680)	(738, 680)
image	???		(709, 704)	(643, 705)	(643, 681)	(709, 680)
image	GENTE		(604, 1078)	(651, 1078)	(651, 1089)	(604, 1089)
image	10.06		(658, 1107)	(608, 1108)	(608, 1094)	(658, 1093)
image	1798		(671, 1138)	(620, 1140)	(619, 1123)	(670, 1121)
image	0726		(669, 1156)	(622, 1160)	(621, 1146)	(668, 1142)
image	86		(672, 890)	(694, 887)	(696, 902)	(674, 906)
image	01		(621, 1526)	(675, 1531)	(671, 1570)	(617, 1565)
image	R		(720, 885)	(731, 893)	(717, 912)	(706, 903)
image	$		(728, 891)	(736, 897)	(722, 915)	(714, 909)
image	468		(735, 896)	(761, 916)	(748, 934)	(721, 914)
image	******		(581, 1621)	(664, 1658)	(659, 1670)	(575, 1634)
image	ARRILA		(692, 1654)	(536, 1590)	(560, 1532)	(716, 1596)
image	9.88		(773, 1458)	(725, 1459)	(725, 1438)	(773, 1437)
image	1:18		(761, 1671)	(724, 1670)	(724, 1653)	(761, 1654)
image	9.52		(837, 830)	(778, 828)	(779, 810)	(838, 812)
image	9.58		(826, 941)	(786, 940)	(787, 919)	(827, 920)
image	85		(770, 1386)	(798, 1386)	(798, 1407)	(770, 1407)
image	b		(808, 1386)	(824, 1386)	(824, 1407)	(808, 1407)
image	.		(822, 1386)	(830, 1386)	(830, 1407)	(822, 1407)
image	(		(762, 1536)	(774, 1531)	(780, 1545)	(768, 1550)
image	29.b.		(775, 1529)	(820, 1510)	(826, 1524)	(781, 1544)
image	It's		(888, 1655)	(932, 1653)	(933, 1671)	(889, 1673)
image	·		(1110, 1159)	(1100, 1159)	(1101, 1143)	(1111, 1143)
image	003		(1101, 1159)	(1063, 1157)	(1064, 1141)	(1102, 1143)
image	2		(1141, 15)	(1159, 15)	(1159, 40)	(1141, 40)
image	55h		(1113, 665)	(1158, 663)	(1159, 681)	(1114, 683)
image	Libice		(1169, 184)	(1241, 182)	(1242, 213)	(1170, 215)
image	74		(1264, 182)	(1300, 181)	(1301, 211)	(1265, 212)
image	Gouda		(1170, 241)	(1260, 241)	(1260, 269)	(1170, 269)
image	2		(1287, 241)	(1308, 241)	(1308, 269)	(1287, 269)
image	Souda		(1173, 289)	(1258, 290)	(1258, 328)	(1173, 327)
image	2a		(1273, 291)	(1309, 291)	(1309, 328)	(1273, 328)
image	+		(1315, 291)	(1326, 291)	(1326, 328)	(1315, 328)
image	26		(1342, 291)	(1376, 291)	(1376, 329)	(1342, 329)
image	:		(1390, 292)	(1400, 292)	(1400, 329)	(1390, 329)
image	2.		(1422, 292)	(1445, 292)	(1445, 329)	(1422, 329)
image	fáze		(1457, 293)	(1518, 294)	(1518, 331)	(1457, 330)
image	Couda		(1168, 349)	(1255, 351)	(1254, 381)	(1167, 379)
image	2c		(1278, 351)	(1315, 352)	(1314, 382)	(1277, 381)
image	1.		(1378, 346)	(1404, 347)	(1403, 388)	(1377, 387)
image	fare		(1417, 346)	(1486, 347)	(1485, 389)	(1416, 388)
image	24.7		(1171, 412)	(1232, 412)	(1232, 436)	(1171, 436)
image	.		(1231, 412)	(1240, 412)	(1240, 436)	(1231, 436)
image	9		(1215, 782)	(1199, 783)	(1198, 753)	(1214, 752)
image	(		(1203, 782)	(1190, 783)	(1189, 753)	(1202, 752)
image	82		(1190, 783)	(1163, 784)	(1162, 754)	(1189, 753)
image	)		(1162, 784)	(1146, 785)	(1145, 755)	(1161, 754)
image	87.5		(1115, 1644)	(1153, 1644)	(1153, 1662)	(1115, 1662)
image	9.44		(1272, 1415)	(1226, 1418)	(1225, 1401)	(1271, 1398)
image	0		(1347, 693)	(1324, 692)	(1326, 664)	(1349, 665)
image	2		(1292, 1193)	(1313, 1193)	(1313, 1217)	(1292, 1217)
image	)		(1305, 1193)	(1324, 1193)	(1324, 1217)	(1305, 1217)
image	<		(1329, 1193)	(1348, 1193)	(1348, 1217)	(1329, 1217)
image	/		(1357, 1193)	(1373, 1193)	(1373, 1217)	(1357, 1217)
image	9.42		(1352, 1317)	(1306, 1312)	(1309, 1291)	(1354, 1296)
image	xe		(1409, 904)	(1436, 900)	(1438, 916)	(1411, 920)
image	ht		(1635, 629)	(1659, 620)	(1667, 642)	(1643, 651)
image	-		(1656, 622)	(1664, 619)	(1671, 640)	(1664, 643)
image	b		(1662, 619)	(1672, 615)	(1680, 636)	(1670, 640)
image	25.be		(1606, 1014)	(1665, 998)	(1671, 1022)	(1613, 1038)
image	05064		(1684, 678)	(1721, 646)	(1735, 661)	(1698, 694)
image	02		(1862, 161)	(1861, 199)	(1836, 198)	(1837, 160)
image	S		(1836, 166)	(1861, 165)	(1862, 194)	(1837, 195)
image	2		(1872, 210)	(1874, 228)	(1858, 229)	(1856, 211)
image	rtid		(2012, 213)	(2056, 215)	(2055, 235)	(2011, 233)
image	řez		(2012, 315)	(2012, 275)	(2032, 275)	(2032, 315)
image	7		(2012, 267)	(2012, 253)	(2031, 253)	(2031, 267)
image	rez		(2058, 268)	(2058, 300)	(2042, 300)	(2042, 268)
image	9		(2058, 307)	(2058, 320)	(2042, 320)	(2042, 307)
image	řez		(2057, 515)	(2054, 553)	(2035, 552)	(2037, 514)
image	1		(2053, 561)	(2052, 572)	(2033, 571)	(2034, 560)
image	řez		(2084, 354)	(2124, 355)	(2124, 375)	(2084, 374)
image	4		(2129, 354)	(2146, 354)	(2146, 374)	(2129, 374)
image	řez		(2109, 567)	(2108, 533)	(2125, 533)	(2126, 567)
image	2		(2109, 523)	(2109, 508)	(2125, 508)	(2125, 523)
image	řez		(2237, 430)	(2237, 468)	(2221, 468)	(2221, 430)
image	5		(2237, 473)	(2237, 486)	(2221, 486)	(2221, 473)
image	9721		(2170, 583)	(2222, 583)	(2222, 599)	(2170, 599)
