IMAGE_NAME	DESCRIPTION	LANGUAGE	BBOX_1	BBOX_2	BBOX_3	BBOX_4
image	"T
1
(2
Чилид
IC
3
33
||
OPEN
1
50
V
IV
IV
1
libice 24
Souda 2
Souda 2a + 2b 2. fare
Sonda 2c 1. fare.
1
24.7.
हुई
IV
сл
S
řez 4
17
LV221
12Z 3
řez 1
7. 7.0.1
za
řez 5
vrstricke velice jieune hnavošedé
мейму
• Met pinlispeen foručené pece
(do otaurova ar cervica
salma' maz.)
plemento (maramicové, na
fourchen seharui, spa'l do cervena)
(4) huava luidonda blina,
pon sena' nowy we hali
""'do teruma palie
ориву"	und	(44, 158)	(2306, 158)	(2306, 1671)	(44, 1671)
image	T		(46, 1431)	(74, 1433)	(72, 1461)	(44, 1459)
image	1		(65, 1510)	(84, 1510)	(84, 1534)	(65, 1534)
image	(		(219, 1215)	(237, 1214)	(238, 1245)	(220, 1246)
image	2		(230, 1214)	(253, 1213)	(254, 1244)	(231, 1245)
image	Чилид		(427, 1494)	(331, 1671)	(300, 1654)	(396, 1477)
image	IC		(385, 1583)	(415, 1583)	(415, 1610)	(385, 1610)
image	3		(488, 1383)	(511, 1384)	(510, 1411)	(487, 1410)
image	33		(478, 1433)	(514, 1436)	(512, 1463)	(476, 1460)
image	||		(460, 1608)	(480, 1609)	(479, 1636)	(459, 1635)
image	OPEN		(514, 1591)	(535, 1598)	(531, 1609)	(510, 1602)
image	1		(614, 971)	(636, 971)	(637, 1006)	(615, 1006)
image	50		(767, 1302)	(769, 1317)	(745, 1321)	(742, 1306)
image	V		(728, 1493)	(756, 1493)	(756, 1521)	(728, 1521)
image	IV		(767, 1390)	(800, 1389)	(801, 1416)	(768, 1417)
image	IV		(804, 1638)	(830, 1638)	(830, 1659)	(804, 1659)
image	1		(1121, 1374)	(1139, 1371)	(1143, 1393)	(1125, 1397)
image	libice		(1170, 172)	(1254, 172)	(1254, 209)	(1170, 209)
image	24		(1287, 172)	(1312, 172)	(1312, 209)	(1287, 209)
image	Souda		(1173, 229)	(1263, 231)	(1262, 262)	(1172, 260)
image	2		(1284, 232)	(1310, 233)	(1309, 262)	(1283, 262)
image	Souda		(1170, 282)	(1252, 284)	(1251, 324)	(1169, 322)
image	2a		(1275, 285)	(1315, 286)	(1314, 325)	(1274, 324)
image	+		(1324, 286)	(1341, 286)	(1340, 325)	(1323, 325)
image	2b		(1356, 286)	(1395, 287)	(1394, 327)	(1355, 326)
image	2.		(1456, 288)	(1485, 289)	(1484, 328)	(1455, 327)
image	fare		(1482, 288)	(1549, 289)	(1548, 329)	(1481, 328)
image	Sonda		(1171, 339)	(1249, 340)	(1249, 376)	(1171, 375)
image	2c		(1275, 341)	(1325, 342)	(1325, 377)	(1275, 376)
image	1.		(1383, 342)	(1409, 342)	(1409, 377)	(1383, 377)
image	fare		(1424, 342)	(1497, 343)	(1497, 379)	(1424, 378)
image	.		(1481, 343)	(1504, 343)	(1504, 378)	(1481, 378)
image	1		(1338, 358)	(1345, 358)	(1345, 370)	(1338, 370)
image	24.7		(1177, 411)	(1231, 411)	(1231, 431)	(1177, 431)
image	.		(1230, 411)	(1238, 411)	(1238, 431)	(1230, 431)
image	हुई		(1373, 1514)	(1421, 1517)	(1418, 1576)	(1370, 1573)
image	IV		(1524, 1638)	(1550, 1638)	(1550, 1659)	(1524, 1659)
image	сл		(1878, 158)	(1878, 196)	(1856, 196)	(1856, 158)
image	S		(1856, 165)	(1880, 164)	(1881, 194)	(1857, 195)
image	řez		(2099, 350)	(2137, 351)	(2137, 368)	(2099, 367)
image	4		(2143, 352)	(2159, 352)	(2159, 368)	(2143, 368)
image	17		(1825, 362)	(2238, 353)	(2243, 578)	(1830, 587)
image	LV221		(1863, 463)	(1863, 533)	(1844, 533)	(1844, 463)
image	12Z		(2013, 457)	(2013, 422)	(2028, 422)	(2028, 457)
image	3		(2013, 417)	(2013, 404)	(2027, 404)	(2027, 417)
image	řez		(2058, 504)	(2058, 539)	(2042, 539)	(2042, 504)
image	1		(2057, 545)	(2057, 555)	(2042, 555)	(2042, 545)
image	7.		(2124, 501)	(2124, 516)	(2110, 516)	(2110, 501)
image	7.0.1		(2123, 523)	(2123, 554)	(2110, 554)	(2110, 523)
image	za		(2172, 584)	(2197, 584)	(2197, 598)	(2172, 598)
image	řez		(2244, 435)	(2244, 469)	(2228, 469)	(2228, 435)
image	5		(2244, 477)	(2244, 491)	(2228, 491)	(2228, 477)
image	vrstricke		(1854, 751)	(1965, 752)	(1965, 788)	(1854, 787)
image	velice		(1981, 752)	(2049, 753)	(2049, 789)	(1981, 788)
image	jieune		(2063, 753)	(2151, 754)	(2151, 790)	(2063, 789)
image	hnavošedé		(2165, 755)	(2301, 756)	(2301, 791)	(2165, 790)
image	мейму		(1855, 777)	(1934, 778)	(1933, 830)	(1854, 829)
image	•		(1789, 854)	(1817, 855)	(1816, 890)	(1788, 889)
image	Met		(1854, 855)	(1918, 857)	(1917, 893)	(1853, 891)
image	pinlispeen		(1927, 857)	(2052, 860)	(2051, 896)	(1926, 893)
image	foručené		(2075, 861)	(2178, 864)	(2177, 900)	(2074, 897)
image	pece		(2193, 864)	(2251, 866)	(2250, 902)	(2192, 900)
image	(		(1852, 890)	(1869, 891)	(1868, 916)	(1851, 915)
image	do		(1876, 890)	(1906, 891)	(1905, 916)	(1875, 915)
image	otaurova		(1919, 892)	(2034, 896)	(2033, 921)	(1918, 917)
image	ar		(2041, 896)	(2070, 897)	(2069, 923)	(2040, 922)
image	cervica		(2091, 898)	(2190, 901)	(2189, 926)	(2090, 923)
image	salma		(1857, 919)	(1957, 921)	(1956, 952)	(1856, 950)
image	'		(1951, 921)	(1965, 921)	(1964, 951)	(1950, 951)
image	maz		(1978, 921)	(2033, 922)	(2032, 953)	(1977, 952)
image	.		(2033, 923)	(2046, 923)	(2045, 953)	(2032, 953)
image	)		(2044, 923)	(2060, 923)	(2059, 953)	(2043, 953)
image	plemento		(1850, 972)	(1958, 974)	(1957, 1002)	(1849, 1000)
image	(		(1972, 975)	(1992, 975)	(1991, 1002)	(1971, 1002)
image	maramicové		(1998, 975)	(2152, 978)	(2151, 1006)	(1997, 1003)
image	,		(2157, 979)	(2169, 979)	(2168, 1006)	(2156, 1006)
image	na		(2184, 979)	(2220, 980)	(2219, 1007)	(2183, 1006)
image	fourchen		(1852, 1007)	(1943, 1008)	(1943, 1042)	(1852, 1041)
image	seharui		(1955, 1008)	(2066, 1009)	(2066, 1043)	(1955, 1042)
image	,		(2064, 1009)	(2079, 1009)	(2079, 1042)	(2064, 1042)
image	spa'l		(2087, 1009)	(2144, 1009)	(2144, 1043)	(2087, 1043)
image	do		(2157, 1010)	(2188, 1010)	(2188, 1043)	(2157, 1043)
image	cervena		(2209, 1010)	(2299, 1011)	(2299, 1045)	(2209, 1044)
image	)		(2290, 1011)	(2306, 1011)	(2306, 1044)	(2290, 1044)
image	(		(1785, 1087)	(1805, 1087)	(1805, 1114)	(1785, 1114)
image	4		(1794, 1087)	(1813, 1087)	(1813, 1114)	(1794, 1114)
image	)		(1796, 1087)	(1817, 1087)	(1817, 1114)	(1796, 1114)
image	huava		(1846, 1087)	(1916, 1088)	(1916, 1116)	(1846, 1115)
image	luidonda		(1934, 1089)	(2083, 1092)	(2083, 1119)	(1934, 1116)
image	blina		(2101, 1092)	(2180, 1093)	(2180, 1120)	(2101, 1119)
image	,		(2182, 1093)	(2193, 1093)	(2193, 1120)	(2182, 1120)
image	pon		(1843, 1126)	(1893, 1126)	(1893, 1159)	(1843, 1159)
image	sena		(1910, 1126)	(1964, 1126)	(1964, 1159)	(1910, 1159)
image	'		(1959, 1126)	(1973, 1126)	(1973, 1159)	(1959, 1159)
image	nowy		(1977, 1126)	(2054, 1126)	(2054, 1159)	(1977, 1159)
image	we		(2071, 1126)	(2116, 1126)	(2116, 1159)	(2071, 1159)
image	hali		(2120, 1126)	(2180, 1126)	(2180, 1159)	(2120, 1159)
image	""""		(1842, 1149)	(1861, 1149)	(1861, 1184)	(1842, 1184)
image	'		(1844, 1149)	(1859, 1149)	(1859, 1184)	(1844, 1184)
image	do		(1849, 1149)	(1881, 1149)	(1881, 1184)	(1849, 1184)
image	teruma		(1896, 1149)	(1981, 1150)	(1981, 1186)	(1896, 1185)
image	palie		(2002, 1150)	(2088, 1151)	(2088, 1187)	(2002, 1186)
image	ориву		(2109, 1150)	(2176, 1153)	(2174, 1206)	(2107, 1203)
