IMAGE_NAME	DESCRIPTION	LANGUAGE	BBOX_1	BBOX_2	BBOX_3	BBOX_4
image	"1011111
SEKID
2
Obr. 32
la
č.neg.AÚ
81 997
lb
č.neg.AU
81 996
č.neg.AU
81 990
Sonda 2c-2d (1974). Keramika libické provenience z rozhraní střední
a mladší doby hradištní. la,b - sonda 2d, vrstva 3 (103/74): na vnitř-
ním povrchu ústí jsou 2 žlábky; 2- sonda 2c, vrstva 3 (141/74).
Foto: V. Jilková."	cs	(109, 28)	(1158, 28)	(1158, 1592)	(109, 1592)
image	1011111		(511, 1083)	(806, 1075)	(807, 1127)	(512, 1135)
image	SEKID		(657, 1172)	(607, 1228)	(592, 1214)	(642, 1159)
image	2		(982, 1400)	(998, 1400)	(998, 1416)	(982, 1416)
image	Obr		(1009, 28)	(1050, 30)	(1049, 49)	(1008, 47)
image	.		(1055, 31)	(1065, 31)	(1064, 49)	(1054, 49)
image	32		(1082, 32)	(1114, 33)	(1113, 51)	(1081, 50)
image	la		(1034, 295)	(1065, 295)	(1065, 312)	(1034, 312)
image	č.neg.AÚ		(1031, 324)	(1148, 323)	(1148, 351)	(1031, 352)
image	81		(1033, 353)	(1060, 354)	(1060, 372)	(1033, 371)
image	997		(1075, 353)	(1119, 354)	(1118, 373)	(1074, 372)
image	lb		(1031, 642)	(1062, 642)	(1062, 660)	(1031, 660)
image	č.neg.AU		(1029, 674)	(1145, 673)	(1145, 698)	(1029, 699)
image	81		(1029, 703)	(1055, 703)	(1055, 721)	(1029, 721)
image	996		(1071, 703)	(1114, 703)	(1114, 721)	(1071, 721)
image	č.neg.AU		(981, 1430)	(1099, 1429)	(1099, 1456)	(981, 1457)
image	81		(983, 1458)	(1010, 1458)	(1010, 1478)	(983, 1478)
image	990		(1025, 1458)	(1073, 1459)	(1073, 1479)	(1025, 1478)
image	Sonda		(109, 1489)	(185, 1490)	(185, 1516)	(109, 1515)
image	2c		(200, 1489)	(229, 1489)	(229, 1515)	(200, 1515)
image	-		(230, 1489)	(243, 1489)	(243, 1515)	(230, 1515)
image	2d		(245, 1489)	(274, 1489)	(274, 1516)	(245, 1516)
image	(		(292, 1490)	(300, 1490)	(300, 1516)	(292, 1516)
image	1974		(304, 1490)	(360, 1490)	(360, 1516)	(304, 1516)
image	)		(366, 1490)	(374, 1490)	(374, 1516)	(366, 1516)
image	.		(380, 1490)	(387, 1490)	(387, 1516)	(380, 1516)
image	Keramika		(405, 1490)	(524, 1491)	(524, 1518)	(405, 1517)
image	libické		(541, 1491)	(642, 1492)	(642, 1519)	(541, 1518)
image	provenience		(659, 1492)	(818, 1493)	(818, 1520)	(659, 1519)
image	z		(836, 1494)	(847, 1494)	(847, 1520)	(836, 1520)
image	rozhraní		(863, 1494)	(981, 1495)	(981, 1521)	(863, 1520)
image	střední		(1000, 1495)	(1099, 1496)	(1099, 1522)	(1000, 1521)
image	a		(112, 1514)	(127, 1514)	(127, 1540)	(112, 1540)
image	mladší		(140, 1513)	(228, 1514)	(228, 1541)	(140, 1540)
image	doby		(244, 1515)	(302, 1515)	(302, 1541)	(244, 1541)
image	hradištní		(318, 1515)	(452, 1516)	(452, 1543)	(318, 1542)
image	.		(454, 1516)	(462, 1516)	(462, 1542)	(454, 1542)
image	la		(496, 1516)	(526, 1516)	(526, 1543)	(496, 1543)
image	,		(529, 1517)	(536, 1517)	(536, 1543)	(529, 1543)
image	b		(541, 1517)	(555, 1517)	(555, 1543)	(541, 1543)
image	-		(570, 1517)	(584, 1517)	(584, 1543)	(570, 1543)
image	sonda		(600, 1517)	(672, 1518)	(672, 1545)	(600, 1544)
image	2d		(687, 1518)	(716, 1518)	(716, 1544)	(687, 1544)
image	,		(721, 1518)	(727, 1518)	(727, 1544)	(721, 1544)
image	vrstva		(746, 1518)	(835, 1519)	(835, 1546)	(746, 1545)
image	3		(851, 1519)	(864, 1519)	(864, 1545)	(851, 1545)
image	(		(883, 1519)	(891, 1519)	(891, 1545)	(883, 1545)
image	103/74		(894, 1519)	(980, 1520)	(980, 1547)	(894, 1546)
image	)		(985, 1520)	(995, 1520)	(995, 1546)	(985, 1546)
image	:		(1001, 1520)	(1009, 1520)	(1009, 1546)	(1001, 1546)
image	na		(1027, 1521)	(1057, 1521)	(1057, 1547)	(1027, 1547)
image	vnitř		(1071, 1521)	(1143, 1522)	(1143, 1548)	(1071, 1547)
image	ním		(110, 1539)	(156, 1539)	(156, 1562)	(110, 1562)
image	povrchu		(171, 1539)	(274, 1540)	(274, 1564)	(171, 1563)
image	ústí		(288, 1540)	(344, 1541)	(344, 1565)	(288, 1564)
image	jsou		(365, 1541)	(421, 1542)	(421, 1566)	(365, 1565)
image	2		(436, 1542)	(449, 1542)	(449, 1565)	(436, 1565)
image	žlábky		(468, 1542)	(554, 1543)	(554, 1567)	(468, 1566)
image	;		(557, 1543)	(565, 1543)	(565, 1566)	(557, 1566)
image	2-		(598, 1543)	(644, 1543)	(644, 1566)	(598, 1566)
image	sonda		(658, 1543)	(733, 1543)	(733, 1566)	(658, 1566)
image	2c		(746, 1543)	(776, 1543)	(776, 1566)	(746, 1566)
image	,		(780, 1544)	(786, 1544)	(786, 1567)	(780, 1567)
image	vrstva		(806, 1544)	(893, 1545)	(893, 1568)	(806, 1567)
image	3		(910, 1544)	(923, 1544)	(923, 1567)	(910, 1567)
image	(		(941, 1545)	(950, 1545)	(950, 1568)	(941, 1568)
image	141/74		(953, 1545)	(1040, 1546)	(1040, 1569)	(953, 1568)
image	)		(1042, 1545)	(1054, 1545)	(1054, 1568)	(1042, 1568)
image	.		(1058, 1545)	(1068, 1545)	(1068, 1568)	(1058, 1568)
image	Foto		(113, 1565)	(161, 1565)	(161, 1588)	(113, 1588)
image	:		(169, 1565)	(178, 1565)	(178, 1587)	(169, 1587)
image	V.		(198, 1565)	(217, 1565)	(217, 1587)	(198, 1587)
image	Jilková		(225, 1564)	(324, 1563)	(324, 1586)	(225, 1587)
image	.		(327, 1564)	(337, 1564)	(337, 1586)	(327, 1586)
