IMAGE_NAME	DESCRIPTION	LANGUAGE	BBOX_1	BBOX_2	BBOX_3	BBOX_4
image	"Tab. 16
31
č. neg.
51 131
Sonda 2a-2d (1974). Pohled do sondy od SV. Uprostřed základ
jižní podezdívky budovy orientované V-Z, vzadu vnitř. příkop
a sut vnitř. hradební zdi. Vpředu JZ část sondy 2d s kůlovou jamkou 4.
Foto J. Justová.
32
č. neg.
51 132
Sonda 2a-2c (1974). Část jižní podezdívky budovy orientované V-Z,
v pozadí sokl s pecí č. V a sut vnitř. hradeb. zdi (ponechané
vlevo na soklu). Pohled od SV. Foto J.Justová."	cs	(156, 59)	(1118, 59)	(1118, 1483)	(156, 1483)
image	Tab		(1022, 60)	(1073, 60)	(1073, 84)	(1022, 84)
image	.		(1077, 60)	(1084, 60)	(1084, 83)	(1077, 83)
image	16		(1091, 60)	(1118, 60)	(1118, 83)	(1091, 83)
image	31		(974, 558)	(1003, 558)	(1003, 577)	(974, 577)
image	č		(929, 592)	(942, 593)	(941, 612)	(928, 611)
image	.		(947, 593)	(956, 594)	(955, 613)	(946, 612)
image	neg		(974, 595)	(1017, 598)	(1016, 617)	(973, 614)
image	.		(1020, 598)	(1028, 599)	(1027, 618)	(1019, 617)
image	51		(928, 618)	(960, 618)	(960, 637)	(928, 637)
image	131		(973, 618)	(1018, 618)	(1018, 637)	(973, 637)
image	Sonda		(160, 697)	(235, 697)	(235, 721)	(160, 721)
image	2a		(249, 697)	(278, 697)	(278, 721)	(249, 721)
image	-		(279, 697)	(293, 697)	(293, 721)	(279, 721)
image	2d		(294, 697)	(324, 697)	(324, 721)	(294, 721)
image	(		(338, 697)	(348, 697)	(348, 721)	(338, 721)
image	1974		(353, 697)	(407, 697)	(407, 722)	(353, 722)
image	)		(412, 698)	(421, 698)	(421, 722)	(412, 722)
image	.		(430, 698)	(436, 698)	(436, 722)	(430, 722)
image	Pohled		(455, 698)	(544, 698)	(544, 722)	(455, 722)
image	do		(560, 698)	(587, 698)	(587, 722)	(560, 722)
image	sondy		(606, 699)	(678, 699)	(678, 723)	(606, 723)
image	od		(695, 699)	(721, 699)	(721, 723)	(695, 723)
image	SV		(738, 699)	(767, 699)	(767, 723)	(738, 723)
image	.		(771, 699)	(777, 699)	(777, 723)	(771, 723)
image	Uprostřed		(794, 699)	(929, 700)	(929, 725)	(794, 724)
image	základ		(960, 700)	(1046, 700)	(1046, 724)	(960, 724)
image	jižní		(162, 720)	(234, 720)	(234, 746)	(162, 746)
image	podezdívky		(249, 719)	(397, 720)	(397, 747)	(249, 746)
image	budovy		(411, 721)	(501, 721)	(501, 747)	(411, 747)
image	orientované		(517, 720)	(677, 721)	(677, 748)	(517, 747)
image	V		(691, 722)	(708, 722)	(708, 748)	(691, 748)
image	-		(709, 722)	(722, 722)	(722, 748)	(709, 748)
image	Z		(722, 722)	(736, 722)	(736, 748)	(722, 748)
image	,		(741, 722)	(747, 722)	(747, 748)	(741, 748)
image	vzadu		(766, 722)	(840, 722)	(840, 748)	(766, 748)
image	vnitř		(854, 722)	(929, 722)	(929, 749)	(854, 749)
image	.		(932, 723)	(940, 723)	(940, 749)	(932, 749)
image	příkop		(957, 723)	(1045, 723)	(1045, 749)	(957, 749)
image	a		(161, 745)	(176, 745)	(176, 771)	(161, 771)
image	sut		(191, 745)	(234, 745)	(234, 771)	(191, 771)
image	vnitř		(249, 745)	(323, 745)	(323, 771)	(249, 771)
image	.		(328, 745)	(334, 745)	(334, 771)	(328, 771)
image	hradební		(353, 745)	(469, 745)	(469, 771)	(353, 771)
image	zdi		(488, 745)	(528, 745)	(528, 771)	(488, 771)
image	.		(533, 745)	(542, 745)	(542, 771)	(533, 771)
image	Vpředu		(558, 745)	(634, 745)	(634, 771)	(558, 771)
image	JZ		(652, 745)	(676, 745)	(676, 771)	(652, 771)
image	část		(684, 745)	(731, 745)	(731, 771)	(684, 771)
image	sondy		(743, 745)	(808, 745)	(808, 771)	(743, 771)
image	2d		(821, 745)	(850, 745)	(850, 771)	(821, 771)
image	s		(867, 745)	(876, 745)	(876, 771)	(867, 771)
image	kůlovou		(890, 745)	(974, 745)	(974, 771)	(890, 771)
image	jamkou		(988, 745)	(1067, 745)	(1067, 771)	(988, 771)
image	4		(1082, 745)	(1096, 745)	(1096, 771)	(1082, 771)
image	.		(1094, 745)	(1101, 745)	(1101, 771)	(1094, 771)
image	Foto		(920, 769)	(968, 769)	(968, 790)	(920, 790)
image	J.		(977, 769)	(997, 769)	(997, 790)	(977, 790)
image	Justová		(1003, 769)	(1096, 769)	(1096, 790)	(1003, 790)
image	.		(1095, 769)	(1103, 769)	(1103, 790)	(1095, 790)
image	32		(972, 1221)	(1001, 1221)	(1001, 1240)	(972, 1240)
image	č		(928, 1256)	(941, 1257)	(940, 1276)	(927, 1275)
image	.		(946, 1257)	(955, 1258)	(954, 1277)	(945, 1276)
image	neg		(973, 1258)	(1016, 1261)	(1015, 1280)	(972, 1277)
image	.		(1019, 1261)	(1027, 1261)	(1026, 1280)	(1018, 1280)
image	51		(927, 1281)	(958, 1281)	(958, 1299)	(927, 1299)
image	132		(971, 1281)	(1015, 1281)	(1015, 1299)	(971, 1299)
image	Sonda		(158, 1408)	(234, 1408)	(234, 1433)	(158, 1433)
image	2a		(247, 1408)	(278, 1408)	(278, 1433)	(247, 1433)
image	-		(276, 1408)	(290, 1408)	(290, 1433)	(276, 1433)
image	2c		(292, 1408)	(320, 1408)	(320, 1433)	(292, 1433)
image	(		(337, 1408)	(348, 1408)	(348, 1433)	(337, 1433)
image	1974		(352, 1408)	(408, 1408)	(408, 1434)	(352, 1434)
image	)		(411, 1409)	(421, 1409)	(421, 1434)	(411, 1434)
image	.		(429, 1409)	(435, 1409)	(435, 1434)	(429, 1434)
image	Část		(454, 1409)	(513, 1409)	(513, 1434)	(454, 1434)
image	jižní		(531, 1409)	(602, 1409)	(602, 1434)	(531, 1434)
image	podezdívky		(617, 1409)	(766, 1410)	(766, 1436)	(617, 1435)
image	budovy		(781, 1410)	(869, 1410)	(869, 1435)	(781, 1435)
image	orientované		(884, 1410)	(1043, 1411)	(1043, 1437)	(884, 1436)
image	V		(1058, 1411)	(1074, 1411)	(1074, 1436)	(1058, 1436)
image	-		(1074, 1411)	(1087, 1411)	(1087, 1436)	(1074, 1436)
image	Z		(1087, 1411)	(1103, 1411)	(1103, 1436)	(1087, 1436)
image	,		(1106, 1412)	(1115, 1412)	(1115, 1437)	(1106, 1437)
image	v		(156, 1432)	(172, 1432)	(172, 1457)	(156, 1457)
image	pozadí		(187, 1432)	(276, 1432)	(276, 1457)	(187, 1457)
image	sokl		(294, 1432)	(350, 1432)	(350, 1457)	(294, 1457)
image	s		(368, 1432)	(378, 1432)	(378, 1457)	(368, 1457)
image	pecí		(395, 1432)	(453, 1432)	(453, 1458)	(395, 1458)
image	č		(470, 1433)	(482, 1433)	(482, 1458)	(470, 1458)
image	.		(490, 1433)	(496, 1433)	(496, 1458)	(490, 1458)
image	V		(514, 1433)	(530, 1433)	(530, 1458)	(514, 1458)
image	a		(546, 1433)	(559, 1433)	(559, 1458)	(546, 1458)
image	sut		(575, 1433)	(616, 1433)	(616, 1458)	(575, 1458)
image	vnitř		(630, 1433)	(706, 1433)	(706, 1459)	(630, 1459)
image	.		(710, 1434)	(718, 1434)	(718, 1459)	(710, 1459)
image	hradeb		(736, 1434)	(823, 1434)	(823, 1459)	(736, 1459)
image	.		(829, 1434)	(835, 1434)	(835, 1459)	(829, 1459)
image	zdi		(855, 1434)	(895, 1434)	(895, 1459)	(855, 1459)
image	(		(913, 1434)	(923, 1434)	(923, 1459)	(913, 1459)
image	ponechané		(928, 1434)	(1058, 1434)	(1058, 1460)	(928, 1460)
image	vlevo		(186, 1459)	(260, 1459)	(260, 1477)	(186, 1477)
image	na		(307, 1458)	(336, 1458)	(336, 1481)	(307, 1481)
image	soklu		(352, 1458)	(424, 1458)	(424, 1480)	(352, 1480)
image	)		(427, 1458)	(436, 1458)	(436, 1480)	(427, 1480)
image	.		(444, 1458)	(450, 1458)	(450, 1480)	(444, 1480)
image	Pohled		(468, 1457)	(556, 1457)	(556, 1480)	(468, 1480)
image	od		(573, 1457)	(600, 1457)	(600, 1479)	(573, 1479)
image	SV		(616, 1457)	(645, 1457)	(645, 1479)	(616, 1479)
image	.		(649, 1457)	(656, 1457)	(656, 1479)	(649, 1479)
image	Foto		(681, 1456)	(732, 1456)	(732, 1479)	(681, 1479)
image	J.Justová		(747, 1456)	(870, 1455)	(870, 1478)	(747, 1479)
image	.		(868, 1456)	(876, 1456)	(876, 1478)	(868, 1478)
