IMAGE_NAME	DESCRIPTION	LANGUAGE	BBOX_1	BBOX_2	BBOX_3	BBOX_4
image	"OBĚDOVICE ""Na Požárce"", výzkum 1997
Objekt:
čtverec:
Rozměry:
Výplň:
Datace:
Keramika:
BN/drtidla:
Zv.kosti:
č. sáčků:
Objekt:
čtverec:
Rozměry:
Výplň:
Datace:
Keramika:
BN/drtidla:
Zv.kosti:
095
č. sáčků:
257
Poznámka:
2,65 x 2,32
černošedá, písčitohlinitá
Přesah do: 269
A
k. slezskoplatěnická, lineární
m
OBĚDOVICE ""Na Požárce"", výzkum 1997
029, 030, 045, 050, 051, 059, 060, 131
148 - 150, 160
162
Poznámka: vyčleněn objekt 095A, ve výplni LnK příměs
Mazanice:
ŠI:
Uhlíky:
121
A
A
096
258
0,74 x 0,56
černošedá, písčito-hlinitá
k. popelnicových polí
A
m
Přesah do:
Mazanice:
ŠI:
Uhlíky:
Tabulka: 5
Hloubka: 0,4
Kov:
Kameny:
Jiné:
134,
Tabulka: 1
Hloubka: 0,06
Kov:
Kameny:
Jiné:
m
A
m"	cs	(119, 119)	(1072, 119)	(1072, 1429)	(119, 1429)
image	OBĚDOVICE		(123, 119)	(380, 122)	(380, 143)	(123, 140)
image	""""		(431, 123)	(438, 123)	(438, 143)	(431, 143)
image	Na		(442, 123)	(472, 123)	(472, 143)	(442, 143)
image	Požárce		(487, 123)	(588, 123)	(588, 143)	(487, 143)
image	""""		(591, 123)	(599, 123)	(599, 143)	(591, 143)
image	,		(605, 123)	(611, 123)	(611, 143)	(605, 143)
image	výzkum		(631, 123)	(719, 123)	(719, 144)	(631, 144)
image	1997		(733, 124)	(792, 124)	(792, 144)	(733, 144)
image	Objekt		(122, 172)	(213, 172)	(213, 192)	(122, 192)
image	:		(215, 172)	(224, 172)	(224, 192)	(215, 192)
image	čtverec		(121, 216)	(226, 217)	(226, 237)	(121, 236)
image	:		(229, 216)	(238, 216)	(238, 236)	(229, 236)
image	Rozměry		(119, 268)	(229, 268)	(229, 287)	(119, 287)
image	:		(229, 268)	(238, 268)	(238, 287)	(229, 287)
image	Výplň		(120, 315)	(197, 315)	(197, 335)	(120, 335)
image	:		(199, 315)	(208, 315)	(208, 335)	(199, 335)
image	Datace		(119, 365)	(210, 365)	(210, 379)	(119, 379)
image	:		(214, 365)	(222, 365)	(222, 379)	(214, 379)
image	Keramika		(120, 410)	(238, 411)	(238, 428)	(120, 427)
image	:		(243, 411)	(252, 411)	(252, 427)	(243, 427)
image	BN		(121, 459)	(152, 459)	(152, 476)	(121, 476)
image	/		(152, 459)	(166, 459)	(166, 476)	(152, 476)
image	drtidla		(166, 459)	(267, 459)	(267, 476)	(166, 476)
image	:		(272, 459)	(279, 459)	(279, 476)	(272, 476)
image	Zv.kosti		(120, 507)	(237, 506)	(237, 521)	(120, 522)
image	:		(241, 506)	(249, 506)	(249, 520)	(241, 520)
image	č		(120, 574)	(135, 574)	(135, 592)	(120, 592)
image	.		(139, 574)	(145, 574)	(145, 592)	(139, 592)
image	sáčků		(150, 573)	(222, 574)	(222, 593)	(150, 592)
image	:		(228, 574)	(235, 574)	(235, 592)	(228, 592)
image	Objekt		(142, 936)	(230, 935)	(230, 956)	(142, 957)
image	:		(234, 936)	(242, 936)	(242, 956)	(234, 956)
image	čtverec		(142, 980)	(244, 979)	(244, 999)	(142, 1000)
image	:		(248, 980)	(256, 980)	(256, 999)	(248, 999)
image	Rozměry		(142, 1029)	(249, 1030)	(249, 1052)	(142, 1051)
image	:		(250, 1030)	(259, 1030)	(259, 1051)	(250, 1051)
image	Výplň		(143, 1077)	(218, 1076)	(218, 1097)	(143, 1098)
image	:		(220, 1077)	(229, 1077)	(229, 1097)	(220, 1097)
image	Datace		(144, 1127)	(231, 1126)	(231, 1141)	(144, 1142)
image	:		(235, 1127)	(242, 1127)	(242, 1141)	(235, 1141)
image	Keramika		(145, 1173)	(260, 1173)	(260, 1189)	(145, 1189)
image	:		(265, 1173)	(273, 1173)	(273, 1188)	(265, 1188)
image	BN		(147, 1219)	(177, 1219)	(177, 1239)	(147, 1239)
image	/		(178, 1219)	(190, 1219)	(190, 1238)	(178, 1238)
image	drtidla		(191, 1219)	(292, 1218)	(292, 1237)	(191, 1238)
image	:		(295, 1218)	(303, 1218)	(303, 1237)	(295, 1237)
image	Zv.kosti		(148, 1270)	(263, 1268)	(263, 1284)	(148, 1286)
image	:		(267, 1268)	(273, 1268)	(273, 1283)	(267, 1283)
image	095		(313, 173)	(355, 173)	(355, 189)	(313, 189)
image	č		(148, 1339)	(164, 1339)	(164, 1359)	(148, 1359)
image	.		(168, 1339)	(175, 1339)	(175, 1359)	(168, 1359)
image	sáčků		(179, 1339)	(250, 1339)	(250, 1359)	(179, 1359)
image	:		(254, 1339)	(262, 1339)	(262, 1359)	(254, 1359)
image	257		(312, 220)	(356, 221)	(356, 237)	(312, 236)
image	Poznámka		(150, 1413)	(265, 1413)	(265, 1429)	(150, 1429)
image	:		(269, 1413)	(276, 1413)	(276, 1429)	(269, 1429)
image	2,65		(311, 269)	(369, 269)	(369, 285)	(311, 285)
image	x		(384, 269)	(397, 269)	(397, 285)	(384, 285)
image	2,32		(413, 269)	(471, 269)	(471, 285)	(413, 285)
image	černošedá		(311, 315)	(440, 315)	(440, 336)	(311, 336)
image	,		(444, 315)	(450, 315)	(450, 336)	(444, 336)
image	písčitohlinitá		(470, 315)	(672, 315)	(672, 336)	(470, 336)
image	Přesah		(530, 220)	(615, 220)	(615, 236)	(530, 236)
image	do		(631, 220)	(660, 220)	(660, 236)	(631, 236)
image	:		(664, 220)	(671, 220)	(671, 236)	(664, 236)
image	269		(688, 220)	(731, 220)	(731, 236)	(688, 236)
image	A		(309, 413)	(327, 413)	(327, 427)	(309, 427)
image	k		(310, 363)	(325, 363)	(325, 385)	(310, 385)
image	.		(330, 362)	(336, 362)	(336, 384)	(330, 384)
image	slezskoplatěnická		(355, 362)	(598, 360)	(598, 383)	(355, 385)
image	,		(603, 360)	(608, 360)	(608, 382)	(603, 382)
image	lineární		(629, 360)	(742, 359)	(742, 382)	(629, 383)
image	m		(542, 272)	(559, 272)	(559, 283)	(542, 283)
image	OBĚDOVICE		(142, 884)	(397, 882)	(397, 903)	(142, 905)
image	""""		(449, 882)	(457, 882)	(457, 903)	(449, 903)
image	Na		(460, 881)	(490, 881)	(490, 902)	(460, 902)
image	Požárce		(505, 880)	(605, 879)	(605, 901)	(505, 902)
image	""""		(608, 879)	(617, 879)	(617, 900)	(608, 900)
image	,		(623, 879)	(629, 879)	(629, 900)	(623, 900)
image	výzkum		(650, 878)	(736, 877)	(736, 899)	(650, 900)
image	1997		(751, 877)	(810, 876)	(810, 897)	(751, 898)
image	029		(310, 578)	(351, 578)	(351, 595)	(310, 595)
image	,		(355, 578)	(362, 578)	(362, 595)	(355, 595)
image	030		(382, 578)	(423, 578)	(423, 595)	(382, 595)
image	,		(428, 578)	(434, 578)	(434, 595)	(428, 595)
image	045		(455, 578)	(495, 578)	(495, 595)	(455, 595)
image	,		(501, 578)	(506, 578)	(506, 595)	(501, 595)
image	050		(528, 578)	(569, 578)	(569, 595)	(528, 595)
image	,		(574, 578)	(579, 578)	(579, 595)	(574, 595)
image	051		(600, 578)	(640, 578)	(640, 595)	(600, 595)
image	,		(646, 578)	(651, 578)	(651, 595)	(646, 595)
image	059		(673, 578)	(714, 578)	(714, 595)	(673, 595)
image	,		(719, 578)	(724, 578)	(724, 595)	(719, 595)
image	060		(745, 578)	(786, 578)	(786, 595)	(745, 595)
image	,		(790, 578)	(796, 578)	(796, 595)	(790, 595)
image	131		(817, 578)	(859, 578)	(859, 595)	(817, 595)
image	148		(310, 603)	(350, 604)	(350, 616)	(310, 615)
image	-		(367, 603)	(378, 603)	(378, 615)	(367, 615)
image	150		(397, 601)	(436, 600)	(436, 618)	(397, 619)
image	,		(441, 601)	(447, 601)	(447, 618)	(441, 618)
image	160		(468, 600)	(509, 599)	(509, 616)	(468, 617)
image	162		(556, 602)	(597, 602)	(597, 617)	(556, 617)
image	Poznámka		(119, 649)	(236, 648)	(236, 663)	(119, 664)
image	:		(240, 649)	(248, 649)	(248, 663)	(240, 663)
image	vyčleněn		(308, 648)	(424, 648)	(424, 670)	(308, 670)
image	objekt		(439, 648)	(524, 648)	(524, 670)	(439, 670)
image	095A		(542, 648)	(598, 648)	(598, 670)	(542, 670)
image	,		(601, 648)	(607, 648)	(607, 670)	(601, 670)
image	ve		(628, 648)	(655, 648)	(655, 670)	(628, 670)
image	výplni		(671, 648)	(756, 648)	(756, 670)	(671, 670)
image	LnK		(774, 648)	(816, 648)	(816, 670)	(774, 670)
image	příměs		(830, 648)	(915, 648)	(915, 670)	(830, 670)
image	Mazanice		(483, 411)	(601, 411)	(601, 427)	(483, 427)
image	:		(604, 411)	(612, 411)	(612, 427)	(604, 427)
image	ŠI		(518, 452)	(544, 456)	(541, 477)	(515, 474)
image	:		(548, 457)	(557, 458)	(554, 479)	(545, 478)
image	Uhlíky		(484, 505)	(573, 506)	(573, 527)	(484, 526)
image	:		(575, 506)	(584, 506)	(584, 526)	(575, 526)
image	121		(337, 1339)	(378, 1338)	(378, 1354)	(337, 1355)
image	A		(670, 413)	(691, 413)	(691, 428)	(670, 428)
image	A		(671, 507)	(689, 507)	(689, 522)	(671, 522)
image	096		(332, 933)	(373, 933)	(373, 949)	(332, 949)
image	258		(331, 981)	(374, 981)	(374, 997)	(331, 997)
image	0,74		(333, 1027)	(387, 1026)	(387, 1044)	(333, 1045)
image	x		(404, 1027)	(417, 1027)	(417, 1044)	(404, 1044)
image	0,56		(434, 1026)	(490, 1025)	(490, 1043)	(434, 1044)
image	černošedá		(333, 1074)	(461, 1072)	(461, 1093)	(333, 1095)
image	,		(465, 1072)	(471, 1072)	(471, 1092)	(465, 1092)
image	písčito		(491, 1071)	(591, 1069)	(591, 1090)	(491, 1092)
image	-		(595, 1070)	(604, 1070)	(604, 1090)	(595, 1090)
image	hlinitá		(607, 1069)	(710, 1067)	(710, 1088)	(607, 1090)
image	k		(332, 1123)	(346, 1123)	(346, 1144)	(332, 1144)
image	.		(351, 1122)	(358, 1122)	(358, 1143)	(351, 1143)
image	popelnicových		(375, 1121)	(563, 1118)	(563, 1140)	(375, 1143)
image	polí		(579, 1118)	(636, 1117)	(636, 1139)	(579, 1140)
image	A		(332, 1172)	(351, 1172)	(351, 1187)	(332, 1187)
image	m		(563, 1029)	(581, 1029)	(581, 1040)	(563, 1040)
image	Přesah		(550, 975)	(636, 974)	(636, 992)	(550, 993)
image	do		(652, 975)	(680, 975)	(680, 992)	(652, 992)
image	:		(683, 975)	(691, 975)	(691, 992)	(683, 992)
image	Mazanice		(508, 1167)	(624, 1166)	(624, 1182)	(508, 1183)
image	:		(627, 1166)	(635, 1166)	(635, 1181)	(627, 1181)
image	ŠI		(543, 1206)	(571, 1211)	(566, 1235)	(539, 1230)
image	:		(574, 1212)	(584, 1214)	(580, 1236)	(570, 1235)
image	Uhlíky		(511, 1262)	(600, 1263)	(600, 1283)	(511, 1282)
image	:		(601, 1263)	(610, 1263)	(610, 1282)	(601, 1282)
image	Tabulka		(747, 171)	(848, 172)	(848, 188)	(747, 187)
image	:		(853, 172)	(860, 172)	(860, 187)	(853, 187)
image	5		(904, 174)	(920, 174)	(920, 189)	(904, 189)
image	Hloubka		(747, 267)	(848, 268)	(848, 285)	(747, 284)
image	:		(852, 269)	(859, 269)	(859, 285)	(852, 285)
image	0,4		(875, 269)	(917, 269)	(917, 285)	(875, 285)
image	Kov		(846, 412)	(890, 411)	(890, 428)	(846, 429)
image	:		(893, 412)	(901, 412)	(901, 428)	(893, 428)
image	Kameny		(847, 460)	(935, 461)	(935, 479)	(847, 478)
image	:		(936, 462)	(945, 462)	(945, 479)	(936, 479)
image	Jiné		(847, 505)	(902, 504)	(902, 521)	(847, 522)
image	:		(906, 504)	(914, 504)	(914, 520)	(906, 520)
image	134		(903, 577)	(945, 579)	(944, 595)	(902, 593)
image	,		(949, 579)	(957, 579)	(956, 594)	(948, 594)
image	Tabulka		(767, 925)	(867, 925)	(867, 941)	(767, 941)
image	:		(873, 925)	(880, 925)	(880, 941)	(873, 941)
image	1		(926, 924)	(940, 924)	(940, 939)	(926, 939)
image	Hloubka		(769, 1018)	(868, 1017)	(868, 1036)	(769, 1037)
image	:		(873, 1018)	(880, 1018)	(880, 1036)	(873, 1036)
image	0,06		(898, 1017)	(952, 1017)	(952, 1036)	(898, 1036)
image	Kov		(871, 1163)	(917, 1163)	(917, 1177)	(871, 1177)
image	:		(919, 1163)	(927, 1163)	(927, 1177)	(919, 1177)
image	Kameny		(872, 1211)	(961, 1211)	(961, 1228)	(872, 1228)
image	:		(963, 1211)	(971, 1211)	(971, 1228)	(963, 1228)
image	Jiné		(875, 1255)	(930, 1255)	(930, 1272)	(875, 1272)
image	:		(936, 1255)	(944, 1255)	(944, 1272)	(936, 1272)
image	m		(1034, 272)	(1051, 272)	(1051, 283)	(1034, 283)
image	A		(1031, 460)	(1052, 460)	(1052, 474)	(1031, 474)
image	m		(1058, 1021)	(1072, 1021)	(1072, 1031)	(1058, 1031)
