IMAGE_NAME	DESCRIPTION	LANGUAGE	BBOX_1	BBOX_2	BBOX_3	BBOX_4
image	"1. GEOMORFOLOGICKÝ POPIS
2. PODLOŽÍ A PŮDNÍ POKRYV
Obsah
3. HISTORIE NALEZIŠTĚ
4. OKOLNOSTI A CÍL VÝZKUMU
5. METODA VÝZKUMU
6. ZAMĚŘENÍ
7. POPIS TERÉNNÍ SITUACE .....
2d
Sezóna 1974: sondy 2a
Ornice (drn)
nka 1
Kůlová jamka 2
Kůlová jamka 3
Objekt VIII
Kůlová jamka 4
Objekt VIIIa
....
I
...
GUP
Destrukce vnitřní hradební zdi (DVHZ)
DVHZ/ vrstva 2 / vrstva 3.....
DVHZ/ vrstva 3..
Vrstva 3 (z 10. století)
Objekt III
Objekt IV...
Objekt V
Objekt VI
Objekt VII
Ornice (drn) + vrstva 2 (přemyslovská)
Vrstva 2 (přemyslovská)
Vrstva 2 (přemyslovská) / vrstva 3 (10.století).. 13
Objekt I
Objekt II
... 14
Kůlová
... 16
67/94
Pravděpodobný kněžský dům
Vnitřní příkop opevnění
Kůlová jamka 5
... 2
.... 4
6
8
8
57
8- 11
11
11
...
1
2
ܐܐ ...
..
...
... 37
8
52
- 13
14
3
17
19
20
21
... 23
24
... 25
27
28
28
34
34 - 37
38
40
41
3
Om
6
-
-
●
ON
4
5
8
38
.. 40
41
42
... 43 48
.....48
52
53
O
O
15
17
18
20
21
23
24
-
27
PI provedena (124)"	cs	(192, 35)	(1078, 35)	(1078, 1668)	(192, 1668)
image	1.		(195, 270)	(222, 270)	(222, 291)	(195, 291)
image	GEOMORFOLOGICKÝ		(242, 269)	(460, 270)	(460, 292)	(242, 291)
image	POPIS		(476, 271)	(548, 271)	(548, 293)	(476, 293)
image	2.		(194, 314)	(224, 314)	(224, 339)	(194, 339)
image	PODLOŽÍ		(241, 314)	(343, 315)	(343, 340)	(241, 339)
image	A		(356, 315)	(372, 315)	(372, 340)	(356, 340)
image	PŮDNÍ		(387, 315)	(459, 316)	(459, 342)	(387, 341)
image	POKRYV		(475, 316)	(563, 317)	(563, 343)	(475, 342)
image	Obsah		(492, 178)	(625, 179)	(625, 198)	(492, 197)
image	3.		(196, 367)	(221, 367)	(221, 392)	(196, 392)
image	HISTORIE		(238, 367)	(355, 366)	(355, 391)	(238, 392)
image	NALEZIŠTĚ		(369, 365)	(503, 363)	(503, 388)	(369, 390)
image	4.		(192, 412)	(222, 412)	(222, 439)	(192, 439)
image	OKOLNOSTI		(239, 412)	(368, 411)	(368, 438)	(239, 439)
image	A		(384, 411)	(398, 411)	(398, 437)	(384, 437)
image	CÍL		(415, 411)	(458, 411)	(458, 437)	(415, 437)
image	VÝZKUMU		(472, 410)	(577, 409)	(577, 436)	(472, 437)
image	5.		(192, 464)	(220, 463)	(220, 487)	(192, 488)
image	METODA		(237, 463)	(325, 461)	(325, 485)	(237, 487)
image	VÝZKUMU		(339, 461)	(443, 459)	(443, 483)	(339, 485)
image	6.		(193, 509)	(220, 509)	(220, 532)	(193, 532)
image	ZAMĚŘENÍ		(237, 509)	(353, 507)	(353, 529)	(237, 531)
image	7.		(194, 552)	(222, 553)	(221, 581)	(193, 580)
image	POPIS		(238, 552)	(310, 553)	(309, 582)	(237, 581)
image	TERÉNNÍ		(325, 554)	(426, 556)	(425, 584)	(324, 582)
image	SITUACE		(444, 556)	(547, 558)	(546, 587)	(443, 585)
image	.....		(564, 558)	(635, 559)	(634, 588)	(563, 587)
image	2d		(589, 612)	(619, 612)	(619, 629)	(589, 629)
image	Sezóna		(236, 603)	(327, 605)	(326, 629)	(235, 627)
image	1974		(340, 606)	(398, 608)	(397, 632)	(339, 630)
image	:		(403, 608)	(411, 608)	(410, 631)	(402, 631)
image	sondy		(429, 608)	(501, 610)	(500, 634)	(428, 632)
image	2a		(516, 611)	(547, 612)	(546, 635)	(515, 634)
image	Ornice		(237, 640)	(323, 641)	(323, 664)	(237, 663)
image	(		(343, 642)	(351, 642)	(351, 664)	(343, 664)
image	drn		(354, 642)	(398, 643)	(398, 666)	(354, 665)
image	)		(401, 643)	(412, 643)	(412, 665)	(401, 665)
image	nka		(374, 865)	(411, 865)	(411, 882)	(374, 882)
image	1		(424, 865)	(439, 865)	(439, 882)	(424, 882)
image	Kůlová		(233, 896)	(322, 898)	(322, 921)	(233, 919)
image	jamka		(340, 898)	(410, 899)	(410, 922)	(340, 921)
image	2		(425, 900)	(440, 900)	(440, 922)	(425, 922)
image	Kůlová		(234, 930)	(323, 933)	(322, 957)	(233, 954)
image	jamka		(340, 934)	(410, 936)	(409, 959)	(339, 957)
image	3		(425, 936)	(440, 936)	(439, 959)	(424, 959)
image	Objekt		(234, 972)	(319, 972)	(319, 993)	(234, 993)
image	VIII		(334, 972)	(393, 972)	(393, 992)	(334, 992)
image	Kůlová		(232, 1005)	(323, 1007)	(323, 1028)	(232, 1026)
image	jamka		(338, 1007)	(410, 1008)	(410, 1029)	(338, 1028)
image	4		(422, 1009)	(438, 1009)	(438, 1029)	(422, 1029)
image	Objekt		(233, 1045)	(320, 1045)	(320, 1064)	(233, 1064)
image	VIIIa		(335, 1045)	(410, 1045)	(410, 1064)	(335, 1064)
image	....		(522, 382)	(574, 384)	(574, 392)	(522, 390)
image	I		(596, 35)	(611, 35)	(611, 51)	(596, 51)
image	...		(393, 1381)	(429, 1381)	(429, 1387)	(393, 1387)
image	GUP		(561, 620)	(575, 620)	(575, 625)	(561, 625)
image	Destrukce		(232, 1076)	(362, 1077)	(362, 1101)	(232, 1100)
image	vnitřní		(379, 1077)	(481, 1078)	(481, 1102)	(379, 1101)
image	hradební		(498, 1078)	(613, 1079)	(613, 1103)	(498, 1102)
image	zdi		(631, 1080)	(671, 1080)	(671, 1103)	(631, 1103)
image	(		(691, 1081)	(699, 1081)	(699, 1104)	(691, 1104)
image	DVHZ		(704, 1081)	(762, 1082)	(762, 1105)	(704, 1104)
image	)		(765, 1081)	(775, 1081)	(775, 1104)	(765, 1104)
image	DVHZ		(231, 1112)	(291, 1113)	(291, 1134)	(231, 1133)
image	/		(305, 1114)	(321, 1114)	(321, 1134)	(305, 1134)
image	vrstva		(334, 1114)	(423, 1116)	(423, 1137)	(334, 1135)
image	2		(437, 1116)	(449, 1116)	(449, 1136)	(437, 1136)
image	/		(467, 1117)	(483, 1117)	(483, 1137)	(467, 1137)
image	vrstva		(496, 1117)	(586, 1119)	(586, 1140)	(496, 1138)
image	3		(601, 1119)	(616, 1119)	(616, 1139)	(601, 1139)
image	.....		(631, 1119)	(700, 1120)	(700, 1141)	(631, 1140)
image	DVHZ		(232, 1149)	(291, 1150)	(291, 1170)	(232, 1169)
image	/		(305, 1151)	(321, 1151)	(321, 1170)	(305, 1170)
image	vrstva		(334, 1151)	(423, 1153)	(423, 1173)	(334, 1171)
image	3		(439, 1154)	(453, 1154)	(453, 1173)	(439, 1173)
image	..		(470, 1155)	(493, 1156)	(493, 1175)	(470, 1174)
image	Vrstva		(231, 1186)	(320, 1187)	(320, 1208)	(231, 1207)
image	3		(335, 1186)	(349, 1186)	(349, 1207)	(335, 1207)
image	(		(366, 1186)	(377, 1186)	(377, 1207)	(366, 1207)
image	z		(380, 1186)	(392, 1186)	(392, 1207)	(380, 1207)
image	10.		(408, 1187)	(447, 1187)	(447, 1208)	(408, 1208)
image	století		(453, 1186)	(554, 1187)	(554, 1209)	(453, 1208)
image	)		(557, 1188)	(567, 1188)	(567, 1209)	(557, 1209)
image	Objekt		(232, 1224)	(317, 1223)	(317, 1244)	(232, 1245)
image	III		(332, 1223)	(375, 1223)	(375, 1243)	(332, 1243)
image	Objekt		(232, 1258)	(319, 1261)	(318, 1283)	(231, 1280)
image	IV		(334, 1262)	(361, 1263)	(360, 1284)	(333, 1283)
image	...		(379, 1263)	(422, 1264)	(421, 1286)	(378, 1285)
image	Objekt		(231, 1295)	(318, 1295)	(318, 1317)	(231, 1317)
image	V		(330, 1295)	(346, 1295)	(346, 1316)	(330, 1316)
image	Objekt		(230, 1332)	(316, 1331)	(316, 1353)	(230, 1354)
image	VI		(330, 1331)	(358, 1331)	(358, 1352)	(330, 1352)
image	Objekt		(230, 1367)	(315, 1367)	(315, 1388)	(230, 1388)
image	VII		(330, 1367)	(374, 1367)	(374, 1387)	(330, 1387)
image	Ornice		(237, 678)	(323, 679)	(323, 704)	(237, 703)
image	(		(342, 680)	(351, 680)	(351, 704)	(342, 704)
image	drn		(354, 680)	(398, 680)	(398, 704)	(354, 704)
image	)		(402, 680)	(410, 680)	(410, 704)	(402, 704)
image	+		(428, 680)	(441, 680)	(441, 704)	(428, 704)
image	vrstva		(457, 680)	(546, 681)	(546, 706)	(457, 705)
image	2		(561, 682)	(573, 682)	(573, 706)	(561, 706)
image	(		(593, 682)	(601, 682)	(601, 706)	(593, 706)
image	přemyslovská		(605, 682)	(781, 684)	(781, 709)	(605, 707)
image	)		(784, 684)	(794, 684)	(794, 708)	(784, 708)
image	Vrstva		(235, 713)	(324, 714)	(324, 739)	(235, 738)
image	2		(338, 715)	(351, 715)	(351, 739)	(338, 739)
image	(		(372, 715)	(381, 715)	(381, 739)	(372, 739)
image	přemyslovská		(383, 715)	(560, 717)	(560, 742)	(383, 740)
image	)		(562, 718)	(573, 718)	(573, 742)	(562, 742)
image	Vrstva		(234, 751)	(324, 752)	(324, 777)	(234, 776)
image	2		(338, 753)	(351, 753)	(351, 777)	(338, 777)
image	(		(369, 753)	(379, 753)	(379, 777)	(369, 777)
image	přemyslovská		(383, 753)	(560, 755)	(560, 779)	(383, 777)
image	)		(563, 755)	(571, 755)	(571, 779)	(563, 779)
image	/		(588, 755)	(603, 755)	(603, 779)	(588, 779)
image	vrstva		(618, 755)	(707, 756)	(707, 781)	(618, 780)
image	3		(722, 756)	(736, 756)	(736, 780)	(722, 780)
image	(		(753, 757)	(761, 757)	(761, 781)	(753, 781)
image	10.století		(765, 756)	(911, 757)	(911, 782)	(765, 781)
image	)		(914, 758)	(924, 758)	(924, 782)	(914, 782)
image	..		(929, 759)	(953, 759)	(953, 783)	(929, 783)
image	13		(969, 759)	(1002, 759)	(1002, 783)	(969, 783)
image	Objekt		(235, 791)	(323, 789)	(323, 811)	(235, 813)
image	I		(336, 790)	(350, 790)	(350, 811)	(336, 811)
image	Objekt		(234, 827)	(322, 826)	(322, 848)	(234, 849)
image	II		(336, 826)	(364, 826)	(364, 847)	(336, 847)
image	...		(913, 804)	(954, 800)	(956, 819)	(915, 823)
image	14		(968, 799)	(996, 796)	(998, 814)	(970, 817)
image	Kůlová		(233, 863)	(321, 863)	(321, 880)	(233, 880)
image	...		(916, 839)	(953, 836)	(955, 853)	(918, 857)
image	16		(968, 834)	(996, 831)	(997, 848)	(970, 851)
image	67/94		(941, 37)	(1051, 47)	(1046, 95)	(937, 85)
image	Pravděpodobný		(230, 1404)	(419, 1404)	(419, 1426)	(230, 1426)
image	kněžský		(435, 1404)	(536, 1404)	(536, 1426)	(435, 1426)
image	dům		(553, 1404)	(599, 1404)	(599, 1426)	(553, 1426)
image	Vnitřní		(229, 1437)	(331, 1439)	(331, 1462)	(229, 1460)
image	příkop		(346, 1439)	(434, 1440)	(434, 1463)	(346, 1462)
image	opevnění		(450, 1440)	(566, 1442)	(566, 1465)	(450, 1463)
image	Kůlová		(228, 1473)	(318, 1475)	(317, 1497)	(227, 1495)
image	jamka		(334, 1476)	(405, 1478)	(404, 1500)	(333, 1498)
image	5		(418, 1478)	(433, 1478)	(432, 1499)	(417, 1499)
image	...		(924, 378)	(961, 378)	(961, 395)	(924, 395)
image	2		(971, 378)	(989, 378)	(989, 395)	(971, 395)
image	....		(902, 429)	(958, 428)	(958, 445)	(902, 446)
image	4		(973, 428)	(987, 428)	(987, 444)	(973, 444)
image	6		(974, 473)	(987, 473)	(987, 491)	(974, 491)
image	8		(973, 522)	(991, 522)	(991, 540)	(973, 540)
image	8		(973, 570)	(990, 570)	(990, 587)	(973, 587)
image	57		(1030, 570)	(1061, 569)	(1061, 589)	(1030, 590)
image	8-		(973, 618)	(1016, 618)	(1016, 635)	(973, 635)
image	11		(1030, 618)	(1061, 618)	(1061, 635)	(1030, 635)
image	11		(971, 653)	(1001, 653)	(1001, 669)	(971, 669)
image	11		(971, 689)	(1001, 689)	(1001, 705)	(971, 705)
image	...		(918, 700)	(953, 700)	(953, 707)	(918, 707)
image	1		(975, 281)	(994, 281)	(994, 299)	(975, 299)
image	2		(975, 330)	(992, 330)	(992, 346)	(975, 346)
image	ܐܐ		(970, 727)	(998, 725)	(999, 743)	(972, 745)
image	...		(916, 731)	(952, 728)	(953, 747)	(918, 750)
image	..		(925, 1134)	(948, 1134)	(948, 1142)	(925, 1142)
image	...		(910, 1170)	(948, 1170)	(948, 1177)	(910, 1177)
image	...		(908, 1273)	(949, 1269)	(951, 1288)	(910, 1292)
image	37		(963, 1268)	(993, 1265)	(995, 1283)	(965, 1286)
image	8		(1004, 435)	(1019, 435)	(1019, 440)	(1004, 440)
image	52		(961, 1485)	(990, 1485)	(990, 1503)	(961, 1503)
image	-		(1014, 728)	(1034, 728)	(1034, 746)	(1014, 746)
image	13		(1044, 727)	(1075, 726)	(1075, 744)	(1044, 745)
image	14		(1045, 762)	(1073, 762)	(1073, 781)	(1045, 781)
image	3		(1015, 808)	(1027, 808)	(1027, 813)	(1015, 813)
image	17		(968, 871)	(999, 871)	(999, 891)	(968, 891)
image	19		(969, 907)	(998, 907)	(998, 926)	(969, 926)
image	20		(966, 943)	(1001, 943)	(1001, 960)	(966, 960)
image	21		(966, 979)	(998, 979)	(998, 995)	(966, 995)
image	...		(915, 1021)	(949, 1018)	(950, 1037)	(917, 1040)
image	23		(964, 1016)	(996, 1013)	(997, 1033)	(966, 1036)
image	24		(967, 1051)	(996, 1051)	(996, 1069)	(967, 1069)
image	...		(916, 1092)	(950, 1089)	(951, 1108)	(918, 1111)
image	25		(964, 1088)	(994, 1086)	(995, 1103)	(965, 1106)
image	27		(965, 1123)	(998, 1123)	(998, 1144)	(965, 1144)
image	28		(963, 1160)	(999, 1160)	(999, 1177)	(963, 1177)
image	28		(964, 1196)	(998, 1196)	(998, 1213)	(964, 1213)
image	34		(1042, 1196)	(1070, 1196)	(1070, 1215)	(1042, 1215)
image	34		(966, 1232)	(995, 1233)	(994, 1251)	(965, 1250)
image	-		(1009, 1234)	(1029, 1235)	(1028, 1252)	(1008, 1251)
image	37		(1041, 1233)	(1071, 1233)	(1071, 1253)	(1041, 1253)
image	38		(1040, 1269)	(1073, 1269)	(1073, 1287)	(1040, 1287)
image	40		(1039, 1304)	(1071, 1304)	(1071, 1324)	(1039, 1324)
image	41		(1038, 1340)	(1071, 1340)	(1071, 1358)	(1038, 1358)
image	3		(1014, 844)	(1029, 844)	(1029, 849)	(1014, 849)
image	Om		(1014, 916)	(1025, 916)	(1025, 920)	(1014, 920)
image	6		(1012, 988)	(1025, 988)	(1025, 993)	(1012, 993)
image	-		(1012, 1024)	(1026, 1024)	(1026, 1030)	(1012, 1030)
image	-		(1012, 1096)	(1024, 1096)	(1024, 1100)	(1012, 1100)
image	●		(1010, 1276)	(1027, 1276)	(1027, 1281)	(1010, 1281)
image	ON		(1009, 1348)	(1022, 1348)	(1022, 1354)	(1009, 1354)
image	4		(1034, 379)	(1049, 379)	(1049, 397)	(1034, 397)
image	5		(1032, 428)	(1048, 428)	(1048, 446)	(1032, 446)
image	8		(1033, 475)	(1051, 475)	(1051, 493)	(1033, 493)
image	38		(964, 1304)	(996, 1304)	(996, 1323)	(964, 1323)
image	..		(925, 1344)	(946, 1342)	(947, 1358)	(926, 1360)
image	40		(961, 1340)	(992, 1337)	(993, 1353)	(962, 1356)
image	41		(962, 1374)	(994, 1374)	(994, 1394)	(962, 1394)
image	42		(1038, 1377)	(1071, 1377)	(1071, 1396)	(1038, 1396)
image	...		(905, 1418)	(948, 1414)	(949, 1433)	(907, 1437)
image	43		(962, 1414)	(991, 1412)	(992, 1430)	(963, 1432)
image	48		(1037, 1413)	(1071, 1413)	(1071, 1431)	(1037, 1431)
image	.....		(875, 1450)	(945, 1449)	(945, 1466)	(875, 1467)
image	48		(945, 1449)	(978, 1448)	(978, 1464)	(945, 1465)
image	52		(1035, 1449)	(1071, 1449)	(1071, 1468)	(1035, 1468)
image	53		(1035, 1486)	(1069, 1486)	(1069, 1506)	(1035, 1506)
image	O		(1009, 1383)	(1020, 1383)	(1020, 1388)	(1009, 1388)
image	O		(1007, 1457)	(1020, 1457)	(1020, 1462)	(1007, 1462)
image	15		(1044, 800)	(1074, 800)	(1074, 820)	(1044, 820)
image	17		(1044, 836)	(1076, 836)	(1076, 855)	(1044, 855)
image	18		(1042, 871)	(1076, 868)	(1078, 887)	(1044, 890)
image	20		(1043, 908)	(1074, 908)	(1074, 925)	(1043, 925)
image	21		(1043, 942)	(1074, 944)	(1073, 961)	(1042, 960)
image	23		(1040, 980)	(1074, 980)	(1074, 998)	(1040, 998)
image	24		(1041, 1016)	(1072, 1016)	(1072, 1033)	(1041, 1033)
image	-		(1006, 1493)	(1019, 1493)	(1019, 1498)	(1006, 1498)
image	27		(1040, 1088)	(1073, 1088)	(1073, 1107)	(1040, 1107)
image	PI		(784, 1635)	(820, 1635)	(820, 1668)	(784, 1668)
image	provedena		(839, 1635)	(998, 1634)	(998, 1666)	(839, 1667)
image	(		(1011, 1633)	(1032, 1633)	(1032, 1665)	(1011, 1665)
image	124		(1016, 1633)	(1065, 1633)	(1065, 1665)	(1016, 1665)
image	)		(1050, 1633)	(1068, 1633)	(1068, 1665)	(1050, 1665)
