IMAGE_NAME	DESCRIPTION	LANGUAGE	BBOX_1	BBOX_2	BBOX_3	BBOX_4
image	"Reg.Bez.:
Kreis:
Aussig.
Bilin.
Gemarkung:
Flurname:
Langugest.
Sammlung:
Amt fur Vorgeschcinte.
M.B1.No. 3751/4
Material: Nach Stoff, Farbe, Erhaltung.
Graubrauner gutgeschlammter Ton,
außen schwach, innen gut geglattet u.
mit schwarzem Schlickuberzug versehen. (Innenseite),
Maße:
Fundbl. Verz.:
Gegenstand: Nach Art, Form, Verzierung.
Randscherben mit Wand eines becherartigen Gefäßes. Hallstattkultur.
Einsender, Art der Er-
werbung: Grabung d.Amtes
fur Vorgeschcihte.
15 v
Altere Eisenzeit.
No. 2
Kat.Nr.:
70/40."	de	(94, 59)	(1143, 59)	(1143, 1603)	(94, 1603)
image	Reg.Bez		(94, 107)	(195, 106)	(195, 126)	(94, 127)
image	.:		(201, 107)	(223, 107)	(223, 126)	(201, 126)
image	Kreis		(95, 167)	(167, 167)	(167, 183)	(95, 183)
image	:		(173, 167)	(180, 167)	(180, 183)	(173, 183)
image	Aussig		(268, 98)	(358, 98)	(358, 117)	(268, 117)
image	.		(361, 98)	(369, 98)	(369, 117)	(361, 117)
image	Bilin		(269, 169)	(343, 169)	(343, 185)	(269, 185)
image	.		(347, 169)	(354, 169)	(354, 185)	(347, 185)
image	Gemarkung		(555, 71)	(684, 71)	(684, 92)	(555, 92)
image	:		(689, 71)	(696, 71)	(696, 92)	(689, 92)
image	Flurname		(554, 117)	(667, 119)	(667, 137)	(554, 135)
image	:		(674, 120)	(681, 120)	(681, 137)	(674, 137)
image	Langugest		(741, 69)	(873, 70)	(873, 92)	(741, 91)
image	.		(876, 71)	(884, 71)	(884, 92)	(876, 92)
image	Sammlung		(104, 1512)	(223, 1513)	(223, 1535)	(104, 1534)
image	:		(223, 1513)	(232, 1513)	(232, 1534)	(223, 1534)
image	Amt		(100, 1530)	(144, 1530)	(144, 1556)	(100, 1556)
image	fur		(160, 1530)	(204, 1530)	(204, 1555)	(160, 1555)
image	Vorgeschcinte		(215, 1529)	(407, 1528)	(407, 1554)	(215, 1555)
image	.		(413, 1529)	(419, 1529)	(419, 1554)	(413, 1554)
image	M.B1.No.		(552, 177)	(664, 173)	(665, 194)	(553, 198)
image	3751/4		(686, 173)	(773, 170)	(774, 190)	(687, 193)
image	Material		(96, 322)	(213, 322)	(213, 343)	(96, 343)
image	:		(218, 322)	(226, 322)	(226, 343)	(218, 343)
image	Nach		(228, 322)	(287, 322)	(287, 343)	(228, 343)
image	Stoff		(304, 322)	(377, 322)	(377, 343)	(304, 343)
image	,		(382, 322)	(387, 322)	(387, 343)	(382, 343)
image	Farbe		(393, 322)	(463, 322)	(463, 343)	(393, 343)
image	,		(470, 322)	(476, 322)	(476, 343)	(470, 343)
image	Erhaltung		(480, 322)	(612, 322)	(612, 343)	(480, 343)
image	.		(617, 322)	(624, 322)	(624, 343)	(617, 343)
image	Graubrauner		(109, 361)	(267, 360)	(267, 381)	(109, 382)
image	gutgeschlammter		(285, 360)	(503, 359)	(503, 380)	(285, 381)
image	Ton		(522, 359)	(563, 359)	(563, 380)	(522, 380)
image	,		(568, 359)	(574, 359)	(574, 379)	(568, 379)
image	außen		(111, 378)	(184, 378)	(184, 403)	(111, 403)
image	schwach		(201, 378)	(303, 378)	(303, 403)	(201, 403)
image	,		(307, 378)	(312, 378)	(312, 403)	(307, 403)
image	innen		(334, 378)	(405, 378)	(405, 403)	(334, 403)
image	gut		(422, 378)	(463, 378)	(463, 403)	(422, 403)
image	geglattet		(481, 378)	(609, 378)	(609, 403)	(481, 403)
image	u		(625, 378)	(642, 378)	(642, 403)	(625, 403)
image	.		(644, 378)	(652, 378)	(652, 403)	(644, 403)
image	mit		(109, 403)	(154, 403)	(154, 426)	(109, 426)
image	schwarzem		(171, 403)	(304, 403)	(304, 426)	(171, 426)
image	Schlickuberzug		(320, 403)	(524, 403)	(524, 426)	(320, 426)
image	versehen		(538, 403)	(656, 403)	(656, 426)	(538, 426)
image	.		(662, 403)	(668, 403)	(668, 426)	(662, 426)
image	(		(675, 403)	(684, 403)	(684, 426)	(675, 426)
image	Innenseite		(688, 403)	(832, 403)	(832, 426)	(688, 426)
image	)		(837, 403)	(846, 403)	(846, 426)	(837, 426)
image	,		(851, 403)	(859, 403)	(859, 426)	(851, 426)
image	Maße		(97, 432)	(154, 433)	(154, 449)	(97, 448)
image	:		(158, 433)	(166, 433)	(166, 448)	(158, 448)
image	Fundbl		(851, 164)	(903, 165)	(903, 192)	(851, 191)
image	.		(903, 165)	(909, 165)	(909, 191)	(903, 191)
image	Verz		(913, 165)	(950, 166)	(950, 193)	(913, 192)
image	.:		(943, 166)	(961, 166)	(961, 192)	(943, 192)
image	Gegenstand		(97, 225)	(243, 225)	(243, 249)	(97, 249)
image	:		(247, 225)	(256, 225)	(256, 249)	(247, 249)
image	Nach		(273, 225)	(332, 225)	(332, 249)	(273, 249)
image	Art		(347, 225)	(390, 225)	(390, 249)	(347, 249)
image	,		(397, 225)	(402, 225)	(402, 249)	(397, 249)
image	Form		(408, 225)	(465, 225)	(465, 249)	(408, 249)
image	,		(470, 225)	(476, 225)	(476, 249)	(470, 249)
image	Verzierung		(479, 225)	(628, 225)	(628, 249)	(479, 249)
image	.		(630, 225)	(638, 225)	(638, 249)	(630, 249)
image	Randscherben		(106, 262)	(283, 262)	(283, 284)	(106, 284)
image	mit		(300, 262)	(342, 262)	(342, 284)	(300, 284)
image	Wand		(358, 262)	(417, 262)	(417, 284)	(358, 284)
image	eines		(434, 262)	(504, 262)	(504, 284)	(434, 284)
image	becherartigen		(521, 262)	(711, 262)	(711, 284)	(521, 284)
image	Gefäßes		(729, 262)	(829, 262)	(829, 284)	(729, 284)
image	.		(834, 262)	(841, 262)	(841, 284)	(834, 284)
image	Hallstattkultur		(877, 263)	(1099, 263)	(1099, 279)	(877, 279)
image	.		(1104, 263)	(1110, 263)	(1110, 279)	(1104, 279)
image	Einsender		(470, 1511)	(600, 1510)	(600, 1531)	(470, 1532)
image	,		(605, 1511)	(610, 1511)	(610, 1531)	(605, 1531)
image	Art		(616, 1511)	(658, 1511)	(658, 1531)	(616, 1531)
image	der		(675, 1510)	(717, 1510)	(717, 1530)	(675, 1530)
image	Er		(733, 1510)	(762, 1510)	(762, 1530)	(733, 1530)
image	werbung		(468, 1537)	(574, 1537)	(574, 1562)	(468, 1562)
image	:		(575, 1537)	(583, 1537)	(583, 1561)	(575, 1561)
image	Grabung		(601, 1529)	(703, 1529)	(703, 1551)	(601, 1551)
image	d.Amtes		(720, 1529)	(821, 1529)	(821, 1551)	(720, 1551)
image	fur		(470, 1557)	(511, 1557)	(511, 1577)	(470, 1577)
image	Vorgeschcihte		(524, 1557)	(716, 1555)	(716, 1574)	(524, 1576)
image	.		(721, 1555)	(728, 1555)	(728, 1574)	(721, 1574)
image	15		(996, 166)	(1027, 170)	(1024, 193)	(993, 189)
image	v		(1056, 174)	(1078, 177)	(1075, 198)	(1053, 196)
image	Altere		(878, 227)	(964, 227)	(964, 243)	(878, 243)
image	Eisenzeit		(981, 227)	(1112, 227)	(1112, 243)	(981, 243)
image	.		(1118, 227)	(1124, 227)	(1124, 243)	(1118, 243)
image	No.		(1066, 68)	(1107, 63)	(1109, 85)	(1069, 90)
image	2		(1120, 62)	(1141, 59)	(1143, 80)	(1123, 83)
image	Kat.Nr		(851, 1511)	(938, 1512)	(938, 1530)	(851, 1529)
image	.:		(943, 1513)	(964, 1513)	(964, 1530)	(943, 1530)
image	70/40		(959, 1554)	(1040, 1556)	(1039, 1603)	(958, 1601)
image	.		(1042, 1556)	(1050, 1556)	(1049, 1602)	(1041, 1602)
