IMAGE_NAME	DESCRIPTION	LANGUAGE	BBOX_1	BBOX_2	BBOX_3	BBOX_4
image	"OBĚDOVICE ""Na Požárce"", výzkum 1997
Objekt:
Čtverec:
Rozměry:
Výplň:
Datace:
Keramika:
BN/drtidla:
Zv.kosti:
č. sáčků:
Poznámka:
Objekt:
čtverec:
Rozměry:
Výplň:
Datace:
Keramika:
BN/drtidla:
Zv.kosti:
č. sáčků:
k.j. 059
266
0,14 x 0,16
šedohnědá, písčito-hlinitá
nedatováno
OBĚDOVICE ""Na Požárce"", výzkum 1997
Poznámka:
bez nálezů
Přesah do:
m
Mazanice:
ŠI:
Uhlíky:
080, 081
k.j. 060
266
0,32 x 0,3
hnědá, písčito-hlinitá
Přesah do:
m
k. popelnicových polí
A
Mazanice:
ŠI:
Uhlíky:
Tabulka: 6
A
Hloubka: 0,04
Kov:
Kameny:
Jiné:
Tabulka: 6
Hloubka: 0,16
Kov:
Kameny:
Jiné:
m
m"	cs	(117, 122)	(1046, 122)	(1046, 1432)	(117, 1432)
image	OBĚDOVICE		(122, 122)	(378, 127)	(378, 148)	(122, 143)
image	""""		(429, 128)	(436, 128)	(436, 147)	(429, 147)
image	Na		(441, 128)	(470, 128)	(470, 147)	(441, 147)
image	Požárce		(485, 127)	(585, 128)	(585, 148)	(485, 147)
image	""""		(589, 129)	(597, 129)	(597, 148)	(589, 148)
image	,		(603, 129)	(608, 129)	(608, 148)	(603, 148)
image	výzkum		(628, 129)	(716, 130)	(716, 149)	(628, 148)
image	1997		(730, 129)	(787, 129)	(787, 149)	(730, 149)
image	Objekt		(121, 175)	(210, 175)	(210, 197)	(121, 197)
image	:		(214, 175)	(222, 175)	(222, 196)	(214, 196)
image	Čtverec		(121, 220)	(226, 220)	(226, 240)	(121, 240)
image	:		(229, 220)	(237, 220)	(237, 240)	(229, 240)
image	Rozměry		(119, 270)	(227, 272)	(227, 293)	(119, 291)
image	:		(227, 272)	(236, 272)	(236, 292)	(227, 292)
image	Výplň		(120, 318)	(196, 317)	(196, 340)	(120, 341)
image	:		(198, 318)	(207, 318)	(207, 340)	(198, 340)
image	Datace		(119, 369)	(210, 369)	(210, 383)	(119, 383)
image	:		(213, 369)	(221, 369)	(221, 383)	(213, 383)
image	Keramika		(120, 416)	(237, 416)	(237, 431)	(120, 431)
image	:		(242, 416)	(250, 416)	(250, 431)	(242, 431)
image	BN		(120, 462)	(149, 462)	(149, 479)	(120, 479)
image	/		(150, 462)	(164, 462)	(164, 479)	(150, 479)
image	drtidla		(164, 462)	(267, 462)	(267, 479)	(164, 479)
image	:		(270, 462)	(278, 462)	(278, 479)	(270, 479)
image	Zv.kosti		(119, 509)	(236, 508)	(236, 525)	(119, 526)
image	:		(240, 509)	(247, 509)	(247, 525)	(240, 525)
image	č		(120, 576)	(136, 576)	(136, 596)	(120, 596)
image	.		(137, 576)	(144, 576)	(144, 596)	(137, 596)
image	sáčků		(149, 576)	(223, 578)	(223, 599)	(149, 597)
image	:		(226, 578)	(235, 578)	(235, 598)	(226, 598)
image	Poznámka		(119, 652)	(236, 652)	(236, 667)	(119, 667)
image	:		(240, 652)	(248, 652)	(248, 667)	(240, 667)
image	Objekt		(120, 937)	(206, 936)	(206, 957)	(120, 958)
image	:		(210, 937)	(218, 937)	(218, 957)	(210, 957)
image	čtverec		(118, 980)	(222, 981)	(222, 1002)	(118, 1001)
image	:		(225, 982)	(234, 982)	(234, 1002)	(225, 1002)
image	Rozměry		(117, 1033)	(223, 1034)	(223, 1054)	(117, 1053)
image	:		(225, 1033)	(233, 1033)	(233, 1053)	(225, 1053)
image	Výplň		(118, 1079)	(192, 1079)	(192, 1100)	(118, 1100)
image	:		(194, 1079)	(202, 1079)	(202, 1099)	(194, 1099)
image	Datace		(118, 1130)	(206, 1131)	(206, 1146)	(118, 1145)
image	:		(210, 1130)	(216, 1130)	(216, 1145)	(210, 1145)
image	Keramika		(119, 1177)	(235, 1177)	(235, 1192)	(119, 1192)
image	:		(239, 1177)	(247, 1177)	(247, 1192)	(239, 1192)
image	BN		(120, 1224)	(149, 1224)	(149, 1242)	(120, 1242)
image	/		(150, 1224)	(163, 1224)	(163, 1241)	(150, 1241)
image	drtidla		(162, 1224)	(263, 1223)	(263, 1241)	(162, 1242)
image	:		(267, 1223)	(276, 1223)	(276, 1240)	(267, 1240)
image	Zv.kosti		(120, 1273)	(234, 1271)	(234, 1287)	(120, 1289)
image	:		(239, 1272)	(247, 1272)	(247, 1287)	(239, 1287)
image	č		(119, 1341)	(134, 1341)	(134, 1360)	(119, 1360)
image	.		(138, 1341)	(144, 1341)	(144, 1360)	(138, 1360)
image	sáčků		(149, 1341)	(221, 1341)	(221, 1360)	(149, 1360)
image	:		(225, 1341)	(233, 1341)	(233, 1360)	(225, 1360)
image	k.j.		(310, 176)	(365, 175)	(365, 195)	(310, 196)
image	059		(382, 175)	(423, 174)	(423, 193)	(382, 194)
image	266		(311, 223)	(352, 223)	(352, 241)	(311, 241)
image	0,14		(312, 271)	(364, 271)	(364, 290)	(312, 290)
image	x		(380, 271)	(393, 271)	(393, 289)	(380, 289)
image	0,16		(411, 271)	(466, 271)	(466, 289)	(411, 289)
image	šedohnědá		(312, 319)	(438, 319)	(438, 339)	(312, 339)
image	,		(443, 319)	(449, 319)	(449, 339)	(443, 339)
image	písčito		(468, 319)	(568, 319)	(568, 339)	(468, 339)
image	-		(573, 319)	(582, 319)	(582, 339)	(573, 339)
image	hlinitá		(585, 319)	(684, 319)	(684, 339)	(585, 339)
image	nedatováno		(309, 368)	(455, 368)	(455, 384)	(309, 384)
image	OBĚDOVICE		(120, 884)	(377, 885)	(377, 908)	(120, 907)
image	""""		(426, 888)	(434, 888)	(434, 909)	(426, 909)
image	Na		(437, 888)	(468, 888)	(468, 909)	(437, 909)
image	Požárce		(482, 888)	(582, 888)	(582, 909)	(482, 909)
image	""""		(586, 888)	(593, 888)	(593, 909)	(586, 909)
image	,		(600, 888)	(606, 888)	(606, 909)	(600, 909)
image	výzkum		(626, 888)	(713, 888)	(713, 909)	(626, 909)
image	1997		(727, 888)	(786, 888)	(786, 909)	(727, 909)
image	Poznámka		(120, 1416)	(234, 1416)	(234, 1432)	(120, 1432)
image	:		(238, 1416)	(246, 1416)	(246, 1431)	(238, 1431)
image	bez		(307, 651)	(348, 651)	(348, 669)	(307, 669)
image	nálezů		(364, 651)	(451, 650)	(451, 668)	(364, 669)
image	Přesah		(529, 223)	(614, 224)	(614, 242)	(529, 241)
image	do		(629, 224)	(657, 224)	(657, 241)	(629, 241)
image	:		(662, 225)	(669, 225)	(669, 242)	(662, 242)
image	m		(539, 278)	(555, 278)	(555, 289)	(539, 289)
image	Mazanice		(481, 416)	(599, 416)	(599, 432)	(481, 432)
image	:		(602, 416)	(609, 416)	(609, 432)	(602, 432)
image	ŠI		(513, 459)	(543, 460)	(543, 480)	(513, 479)
image	:		(543, 459)	(553, 459)	(553, 479)	(543, 479)
image	Uhlíky		(482, 509)	(570, 511)	(570, 531)	(482, 529)
image	:		(572, 511)	(581, 511)	(581, 530)	(572, 530)
image	080		(308, 1344)	(347, 1343)	(347, 1361)	(308, 1362)
image	,		(351, 1344)	(358, 1344)	(358, 1361)	(351, 1361)
image	081		(379, 1343)	(421, 1342)	(421, 1359)	(379, 1360)
image	k.j.		(307, 937)	(361, 936)	(361, 955)	(307, 956)
image	060		(379, 936)	(420, 936)	(420, 955)	(379, 955)
image	266		(307, 984)	(349, 983)	(349, 1000)	(307, 1001)
image	0,32		(308, 1033)	(363, 1032)	(363, 1049)	(308, 1050)
image	x		(378, 1033)	(392, 1033)	(392, 1049)	(378, 1049)
image	0,3		(408, 1032)	(451, 1032)	(451, 1049)	(408, 1049)
image	hnědá		(307, 1079)	(376, 1079)	(376, 1100)	(307, 1100)
image	,		(381, 1079)	(387, 1079)	(387, 1099)	(381, 1099)
image	písčito		(407, 1078)	(508, 1077)	(508, 1098)	(407, 1099)
image	-		(511, 1078)	(520, 1078)	(520, 1098)	(511, 1098)
image	hlinitá		(523, 1078)	(622, 1077)	(622, 1098)	(523, 1099)
image	Přesah		(525, 983)	(611, 983)	(611, 1000)	(525, 1000)
image	do		(626, 983)	(654, 983)	(654, 1000)	(626, 1000)
image	:		(658, 983)	(666, 983)	(666, 1000)	(658, 1000)
image	m		(537, 1036)	(554, 1036)	(554, 1048)	(537, 1048)
image	k		(306, 1127)	(321, 1127)	(321, 1148)	(306, 1148)
image	.		(327, 1127)	(334, 1127)	(334, 1148)	(327, 1148)
image	popelnicových		(349, 1127)	(536, 1127)	(536, 1148)	(349, 1148)
image	polí		(552, 1127)	(609, 1127)	(609, 1148)	(552, 1148)
image	A		(304, 1177)	(324, 1177)	(324, 1192)	(304, 1192)
image	Mazanice		(480, 1175)	(596, 1173)	(596, 1190)	(480, 1192)
image	:		(600, 1174)	(608, 1174)	(608, 1190)	(600, 1190)
image	ŠI		(514, 1218)	(541, 1221)	(539, 1242)	(512, 1239)
image	:		(543, 1221)	(553, 1222)	(551, 1243)	(541, 1242)
image	Uhlíky		(482, 1269)	(570, 1270)	(570, 1291)	(482, 1290)
image	:		(573, 1271)	(581, 1271)	(581, 1291)	(573, 1291)
image	Tabulka		(744, 178)	(843, 178)	(843, 193)	(744, 193)
image	:		(847, 178)	(855, 178)	(855, 192)	(847, 192)
image	6		(901, 179)	(914, 179)	(914, 194)	(901, 194)
image	A		(667, 1176)	(686, 1176)	(686, 1190)	(667, 1190)
image	Hloubka		(744, 271)	(844, 272)	(844, 291)	(744, 290)
image	:		(849, 273)	(855, 273)	(855, 291)	(849, 291)
image	0,04		(873, 273)	(928, 274)	(928, 293)	(873, 292)
image	Kov		(843, 417)	(887, 418)	(887, 433)	(843, 432)
image	:		(890, 418)	(898, 418)	(898, 432)	(890, 432)
image	Kameny		(843, 465)	(930, 466)	(930, 483)	(843, 482)
image	:		(933, 466)	(941, 466)	(941, 482)	(933, 482)
image	Jiné		(843, 511)	(899, 511)	(899, 527)	(843, 527)
image	:		(903, 511)	(911, 511)	(911, 527)	(903, 527)
image	Tabulka		(743, 936)	(841, 936)	(841, 951)	(743, 951)
image	:		(847, 936)	(854, 936)	(854, 951)	(847, 951)
image	6		(899, 936)	(911, 936)	(911, 950)	(899, 950)
image	Hloubka		(742, 1028)	(843, 1029)	(843, 1048)	(742, 1047)
image	:		(848, 1029)	(855, 1029)	(855, 1047)	(848, 1047)
image	0,16		(872, 1030)	(927, 1030)	(927, 1048)	(872, 1048)
image	Kov		(843, 1175)	(885, 1175)	(885, 1190)	(843, 1190)
image	:		(888, 1175)	(897, 1175)	(897, 1189)	(888, 1189)
image	Kameny		(842, 1222)	(931, 1223)	(931, 1242)	(842, 1241)
image	:		(934, 1223)	(941, 1223)	(941, 1241)	(934, 1241)
image	Jiné		(845, 1267)	(900, 1268)	(900, 1285)	(845, 1284)
image	:		(905, 1269)	(912, 1269)	(912, 1285)	(905, 1285)
image	m		(1029, 279)	(1046, 279)	(1046, 290)	(1029, 290)
image	m		(1029, 1034)	(1045, 1034)	(1045, 1044)	(1029, 1044)
