IMAGE_NAME	DESCRIPTION	LANGUAGE	BBOX_1	BBOX_2	BBOX_3	BBOX_4
image	"OBĚDOVICE ""Na Požárce"", výzkum 1997
Objekt:
čtverec:
Rozměry:
Výplň:
Datace:
Keramika:
BN/drtidla:
Zv.kosti:
č. sáčků:
Poznámka:
Objekt:
čtverec:
Rozměry:
Výplň:
Datace:
Keramika:
BN/drtidla:
Zv.kosti:
č. sáčků:
k.j. 101
Poznámka:
300
OBĚDOVICE ""Na Požárce"", výzkum 1997
0,34 x 0,34
šedohnědá, písčito-hlinitá
nedatováno
bez nálezů
k.j. 102
292
Přesah do:
neolit
A
m
261
Mazanice:
ŠI:
Uhlíky:
0,54 x 0,42
šedohnědá, hlinito-písčitá
Přesah do:
m
Tabulka:
Mazanice:
ŠI:
Uhlíky:
Hloubka: 0,06
Κον:
7
Kameny:
Jiné:
Tabulka:
7
Hloubka: 0,2
Kov:
Kameny:
Jiné:
m
m"	cs	(119, 123)	(1055, 123)	(1055, 1431)	(119, 1431)
image	OBĚDOVICE		(122, 123)	(379, 123)	(379, 143)	(122, 143)
image	""""		(429, 125)	(437, 125)	(437, 146)	(429, 146)
image	Na		(440, 125)	(470, 125)	(470, 146)	(440, 146)
image	Požárce		(484, 125)	(585, 125)	(585, 146)	(484, 146)
image	""""		(587, 125)	(596, 125)	(596, 146)	(587, 146)
image	,		(604, 125)	(609, 125)	(609, 146)	(604, 146)
image	výzkum		(628, 125)	(716, 125)	(716, 146)	(628, 146)
image	1997		(730, 125)	(788, 125)	(788, 146)	(730, 146)
image	Objekt		(121, 173)	(211, 173)	(211, 196)	(121, 196)
image	:		(214, 173)	(222, 173)	(222, 195)	(214, 195)
image	čtverec		(121, 218)	(226, 219)	(226, 239)	(121, 238)
image	:		(229, 220)	(237, 220)	(237, 239)	(229, 239)
image	Rozměry		(120, 269)	(228, 270)	(228, 291)	(120, 290)
image	:		(228, 270)	(237, 270)	(237, 290)	(228, 290)
image	Výplň		(120, 318)	(195, 318)	(195, 339)	(120, 339)
image	:		(198, 318)	(206, 318)	(206, 338)	(198, 338)
image	Datace		(120, 367)	(210, 368)	(210, 382)	(120, 381)
image	:		(214, 368)	(222, 368)	(222, 381)	(214, 381)
image	Keramika		(120, 413)	(238, 412)	(238, 428)	(120, 429)
image	:		(242, 412)	(250, 412)	(250, 427)	(242, 427)
image	BN		(121, 461)	(151, 461)	(151, 478)	(121, 478)
image	/		(151, 461)	(165, 461)	(165, 478)	(151, 478)
image	drtidla		(165, 461)	(268, 461)	(268, 478)	(165, 478)
image	:		(271, 461)	(279, 461)	(279, 478)	(271, 478)
image	Zv.kosti		(121, 508)	(237, 507)	(237, 524)	(121, 525)
image	:		(241, 507)	(249, 507)	(249, 523)	(241, 523)
image	č		(121, 576)	(137, 576)	(137, 596)	(121, 596)
image	.		(137, 575)	(144, 575)	(144, 595)	(137, 595)
image	sáčků		(149, 575)	(224, 575)	(224, 595)	(149, 595)
image	:		(226, 575)	(235, 575)	(235, 595)	(226, 595)
image	Poznámka		(120, 651)	(237, 650)	(237, 666)	(120, 667)
image	:		(241, 651)	(250, 651)	(250, 666)	(241, 666)
image	Objekt		(130, 935)	(219, 934)	(219, 955)	(130, 956)
image	:		(222, 935)	(230, 935)	(230, 955)	(222, 955)
image	čtverec		(129, 978)	(233, 980)	(232, 1001)	(128, 999)
image	:		(236, 981)	(245, 981)	(245, 1001)	(236, 1001)
image	Rozměry		(127, 1030)	(234, 1031)	(234, 1052)	(127, 1051)
image	:		(236, 1031)	(245, 1031)	(245, 1051)	(236, 1051)
image	Výplň		(128, 1079)	(203, 1079)	(203, 1098)	(128, 1098)
image	:		(207, 1079)	(214, 1079)	(214, 1098)	(207, 1098)
image	Datace		(127, 1127)	(216, 1128)	(216, 1143)	(127, 1142)
image	:		(220, 1129)	(228, 1129)	(228, 1143)	(220, 1143)
image	Keramika		(128, 1174)	(245, 1174)	(245, 1190)	(128, 1190)
image	:		(249, 1174)	(257, 1174)	(257, 1190)	(249, 1190)
image	BN		(127, 1222)	(159, 1222)	(159, 1240)	(127, 1240)
image	/		(159, 1222)	(173, 1222)	(173, 1240)	(159, 1240)
image	drtidla		(172, 1222)	(274, 1222)	(274, 1240)	(172, 1240)
image	:		(277, 1222)	(284, 1222)	(284, 1240)	(277, 1240)
image	Zv.kosti		(128, 1271)	(244, 1270)	(244, 1285)	(128, 1286)
image	:		(248, 1271)	(256, 1271)	(256, 1285)	(248, 1285)
image	č		(128, 1338)	(144, 1338)	(144, 1359)	(128, 1359)
image	.		(145, 1338)	(152, 1338)	(152, 1359)	(145, 1359)
image	sáčků		(158, 1338)	(229, 1339)	(229, 1360)	(158, 1359)
image	:		(233, 1340)	(241, 1340)	(241, 1361)	(233, 1361)
image	k.j.		(311, 174)	(364, 173)	(364, 193)	(311, 194)
image	101		(382, 173)	(424, 172)	(424, 191)	(382, 192)
image	Poznámka		(127, 1416)	(241, 1415)	(241, 1430)	(127, 1431)
image	:		(246, 1416)	(254, 1416)	(254, 1430)	(246, 1430)
image	300		(311, 224)	(352, 224)	(352, 239)	(311, 239)
image	OBĚDOVICE		(131, 882)	(386, 887)	(386, 909)	(131, 904)
image	""""		(437, 888)	(445, 888)	(445, 908)	(437, 908)
image	Na		(449, 888)	(478, 888)	(478, 908)	(449, 908)
image	Požárce		(492, 887)	(593, 888)	(593, 909)	(492, 908)
image	""""		(597, 888)	(604, 888)	(604, 908)	(597, 908)
image	,		(611, 889)	(617, 889)	(617, 909)	(611, 909)
image	výzkum		(637, 889)	(724, 890)	(724, 910)	(637, 909)
image	1997		(738, 889)	(797, 889)	(797, 910)	(738, 910)
image	0,34		(312, 272)	(367, 272)	(367, 289)	(312, 289)
image	x		(381, 272)	(394, 272)	(394, 289)	(381, 289)
image	0,34		(413, 272)	(468, 272)	(468, 289)	(413, 289)
image	šedohnědá		(311, 317)	(438, 317)	(438, 338)	(311, 338)
image	,		(443, 317)	(449, 317)	(449, 338)	(443, 338)
image	písčito		(468, 317)	(568, 317)	(568, 338)	(468, 338)
image	-		(572, 317)	(581, 317)	(581, 338)	(572, 338)
image	hlinitá		(584, 317)	(684, 317)	(684, 338)	(584, 338)
image	nedatováno		(311, 366)	(455, 366)	(455, 381)	(311, 381)
image	bez		(309, 650)	(349, 650)	(349, 668)	(309, 668)
image	nálezů		(366, 649)	(453, 648)	(453, 666)	(366, 667)
image	k.j.		(318, 936)	(372, 935)	(372, 955)	(318, 956)
image	102		(390, 934)	(431, 933)	(431, 953)	(390, 954)
image	292		(317, 985)	(360, 985)	(360, 1000)	(317, 1000)
image	Přesah		(528, 222)	(612, 222)	(612, 238)	(528, 238)
image	do		(629, 222)	(657, 222)	(657, 238)	(629, 238)
image	:		(661, 222)	(670, 222)	(670, 238)	(661, 238)
image	neolit		(317, 1127)	(400, 1126)	(400, 1142)	(317, 1143)
image	A		(315, 1176)	(334, 1176)	(334, 1190)	(315, 1190)
image	m		(540, 274)	(557, 274)	(557, 286)	(540, 286)
image	261		(315, 1344)	(357, 1344)	(357, 1359)	(315, 1359)
image	Mazanice		(483, 412)	(598, 411)	(598, 428)	(483, 429)
image	:		(602, 412)	(611, 412)	(611, 428)	(602, 428)
image	ŠI		(517, 456)	(543, 459)	(540, 479)	(515, 476)
image	:		(545, 459)	(554, 460)	(552, 480)	(543, 479)
image	Uhlíky		(483, 506)	(571, 508)	(571, 529)	(483, 527)
image	:		(573, 508)	(582, 508)	(582, 528)	(573, 528)
image	0,54		(319, 1033)	(373, 1033)	(373, 1050)	(319, 1050)
image	x		(389, 1033)	(402, 1033)	(402, 1050)	(389, 1050)
image	0,42		(420, 1033)	(476, 1033)	(476, 1050)	(420, 1050)
image	šedohnědá		(319, 1079)	(445, 1079)	(445, 1100)	(319, 1100)
image	,		(450, 1079)	(456, 1079)	(456, 1100)	(450, 1100)
image	hlinito		(477, 1079)	(577, 1079)	(577, 1100)	(477, 1100)
image	-		(581, 1079)	(590, 1079)	(590, 1100)	(581, 1100)
image	písčitá		(592, 1079)	(693, 1079)	(693, 1100)	(592, 1100)
image	Přesah		(536, 984)	(620, 984)	(620, 1000)	(536, 1000)
image	do		(637, 984)	(666, 984)	(666, 1000)	(637, 1000)
image	:		(668, 984)	(677, 984)	(677, 1000)	(668, 1000)
image	m		(548, 1037)	(565, 1037)	(565, 1048)	(548, 1048)
image	Tabulka		(744, 174)	(844, 174)	(844, 188)	(744, 188)
image	:		(848, 174)	(856, 174)	(856, 188)	(848, 188)
image	Mazanice		(490, 1175)	(607, 1175)	(607, 1191)	(490, 1191)
image	:		(610, 1175)	(618, 1175)	(618, 1191)	(610, 1191)
image	ŠI		(520, 1218)	(549, 1218)	(549, 1240)	(520, 1240)
image	:		(552, 1218)	(561, 1218)	(561, 1240)	(552, 1240)
image	Uhlíky		(490, 1269)	(579, 1271)	(578, 1292)	(489, 1290)
image	:		(580, 1272)	(589, 1272)	(589, 1292)	(580, 1292)
image	Hloubka		(744, 268)	(844, 269)	(844, 286)	(744, 285)
image	:		(849, 269)	(856, 269)	(856, 285)	(849, 285)
image	0,06		(872, 269)	(928, 269)	(928, 286)	(872, 286)
image	Κον		(845, 412)	(883, 413)	(883, 429)	(845, 428)
image	:		(888, 414)	(897, 414)	(897, 429)	(888, 429)
image	7		(902, 174)	(916, 174)	(916, 189)	(902, 189)
image	Kameny		(844, 461)	(931, 463)	(931, 480)	(844, 478)
image	:		(933, 463)	(941, 463)	(941, 479)	(933, 479)
image	Jiné		(845, 507)	(900, 507)	(900, 523)	(845, 523)
image	:		(905, 507)	(913, 507)	(913, 523)	(905, 523)
image	Tabulka		(754, 937)	(853, 938)	(853, 953)	(754, 952)
image	:		(858, 938)	(865, 938)	(865, 952)	(858, 952)
image	7		(911, 939)	(924, 939)	(924, 953)	(911, 953)
image	Hloubka		(752, 1030)	(853, 1031)	(853, 1049)	(752, 1048)
image	:		(858, 1032)	(865, 1032)	(865, 1049)	(858, 1049)
image	0,2		(882, 1032)	(925, 1033)	(925, 1051)	(882, 1050)
image	Kov		(853, 1175)	(896, 1176)	(896, 1192)	(853, 1191)
image	:		(900, 1177)	(908, 1177)	(908, 1192)	(900, 1192)
image	Kameny		(852, 1223)	(939, 1225)	(939, 1242)	(852, 1240)
image	:		(942, 1226)	(950, 1226)	(950, 1242)	(942, 1242)
image	Jiné		(852, 1271)	(910, 1271)	(910, 1287)	(852, 1287)
image	:		(913, 1271)	(920, 1271)	(920, 1287)	(913, 1287)
image	m		(1029, 273)	(1046, 273)	(1046, 284)	(1029, 284)
image	m		(1039, 1037)	(1055, 1037)	(1055, 1048)	(1039, 1048)
