IMAGE_NAME	DESCRIPTION	LANGUAGE	BBOX_1	BBOX_2	BBOX_3	BBOX_4
image	"Sáček Datum | Objekt | část objektu
| 279
6.8.97 | 121
6.8.97 | 121
| 280
| 281
6.8.97 | 121
| 282
6.8.97 | 121
| 283
6.8.97 | 121
| 284
6.8.97 | 121
| 285 | 6.8.97 | 121A
286
| 287 |
| 288 |
6.8.97 | 121A
6.8.97 | 121A
6.8.97 | 121A
| 289 |
6.8.97 | k.j.
| 290 |
6.8.97 | k.j.
6.8.97 | 120
| 291
| 292 | 6.8.97 | 120
| 293
6.8.97 | 120
6.8.97 | 120
6.8.97 | 120
6.8.97 | 120
6.8.97 | 120
6.8.97 | 121A
6.8.97 121A
6.8.97 | 121A
6.8.97 121A
| 294 |
| 295 |
| 296
| 297 |
| 298
| 299 |
| 300 |
301
| 302 |
| 303 |
| 304
| 305
| 306
| 307
308
| 309 |
| 310 |
| 311
| 312 |
| 313 |
| 314 |
| 315 |
| 316 |
| 317 |
| 318 |
| 319 |
| 320 |
| 321
| 322
6.8.97 | 122
6.8.97 | 122
6.8.97 | 122
6.8.97 | 122
6.8.97 | 122
7.8.97 | 122
7.8.97 | 123
7.8.97 | 124
7.8.97 | 124
7.8.97 | 124
7.8.97 | 124
7.8.97 | 124
7.8.97 | 124
7.8.97 | 124
7.8.97 | 124
7.8.97 | 124
7.8.97 | 124
7.8.97 | 124
| J
| J
| 323
| 324
| 325 |
| 326 |
| 327
| 328
| 329 | 7.8.97 | 124
330
7.8.97 | 124
7.8.97 | 124
| 330
| 331 |
7.8.97 | 124
| 332 |
8.8.97 | 129
| 333 | 8.8.97 | 129
IS
IS
IS
IS
| bez rozlišení
| bez rozlišení
| bez rozlišení
1
104| JV
104| JV
| V
IV
Z
| Z
| 1
| začištění povrchu | 0
| V
11
| bez rozlišení
| bez rozlišení
|bez rozlišení
bez rozlišení
7.8.97 | 123
7.8.97 | 123
7.8.97 | 123
7.8.97 | 123
7.8.97 | 123
7.8.97 | 123
7.8.97 | 123
7.8.97 | k.j. 1071 S
7.8.97 124
| J
| J
| J
IS
IS
| J
1J
| J
| J
| S
IS
| S
IS
| J
| J
| J
| J
IS
| S
IS
IS
| S
| S
IS
| J
Vrstva Materiál
+
| J
| V
I V
11
| 1
| 1
[1
3
3
3
3
11
| 1
12
| 1
| 1
12
2
3
| 3
| 0
1
| 0
11
| 1
| BI
10
brousky pískovec | 0
| kámen
| 0
mazanice
| keramika
|
| uhlíky
| kameny
BI
keramika
mazanice
keramika
| 31
keramika
keramika
mazanice
| uhlíky
keramika
| mazanice
| uhlíky
| keramika
mazanice
| uhlíky
| kameny
keramika
| SI
| BI
| ŠI
| keramika
| kameny
| ŠI
keramika
mazanice
| kameny
kameny
BI
keramika
mazanice
| mazanice
| mazanice
| mazanice
keramika
keramika
| kámen
uhlíky
keramika
| BI
mazanice
mazanice
keramika
keramika
mazanice
mazanice
mazanice
| uhlíky
| Poznámka
keramika
| mazanice
10
10
| 0
| 0
| 0
| 0
10
| 0
10
| 0
| 0
0
| 0
| 0
| 0
| 0
| 0
| vyčl.při mytí z 304
| 0
| 0
| 0
| 0
| 0
10
| 0
| 0
| 0
| 0
| 0
| 0
10
| skartováno /jkf/
| 0
| 0
| 0
10
| 0
| 0
| 0
10
Ik.j. ve dně J části
| kj ve dně
| k. j. ve dně J části
10
| 0
| Datace"	und	(103, 124)	(1033, 124)	(1033, 1511)	(103, 1511)
image	Sáček		(113, 131)	(157, 130)	(157, 145)	(113, 146)
image	Datum		(174, 130)	(221, 129)	(221, 144)	(174, 145)
image	|		(248, 129)	(255, 129)	(255, 147)	(248, 147)
image	Objekt		(262, 128)	(315, 128)	(315, 146)	(262, 146)
image	|		(333, 128)	(340, 128)	(340, 146)	(333, 146)
image	část		(349, 128)	(384, 128)	(384, 146)	(349, 146)
image	objektu		(391, 127)	(453, 127)	(453, 145)	(391, 145)
image	|		(106, 179)	(113, 179)	(113, 196)	(106, 196)
image	279		(121, 178)	(148, 178)	(148, 195)	(121, 195)
image	6.8.97		(184, 178)	(237, 178)	(237, 195)	(184, 195)
image	|		(247, 178)	(254, 178)	(254, 195)	(247, 195)
image	121		(263, 177)	(289, 177)	(289, 195)	(263, 195)
image	6.8.97		(184, 203)	(238, 203)	(238, 219)	(184, 219)
image	|		(248, 203)	(254, 203)	(254, 219)	(248, 219)
image	121		(264, 203)	(290, 203)	(290, 219)	(264, 219)
image	|		(106, 204)	(113, 204)	(113, 220)	(106, 220)
image	280		(121, 203)	(148, 203)	(148, 219)	(121, 219)
image	|		(106, 228)	(113, 228)	(113, 243)	(106, 243)
image	281		(121, 227)	(147, 227)	(147, 242)	(121, 242)
image	6.8.97		(184, 227)	(238, 227)	(238, 242)	(184, 242)
image	|		(246, 227)	(254, 227)	(254, 242)	(246, 242)
image	121		(263, 227)	(289, 227)	(289, 242)	(263, 242)
image	|		(106, 251)	(113, 251)	(113, 268)	(106, 268)
image	282		(121, 250)	(149, 250)	(149, 267)	(121, 267)
image	6.8.97		(184, 250)	(238, 250)	(238, 267)	(184, 267)
image	|		(248, 250)	(255, 250)	(255, 267)	(248, 267)
image	121		(263, 249)	(288, 249)	(288, 267)	(263, 267)
image	|		(105, 276)	(113, 276)	(113, 291)	(105, 291)
image	283		(122, 276)	(150, 276)	(150, 291)	(122, 291)
image	6.8.97		(185, 276)	(238, 276)	(238, 291)	(185, 291)
image	|		(248, 276)	(254, 276)	(254, 291)	(248, 291)
image	121		(264, 276)	(289, 276)	(289, 291)	(264, 291)
image	|		(106, 300)	(113, 300)	(113, 315)	(106, 315)
image	284		(122, 300)	(148, 300)	(148, 315)	(122, 315)
image	6.8.97		(186, 300)	(239, 300)	(239, 315)	(186, 315)
image	|		(248, 300)	(255, 300)	(255, 315)	(248, 315)
image	121		(265, 300)	(290, 300)	(290, 315)	(265, 315)
image	|		(106, 324)	(112, 324)	(112, 339)	(106, 339)
image	285		(122, 324)	(149, 324)	(149, 339)	(122, 339)
image	|		(158, 324)	(165, 324)	(165, 339)	(158, 339)
image	6.8.97		(184, 324)	(238, 324)	(238, 339)	(184, 339)
image	|		(248, 324)	(254, 324)	(254, 339)	(248, 339)
image	121A		(264, 324)	(300, 324)	(300, 339)	(264, 339)
image	286		(122, 346)	(148, 346)	(148, 363)	(122, 363)
image	|		(105, 372)	(112, 372)	(112, 388)	(105, 388)
image	287		(120, 371)	(148, 371)	(148, 387)	(120, 387)
image	|		(157, 371)	(164, 371)	(164, 387)	(157, 387)
image	|		(106, 396)	(112, 396)	(112, 412)	(106, 412)
image	288		(121, 395)	(148, 395)	(148, 411)	(121, 411)
image	|		(158, 395)	(164, 395)	(164, 411)	(158, 411)
image	6.8.97		(185, 346)	(237, 346)	(237, 362)	(185, 362)
image	|		(247, 346)	(254, 346)	(254, 362)	(247, 362)
image	121A		(264, 345)	(299, 345)	(299, 361)	(264, 361)
image	6.8.97		(183, 370)	(237, 370)	(237, 387)	(183, 387)
image	|		(247, 370)	(254, 370)	(254, 386)	(247, 386)
image	121A		(263, 370)	(299, 370)	(299, 386)	(263, 386)
image	6.8.97		(185, 395)	(238, 395)	(238, 411)	(185, 411)
image	|		(247, 395)	(254, 395)	(254, 411)	(247, 411)
image	121A		(263, 394)	(298, 394)	(298, 410)	(263, 410)
image	|		(106, 419)	(113, 419)	(113, 435)	(106, 435)
image	289		(121, 419)	(150, 419)	(150, 435)	(121, 435)
image	|		(158, 419)	(164, 419)	(164, 435)	(158, 435)
image	6.8.97		(184, 419)	(238, 419)	(238, 435)	(184, 435)
image	|		(248, 419)	(253, 419)	(253, 435)	(248, 435)
image	k.j.		(263, 419)	(297, 419)	(297, 435)	(263, 435)
image	|		(107, 442)	(113, 442)	(113, 458)	(107, 458)
image	290		(122, 442)	(148, 442)	(148, 458)	(122, 458)
image	|		(159, 442)	(165, 442)	(165, 458)	(159, 458)
image	6.8.97		(185, 442)	(238, 442)	(238, 458)	(185, 458)
image	|		(249, 442)	(254, 442)	(254, 458)	(249, 458)
image	k.j.		(264, 442)	(297, 442)	(297, 458)	(264, 458)
image	6.8.97		(183, 465)	(237, 465)	(237, 480)	(183, 480)
image	|		(247, 465)	(253, 465)	(253, 480)	(247, 480)
image	120		(264, 465)	(288, 465)	(288, 480)	(264, 480)
image	|		(105, 466)	(112, 466)	(112, 481)	(105, 481)
image	291		(120, 465)	(146, 465)	(146, 480)	(120, 480)
image	|		(106, 490)	(113, 490)	(113, 505)	(106, 505)
image	292		(121, 489)	(148, 489)	(148, 504)	(121, 504)
image	|		(157, 489)	(165, 489)	(165, 504)	(157, 504)
image	6.8.97		(185, 488)	(237, 488)	(237, 504)	(185, 504)
image	|		(247, 488)	(252, 488)	(252, 503)	(247, 503)
image	120		(264, 488)	(288, 488)	(288, 503)	(264, 503)
image	|		(106, 513)	(112, 513)	(112, 527)	(106, 527)
image	293		(120, 512)	(147, 512)	(147, 526)	(120, 526)
image	6.8.97		(184, 512)	(237, 512)	(237, 526)	(184, 526)
image	|		(247, 511)	(253, 511)	(253, 525)	(247, 525)
image	120		(263, 511)	(288, 511)	(288, 525)	(263, 525)
image	6.8.97		(184, 535)	(236, 534)	(236, 550)	(184, 551)
image	|		(247, 535)	(253, 535)	(253, 550)	(247, 550)
image	120		(264, 535)	(288, 535)	(288, 550)	(264, 550)
image	6.8.97		(184, 559)	(236, 559)	(236, 574)	(184, 574)
image	|		(247, 558)	(253, 558)	(253, 573)	(247, 573)
image	120		(263, 558)	(287, 558)	(287, 573)	(263, 573)
image	6.8.97		(184, 582)	(236, 582)	(236, 597)	(184, 597)
image	|		(247, 581)	(253, 581)	(253, 596)	(247, 596)
image	120		(263, 581)	(287, 581)	(287, 596)	(263, 596)
image	6.8.97		(183, 606)	(236, 606)	(236, 622)	(183, 622)
image	|		(247, 605)	(253, 605)	(253, 621)	(247, 621)
image	120		(263, 605)	(288, 605)	(288, 621)	(263, 621)
image	6.8.97		(185, 629)	(236, 629)	(236, 645)	(185, 645)
image	|		(246, 629)	(253, 629)	(253, 644)	(246, 644)
image	121A		(263, 629)	(297, 629)	(297, 644)	(263, 644)
image	6.8.97		(184, 655)	(237, 655)	(237, 670)	(184, 670)
image	121A		(263, 654)	(297, 654)	(297, 669)	(263, 669)
image	6.8.97		(185, 678)	(236, 677)	(236, 693)	(185, 694)
image	|		(246, 678)	(252, 678)	(252, 693)	(246, 693)
image	121A		(264, 678)	(299, 678)	(299, 693)	(264, 693)
image	6.8.97		(183, 702)	(236, 702)	(236, 716)	(183, 716)
image	121A		(263, 701)	(297, 701)	(297, 715)	(263, 715)
image	|		(106, 537)	(112, 537)	(112, 552)	(106, 552)
image	294		(120, 536)	(147, 536)	(147, 551)	(120, 551)
image	|		(159, 536)	(165, 536)	(165, 551)	(159, 551)
image	|		(105, 560)	(112, 560)	(112, 575)	(105, 575)
image	295		(120, 559)	(147, 559)	(147, 574)	(120, 574)
image	|		(156, 559)	(163, 559)	(163, 574)	(156, 574)
image	|		(106, 583)	(112, 583)	(112, 598)	(106, 598)
image	296		(121, 582)	(148, 582)	(148, 597)	(121, 597)
image	|		(105, 607)	(111, 607)	(111, 623)	(105, 623)
image	297		(120, 606)	(147, 606)	(147, 622)	(120, 622)
image	|		(157, 606)	(164, 606)	(164, 622)	(157, 622)
image	|		(106, 631)	(112, 631)	(112, 646)	(106, 646)
image	298		(121, 630)	(148, 630)	(148, 645)	(121, 645)
image	|		(106, 656)	(112, 656)	(112, 671)	(106, 671)
image	299		(121, 655)	(147, 655)	(147, 670)	(121, 670)
image	|		(158, 655)	(164, 655)	(164, 670)	(158, 670)
image	|		(106, 680)	(113, 680)	(113, 695)	(106, 695)
image	300		(121, 679)	(147, 679)	(147, 694)	(121, 694)
image	|		(158, 679)	(164, 679)	(164, 694)	(158, 694)
image	301		(122, 702)	(146, 702)	(146, 717)	(122, 717)
image	|		(106, 727)	(113, 727)	(113, 742)	(106, 742)
image	302		(121, 726)	(148, 726)	(148, 741)	(121, 741)
image	|		(158, 726)	(165, 726)	(165, 741)	(158, 741)
image	|		(105, 752)	(111, 752)	(111, 767)	(105, 767)
image	303		(121, 751)	(147, 751)	(147, 766)	(121, 766)
image	|		(158, 751)	(164, 751)	(164, 766)	(158, 766)
image	|		(106, 775)	(113, 775)	(113, 790)	(106, 790)
image	304		(122, 774)	(147, 774)	(147, 789)	(122, 789)
image	|		(106, 801)	(112, 801)	(112, 816)	(106, 816)
image	305		(121, 800)	(147, 800)	(147, 815)	(121, 815)
image	|		(106, 823)	(112, 823)	(112, 839)	(106, 839)
image	306		(121, 822)	(147, 822)	(147, 838)	(121, 838)
image	|		(106, 848)	(113, 848)	(113, 864)	(106, 864)
image	307		(121, 847)	(147, 847)	(147, 863)	(121, 863)
image	308		(122, 869)	(148, 869)	(148, 887)	(122, 887)
image	|		(106, 895)	(112, 895)	(112, 910)	(106, 910)
image	309		(122, 895)	(148, 895)	(148, 910)	(122, 910)
image	|		(158, 895)	(164, 895)	(164, 910)	(158, 910)
image	|		(106, 919)	(112, 919)	(112, 934)	(106, 934)
image	310		(121, 918)	(146, 918)	(146, 933)	(121, 933)
image	|		(158, 918)	(164, 918)	(164, 933)	(158, 933)
image	|		(105, 942)	(112, 942)	(112, 957)	(105, 957)
image	311		(122, 942)	(147, 942)	(147, 957)	(122, 957)
image	|		(105, 966)	(112, 966)	(112, 981)	(105, 981)
image	312		(123, 966)	(149, 966)	(149, 981)	(123, 981)
image	|		(159, 966)	(165, 966)	(165, 981)	(159, 981)
image	|		(105, 990)	(112, 990)	(112, 1006)	(105, 1006)
image	313		(121, 990)	(148, 990)	(148, 1006)	(121, 1006)
image	|		(158, 990)	(164, 990)	(164, 1006)	(158, 1006)
image	|		(106, 1013)	(113, 1013)	(113, 1029)	(106, 1029)
image	314		(123, 1013)	(149, 1013)	(149, 1029)	(123, 1029)
image	|		(159, 1013)	(165, 1013)	(165, 1029)	(159, 1029)
image	|		(105, 1039)	(112, 1039)	(112, 1054)	(105, 1054)
image	315		(120, 1038)	(147, 1038)	(147, 1053)	(120, 1053)
image	|		(156, 1038)	(163, 1038)	(163, 1053)	(156, 1053)
image	|		(106, 1061)	(112, 1061)	(112, 1076)	(106, 1076)
image	316		(122, 1061)	(148, 1061)	(148, 1076)	(122, 1076)
image	|		(159, 1061)	(166, 1061)	(166, 1076)	(159, 1076)
image	|		(105, 1085)	(112, 1085)	(112, 1099)	(105, 1099)
image	317		(121, 1085)	(146, 1085)	(146, 1099)	(121, 1099)
image	|		(157, 1085)	(163, 1085)	(163, 1099)	(157, 1099)
image	|		(106, 1109)	(112, 1109)	(112, 1124)	(106, 1124)
image	318		(121, 1108)	(148, 1108)	(148, 1123)	(121, 1123)
image	|		(158, 1108)	(164, 1108)	(164, 1123)	(158, 1123)
image	|		(105, 1133)	(111, 1133)	(111, 1148)	(105, 1148)
image	319		(121, 1132)	(147, 1132)	(147, 1147)	(121, 1147)
image	|		(157, 1132)	(163, 1132)	(163, 1147)	(157, 1147)
image	|		(106, 1157)	(112, 1157)	(112, 1172)	(106, 1172)
image	320		(122, 1156)	(146, 1156)	(146, 1171)	(122, 1171)
image	|		(158, 1156)	(164, 1156)	(164, 1171)	(158, 1171)
image	|		(105, 1181)	(112, 1181)	(112, 1197)	(105, 1197)
image	321		(121, 1180)	(147, 1180)	(147, 1196)	(121, 1196)
image	|		(106, 1204)	(113, 1204)	(113, 1219)	(106, 1219)
image	322		(121, 1203)	(147, 1203)	(147, 1218)	(121, 1218)
image	6.8.97		(184, 726)	(236, 726)	(236, 741)	(184, 741)
image	|		(246, 726)	(253, 726)	(253, 741)	(246, 741)
image	122		(263, 726)	(289, 726)	(289, 741)	(263, 741)
image	6.8.97		(184, 751)	(236, 751)	(236, 766)	(184, 766)
image	|		(246, 750)	(252, 750)	(252, 765)	(246, 765)
image	122		(262, 750)	(287, 750)	(287, 765)	(262, 765)
image	6.8.97		(183, 774)	(236, 774)	(236, 789)	(183, 789)
image	|		(245, 773)	(252, 773)	(252, 788)	(245, 788)
image	122		(263, 773)	(288, 773)	(288, 788)	(263, 788)
image	6.8.97		(184, 799)	(237, 798)	(237, 814)	(184, 815)
image	|		(245, 799)	(252, 799)	(252, 814)	(245, 814)
image	122		(262, 799)	(288, 799)	(288, 814)	(262, 814)
image	6.8.97		(184, 822)	(236, 822)	(236, 838)	(184, 838)
image	|		(246, 822)	(252, 822)	(252, 838)	(246, 838)
image	122		(263, 822)	(288, 822)	(288, 838)	(263, 838)
image	7.8.97		(184, 847)	(235, 847)	(235, 863)	(184, 863)
image	|		(245, 846)	(252, 846)	(252, 862)	(245, 862)
image	122		(262, 846)	(287, 846)	(287, 862)	(262, 862)
image	7.8.97		(184, 869)	(237, 869)	(237, 886)	(184, 886)
image	|		(245, 869)	(252, 869)	(252, 886)	(245, 886)
image	123		(263, 868)	(288, 868)	(288, 885)	(263, 885)
image	7.8.97		(184, 1107)	(236, 1106)	(236, 1122)	(184, 1123)
image	|		(245, 1107)	(253, 1107)	(253, 1122)	(245, 1122)
image	124		(262, 1107)	(287, 1107)	(287, 1122)	(262, 1122)
image	7.8.97		(184, 1132)	(235, 1132)	(235, 1147)	(184, 1147)
image	|		(245, 1131)	(252, 1131)	(252, 1146)	(245, 1146)
image	124		(261, 1131)	(287, 1131)	(287, 1146)	(261, 1146)
image	7.8.97		(184, 1156)	(235, 1156)	(235, 1171)	(184, 1171)
image	|		(246, 1155)	(253, 1155)	(253, 1170)	(246, 1170)
image	124		(262, 1155)	(287, 1155)	(287, 1170)	(262, 1170)
image	7.8.97		(185, 1180)	(235, 1180)	(235, 1196)	(185, 1196)
image	|		(246, 1179)	(252, 1179)	(252, 1195)	(246, 1195)
image	124		(262, 1179)	(286, 1179)	(286, 1195)	(262, 1195)
image	7.8.97		(185, 1203)	(235, 1203)	(235, 1218)	(185, 1218)
image	|		(245, 1203)	(253, 1203)	(253, 1218)	(245, 1218)
image	124		(262, 1202)	(288, 1202)	(288, 1217)	(262, 1217)
image	7.8.97		(184, 1228)	(236, 1228)	(236, 1244)	(184, 1244)
image	|		(245, 1227)	(252, 1227)	(252, 1243)	(245, 1243)
image	124		(262, 1227)	(287, 1227)	(287, 1243)	(262, 1243)
image	7.8.97		(184, 1251)	(236, 1250)	(236, 1267)	(184, 1268)
image	|		(245, 1251)	(252, 1251)	(252, 1267)	(245, 1267)
image	124		(262, 1251)	(288, 1251)	(288, 1267)	(262, 1267)
image	7.8.97		(183, 1276)	(235, 1276)	(235, 1292)	(183, 1292)
image	|		(245, 1276)	(252, 1276)	(252, 1292)	(245, 1292)
image	124		(261, 1276)	(288, 1276)	(288, 1292)	(261, 1292)
image	7.8.97		(184, 1299)	(237, 1299)	(237, 1316)	(184, 1316)
image	|		(245, 1299)	(252, 1299)	(252, 1315)	(245, 1315)
image	124		(262, 1299)	(288, 1299)	(288, 1315)	(262, 1315)
image	7.8.97		(183, 1323)	(235, 1323)	(235, 1340)	(183, 1340)
image	|		(245, 1323)	(252, 1323)	(252, 1340)	(245, 1340)
image	124		(262, 1322)	(288, 1322)	(288, 1340)	(262, 1340)
image	7.8.97		(183, 1348)	(235, 1348)	(235, 1364)	(183, 1364)
image	|		(245, 1348)	(252, 1348)	(252, 1364)	(245, 1364)
image	124		(262, 1348)	(288, 1348)	(288, 1364)	(262, 1364)
image	|		(331, 179)	(343, 179)	(343, 193)	(331, 193)
image	J		(346, 178)	(358, 178)	(358, 192)	(346, 192)
image	|		(333, 203)	(344, 203)	(344, 216)	(333, 216)
image	J		(347, 202)	(359, 202)	(359, 215)	(347, 215)
image	|		(105, 1229)	(112, 1229)	(112, 1245)	(105, 1245)
image	323		(121, 1228)	(148, 1228)	(148, 1244)	(121, 1244)
image	|		(106, 1253)	(113, 1253)	(113, 1269)	(106, 1269)
image	324		(122, 1252)	(147, 1252)	(147, 1268)	(122, 1268)
image	|		(106, 1277)	(112, 1277)	(112, 1293)	(106, 1293)
image	325		(121, 1276)	(147, 1276)	(147, 1292)	(121, 1292)
image	|		(158, 1276)	(164, 1276)	(164, 1292)	(158, 1292)
image	|		(106, 1301)	(113, 1301)	(113, 1317)	(106, 1317)
image	326		(121, 1300)	(148, 1300)	(148, 1316)	(121, 1316)
image	|		(159, 1300)	(165, 1300)	(165, 1316)	(159, 1316)
image	|		(106, 1324)	(113, 1324)	(113, 1341)	(106, 1341)
image	327		(121, 1323)	(148, 1323)	(148, 1340)	(121, 1340)
image	|		(106, 1349)	(113, 1349)	(113, 1365)	(106, 1365)
image	328		(122, 1348)	(148, 1348)	(148, 1364)	(122, 1364)
image	|		(105, 1373)	(112, 1373)	(112, 1389)	(105, 1389)
image	329		(122, 1373)	(149, 1373)	(149, 1389)	(122, 1389)
image	|		(158, 1373)	(164, 1373)	(164, 1389)	(158, 1389)
image	7.8.97		(184, 1373)	(237, 1373)	(237, 1389)	(184, 1389)
image	|		(246, 1373)	(253, 1373)	(253, 1389)	(246, 1389)
image	124		(262, 1373)	(288, 1373)	(288, 1389)	(262, 1389)
image	330		(123, 1396)	(148, 1396)	(148, 1412)	(123, 1412)
image	7.8.97		(183, 1396)	(236, 1396)	(236, 1411)	(183, 1411)
image	|		(245, 1396)	(252, 1396)	(252, 1411)	(245, 1411)
image	124		(261, 1395)	(287, 1395)	(287, 1410)	(261, 1410)
image	7.8.97		(184, 1421)	(236, 1421)	(236, 1437)	(184, 1437)
image	|		(246, 1421)	(253, 1421)	(253, 1437)	(246, 1437)
image	124		(262, 1421)	(288, 1421)	(288, 1437)	(262, 1437)
image	|		(105, 1421)	(112, 1421)	(112, 1437)	(105, 1437)
image	330		(122, 1421)	(148, 1421)	(148, 1437)	(122, 1437)
image	|		(106, 1447)	(113, 1447)	(113, 1464)	(106, 1464)
image	331		(122, 1446)	(148, 1446)	(148, 1463)	(122, 1463)
image	|		(158, 1446)	(165, 1446)	(165, 1463)	(158, 1463)
image	7.8.97		(184, 1445)	(237, 1444)	(237, 1462)	(184, 1463)
image	|		(245, 1445)	(252, 1445)	(252, 1462)	(245, 1462)
image	124		(262, 1445)	(288, 1445)	(288, 1462)	(262, 1462)
image	|		(105, 1471)	(112, 1471)	(112, 1487)	(105, 1487)
image	332		(122, 1470)	(148, 1470)	(148, 1486)	(122, 1486)
image	|		(158, 1470)	(164, 1470)	(164, 1486)	(158, 1486)
image	8.8.97		(183, 1470)	(235, 1470)	(235, 1486)	(183, 1486)
image	|		(245, 1469)	(251, 1469)	(251, 1485)	(245, 1485)
image	129		(262, 1469)	(287, 1469)	(287, 1485)	(262, 1485)
image	|		(106, 1495)	(112, 1495)	(112, 1511)	(106, 1511)
image	333		(122, 1494)	(149, 1494)	(149, 1510)	(122, 1510)
image	|		(158, 1494)	(164, 1494)	(164, 1510)	(158, 1510)
image	8.8.97		(183, 1494)	(237, 1494)	(237, 1510)	(183, 1510)
image	|		(245, 1494)	(252, 1494)	(252, 1510)	(245, 1510)
image	129		(262, 1493)	(288, 1493)	(288, 1510)	(262, 1510)
image	IS		(334, 226)	(358, 225)	(358, 241)	(334, 242)
image	IS		(333, 250)	(359, 250)	(359, 265)	(333, 265)
image	IS		(333, 274)	(358, 273)	(358, 289)	(333, 290)
image	IS		(333, 299)	(358, 298)	(358, 313)	(333, 314)
image	|		(334, 324)	(342, 324)	(342, 338)	(334, 338)
image	bez		(347, 323)	(374, 322)	(374, 336)	(347, 337)
image	rozlišení		(384, 322)	(460, 320)	(460, 335)	(384, 337)
image	|		(333, 347)	(341, 347)	(341, 361)	(333, 361)
image	bez		(348, 346)	(374, 345)	(374, 359)	(348, 360)
image	rozlišení		(384, 345)	(460, 343)	(460, 358)	(384, 360)
image	|		(334, 371)	(342, 371)	(342, 386)	(334, 386)
image	bez		(347, 370)	(374, 369)	(374, 384)	(347, 385)
image	rozlišení		(384, 369)	(460, 367)	(460, 383)	(384, 385)
image	1		(330, 394)	(346, 394)	(346, 411)	(330, 411)
image	104		(308, 419)	(331, 419)	(331, 435)	(308, 435)
image	|		(334, 419)	(340, 419)	(340, 435)	(334, 435)
image	JV		(347, 419)	(368, 419)	(368, 435)	(347, 435)
image	104		(308, 442)	(332, 442)	(332, 458)	(308, 458)
image	|		(335, 442)	(340, 442)	(340, 458)	(335, 458)
image	JV		(348, 442)	(368, 442)	(368, 458)	(348, 458)
image	|		(332, 512)	(343, 512)	(343, 527)	(332, 527)
image	V		(346, 511)	(358, 511)	(358, 526)	(346, 526)
image	IV		(333, 534)	(359, 534)	(359, 549)	(333, 549)
image	Z		(347, 559)	(358, 559)	(358, 571)	(347, 571)
image	|		(333, 582)	(343, 582)	(343, 596)	(333, 596)
image	Z		(346, 581)	(358, 581)	(358, 595)	(346, 595)
image	|		(514, 441)	(526, 441)	(526, 455)	(514, 455)
image	1		(530, 440)	(541, 440)	(541, 454)	(530, 454)
image	|		(333, 464)	(340, 464)	(340, 479)	(333, 479)
image	začištění		(349, 464)	(426, 464)	(426, 479)	(349, 479)
image	povrchu		(436, 464)	(497, 464)	(497, 479)	(436, 479)
image	|		(516, 465)	(523, 465)	(523, 480)	(516, 480)
image	0		(530, 465)	(539, 465)	(539, 480)	(530, 480)
image	|		(334, 488)	(343, 488)	(343, 501)	(334, 501)
image	V		(347, 487)	(359, 487)	(359, 500)	(347, 500)
image	11		(513, 510)	(539, 509)	(539, 525)	(513, 526)
image	|		(333, 629)	(340, 629)	(340, 645)	(333, 645)
image	bez		(347, 628)	(375, 628)	(375, 644)	(347, 644)
image	rozlišení		(383, 628)	(460, 627)	(460, 643)	(383, 644)
image	|		(333, 654)	(340, 654)	(340, 669)	(333, 669)
image	bez		(347, 653)	(374, 653)	(374, 668)	(347, 668)
image	rozlišení		(383, 652)	(459, 651)	(459, 667)	(383, 668)
image	|		(333, 678)	(341, 678)	(341, 694)	(333, 694)
image	bez		(348, 677)	(374, 677)	(374, 693)	(348, 693)
image	rozlišení		(383, 676)	(460, 675)	(460, 692)	(383, 693)
image	bez		(348, 701)	(373, 701)	(373, 716)	(348, 716)
image	rozlišení		(383, 701)	(460, 700)	(460, 714)	(383, 715)
image	7.8.97		(184, 895)	(236, 895)	(236, 910)	(184, 910)
image	|		(247, 895)	(253, 895)	(253, 910)	(247, 910)
image	123		(263, 895)	(289, 895)	(289, 910)	(263, 910)
image	7.8.97		(185, 918)	(236, 918)	(236, 933)	(185, 933)
image	|		(246, 917)	(252, 917)	(252, 932)	(246, 932)
image	123		(262, 917)	(288, 917)	(288, 932)	(262, 932)
image	7.8.97		(184, 942)	(237, 942)	(237, 957)	(184, 957)
image	|		(246, 942)	(252, 942)	(252, 957)	(246, 957)
image	123		(263, 942)	(288, 942)	(288, 957)	(263, 957)
image	7.8.97		(184, 966)	(236, 966)	(236, 981)	(184, 981)
image	|		(247, 966)	(253, 966)	(253, 981)	(247, 981)
image	123		(263, 966)	(288, 966)	(288, 981)	(263, 981)
image	7.8.97		(184, 990)	(237, 990)	(237, 1006)	(184, 1006)
image	|		(246, 990)	(252, 990)	(252, 1006)	(246, 1006)
image	123		(263, 990)	(288, 990)	(288, 1006)	(263, 1006)
image	7.8.97		(184, 1013)	(237, 1013)	(237, 1029)	(184, 1029)
image	|		(247, 1013)	(253, 1013)	(253, 1029)	(247, 1029)
image	123		(263, 1013)	(289, 1013)	(289, 1029)	(263, 1029)
image	7.8.97		(183, 1038)	(236, 1038)	(236, 1053)	(183, 1053)
image	|		(244, 1037)	(251, 1037)	(251, 1052)	(244, 1052)
image	123		(262, 1037)	(287, 1037)	(287, 1052)	(262, 1052)
image	7.8.97		(185, 1061)	(237, 1061)	(237, 1076)	(185, 1076)
image	|		(247, 1061)	(252, 1061)	(252, 1076)	(247, 1076)
image	k.j.		(263, 1061)	(295, 1061)	(295, 1076)	(263, 1076)
image	1071		(307, 1061)	(339, 1061)	(339, 1076)	(307, 1076)
image	S		(348, 1061)	(357, 1061)	(357, 1076)	(348, 1076)
image	7.8.97		(184, 1084)	(235, 1084)	(235, 1098)	(184, 1098)
image	124		(262, 1084)	(286, 1084)	(286, 1097)	(262, 1097)
image	|		(329, 1084)	(340, 1084)	(340, 1099)	(329, 1099)
image	J		(345, 1083)	(357, 1083)	(357, 1098)	(345, 1098)
image	|		(331, 1108)	(342, 1108)	(342, 1122)	(331, 1122)
image	J		(345, 1107)	(357, 1107)	(357, 1121)	(345, 1121)
image	|		(331, 775)	(343, 775)	(343, 789)	(331, 789)
image	J		(345, 774)	(358, 774)	(358, 788)	(345, 788)
image	IS		(331, 797)	(358, 796)	(358, 812)	(331, 813)
image	IS		(333, 822)	(358, 821)	(358, 835)	(333, 836)
image	|		(331, 870)	(342, 870)	(342, 884)	(331, 884)
image	J		(345, 869)	(358, 869)	(358, 883)	(345, 883)
image	1J		(331, 894)	(356, 893)	(357, 909)	(332, 910)
image	|		(330, 919)	(342, 919)	(342, 933)	(331, 933)
image	J		(346, 918)	(358, 918)	(358, 932)	(347, 932)
image	|		(331, 942)	(343, 942)	(343, 956)	(331, 956)
image	J		(345, 941)	(357, 941)	(357, 955)	(345, 955)
image	|		(332, 966)	(342, 966)	(342, 980)	(332, 980)
image	S		(345, 965)	(357, 965)	(357, 979)	(345, 979)
image	IS		(331, 989)	(356, 988)	(356, 1003)	(331, 1004)
image	|		(332, 1013)	(343, 1013)	(343, 1028)	(332, 1028)
image	S		(345, 1012)	(357, 1012)	(357, 1027)	(345, 1027)
image	IS		(331, 1036)	(356, 1035)	(356, 1050)	(331, 1051)
image	|		(330, 1132)	(342, 1132)	(343, 1147)	(331, 1147)
image	J		(345, 1131)	(357, 1131)	(358, 1146)	(346, 1146)
image	|		(330, 1156)	(342, 1156)	(342, 1170)	(330, 1170)
image	J		(345, 1155)	(357, 1155)	(357, 1169)	(345, 1169)
image	|		(331, 1179)	(343, 1179)	(343, 1193)	(331, 1193)
image	J		(345, 1178)	(358, 1178)	(358, 1192)	(345, 1192)
image	|		(330, 1203)	(342, 1203)	(342, 1218)	(330, 1218)
image	J		(345, 1202)	(358, 1202)	(358, 1217)	(345, 1217)
image	IS		(332, 1227)	(357, 1226)	(357, 1242)	(332, 1243)
image	|		(332, 1253)	(342, 1253)	(342, 1267)	(332, 1267)
image	S		(346, 1252)	(358, 1252)	(358, 1266)	(346, 1266)
image	IS		(332, 1275)	(357, 1274)	(357, 1290)	(332, 1291)
image	IS		(333, 1300)	(359, 1299)	(359, 1313)	(334, 1314)
image	|		(332, 1324)	(342, 1324)	(342, 1340)	(332, 1340)
image	S		(345, 1323)	(358, 1323)	(358, 1339)	(345, 1339)
image	|		(333, 1349)	(343, 1349)	(343, 1363)	(334, 1363)
image	S		(347, 1348)	(359, 1348)	(359, 1362)	(348, 1362)
image	IS		(331, 1371)	(357, 1370)	(357, 1387)	(331, 1388)
image	|		(332, 1397)	(343, 1397)	(343, 1412)	(332, 1412)
image	J		(345, 1396)	(357, 1396)	(357, 1411)	(345, 1411)
image	Vrstva		(523, 131)	(574, 130)	(574, 145)	(523, 146)
image	Materiál		(590, 129)	(661, 127)	(661, 142)	(590, 144)
image	+		(512, 154)	(528, 154)	(528, 170)	(512, 170)
image	|		(332, 1445)	(343, 1445)	(343, 1460)	(332, 1460)
image	J		(345, 1444)	(358, 1444)	(358, 1459)	(345, 1459)
image	|		(332, 1471)	(342, 1471)	(342, 1485)	(332, 1485)
image	V		(346, 1470)	(357, 1470)	(357, 1484)	(346, 1484)
image	I		(333, 1495)	(343, 1495)	(343, 1509)	(333, 1509)
image	V		(346, 1494)	(357, 1494)	(357, 1508)	(346, 1508)
image	11		(514, 322)	(540, 321)	(540, 337)	(514, 338)
image	|		(515, 347)	(525, 347)	(525, 362)	(515, 362)
image	1		(530, 346)	(540, 346)	(540, 361)	(530, 361)
image	|		(515, 370)	(524, 370)	(524, 385)	(515, 385)
image	1		(529, 369)	(539, 369)	(539, 384)	(529, 384)
image	[		(514, 394)	(526, 394)	(526, 409)	(514, 409)
image	1		(529, 393)	(539, 393)	(539, 408)	(529, 408)
image	3		(531, 629)	(543, 629)	(543, 642)	(531, 642)
image	3		(530, 654)	(542, 654)	(542, 666)	(530, 666)
image	3		(531, 678)	(542, 678)	(542, 690)	(531, 690)
image	3		(530, 702)	(541, 702)	(541, 715)	(530, 715)
image	11		(513, 724)	(540, 724)	(540, 739)	(513, 739)
image	|		(513, 774)	(525, 774)	(525, 788)	(513, 788)
image	1		(529, 773)	(539, 773)	(539, 787)	(529, 787)
image	12		(514, 1154)	(541, 1153)	(541, 1167)	(514, 1168)
image	|		(514, 1226)	(525, 1226)	(525, 1242)	(514, 1242)
image	1		(529, 1225)	(540, 1225)	(540, 1241)	(529, 1241)
image	|		(514, 1276)	(523, 1276)	(523, 1291)	(514, 1291)
image	1		(528, 1275)	(539, 1275)	(539, 1290)	(528, 1290)
image	12		(514, 1300)	(543, 1299)	(544, 1313)	(515, 1314)
image	2		(529, 1324)	(542, 1324)	(542, 1337)	(529, 1337)
image	3		(531, 1348)	(543, 1348)	(543, 1360)	(531, 1360)
image	|		(515, 1372)	(524, 1372)	(524, 1388)	(515, 1388)
image	3		(529, 1371)	(541, 1371)	(541, 1387)	(529, 1387)
image	|		(515, 1395)	(525, 1395)	(525, 1410)	(515, 1410)
image	0		(529, 1394)	(541, 1394)	(541, 1409)	(529, 1409)
image	1		(512, 1419)	(526, 1419)	(526, 1436)	(512, 1436)
image	|		(515, 1444)	(524, 1444)	(524, 1459)	(515, 1459)
image	0		(530, 1443)	(541, 1443)	(541, 1458)	(530, 1458)
image	11		(514, 1469)	(540, 1469)	(540, 1485)	(514, 1485)
image	|		(515, 1494)	(527, 1494)	(527, 1509)	(515, 1509)
image	1		(530, 1493)	(540, 1493)	(540, 1508)	(530, 1508)
image	|		(576, 178)	(585, 178)	(585, 194)	(576, 194)
image	BI		(590, 177)	(609, 177)	(609, 193)	(590, 193)
image	10		(757, 177)	(783, 177)	(783, 193)	(757, 193)
image	brousky		(592, 200)	(653, 199)	(653, 216)	(592, 217)
image	pískovec		(678, 199)	(747, 198)	(747, 215)	(678, 216)
image	|		(758, 199)	(764, 199)	(764, 215)	(758, 215)
image	0		(773, 199)	(782, 199)	(782, 215)	(773, 215)
image	|		(576, 226)	(585, 226)	(586, 242)	(577, 242)
image	kámen		(591, 224)	(634, 222)	(635, 239)	(592, 241)
image	|		(757, 225)	(767, 225)	(767, 240)	(757, 240)
image	0		(772, 224)	(783, 224)	(783, 239)	(772, 239)
image	mazanice		(592, 250)	(661, 249)	(661, 262)	(592, 263)
image	|		(576, 275)	(585, 275)	(585, 290)	(576, 290)
image	keramika		(591, 274)	(660, 273)	(660, 289)	(591, 290)
image	|		(579, 299)	(581, 299)	(581, 315)	(579, 315)
image	|		(576, 323)	(585, 323)	(585, 337)	(576, 337)
image	uhlíky		(591, 322)	(643, 322)	(643, 336)	(591, 336)
image	|		(577, 346)	(584, 346)	(584, 361)	(577, 361)
image	kameny		(592, 346)	(645, 346)	(645, 361)	(592, 361)
image	BI		(592, 298)	(606, 298)	(606, 314)	(592, 314)
image	keramika		(592, 370)	(660, 369)	(660, 382)	(592, 383)
image	mazanice		(591, 394)	(661, 393)	(661, 405)	(591, 406)
image	keramika		(592, 417)	(660, 416)	(660, 429)	(592, 430)
image	|		(576, 440)	(586, 440)	(586, 456)	(576, 456)
image	31		(589, 439)	(609, 439)	(609, 455)	(589, 455)
image	keramika		(593, 464)	(660, 463)	(660, 476)	(593, 477)
image	keramika		(593, 487)	(661, 486)	(661, 499)	(593, 500)
image	mazanice		(591, 511)	(660, 510)	(660, 523)	(591, 524)
image	|		(576, 534)	(584, 534)	(584, 549)	(576, 549)
image	uhlíky		(592, 534)	(646, 534)	(646, 549)	(592, 549)
image	keramika		(592, 558)	(660, 558)	(660, 571)	(592, 571)
image	|		(577, 581)	(584, 581)	(584, 595)	(577, 595)
image	mazanice		(592, 581)	(661, 581)	(661, 595)	(592, 595)
image	|		(575, 605)	(585, 605)	(585, 620)	(575, 620)
image	uhlíky		(592, 605)	(645, 605)	(645, 620)	(592, 620)
image	|		(576, 630)	(584, 630)	(584, 644)	(576, 644)
image	keramika		(592, 629)	(660, 628)	(660, 643)	(592, 644)
image	mazanice		(591, 653)	(661, 653)	(661, 666)	(591, 666)
image	|		(576, 677)	(586, 677)	(586, 692)	(576, 692)
image	uhlíky		(591, 676)	(643, 675)	(643, 691)	(591, 692)
image	|		(576, 701)	(584, 701)	(584, 716)	(576, 716)
image	kameny		(591, 701)	(644, 701)	(644, 716)	(591, 716)
image	keramika		(591, 724)	(660, 722)	(660, 737)	(591, 739)
image	|		(575, 749)	(583, 749)	(583, 764)	(575, 764)
image	SI		(589, 748)	(607, 748)	(607, 763)	(589, 763)
image	|		(576, 773)	(584, 773)	(584, 788)	(576, 788)
image	BI		(590, 772)	(608, 772)	(608, 787)	(590, 787)
image	|		(575, 796)	(584, 796)	(585, 812)	(576, 812)
image	ŠI		(590, 795)	(607, 794)	(608, 810)	(591, 811)
image	|		(577, 821)	(585, 821)	(585, 836)	(577, 836)
image	keramika		(591, 820)	(660, 818)	(660, 834)	(591, 836)
image	|		(576, 845)	(584, 845)	(584, 861)	(576, 861)
image	kameny		(591, 844)	(644, 843)	(644, 860)	(591, 861)
image	|		(575, 867)	(584, 867)	(584, 883)	(575, 883)
image	ŠI		(590, 866)	(608, 866)	(608, 882)	(590, 882)
image	keramika		(592, 893)	(660, 892)	(660, 905)	(592, 906)
image	mazanice		(592, 917)	(661, 916)	(661, 929)	(592, 930)
image	|		(575, 941)	(583, 941)	(583, 956)	(575, 956)
image	kameny		(590, 940)	(643, 938)	(643, 953)	(590, 955)
image	kameny		(592, 965)	(645, 965)	(645, 978)	(592, 978)
image	BI		(590, 987)	(607, 987)	(607, 1001)	(590, 1001)
image	keramika		(592, 1012)	(659, 1011)	(659, 1025)	(592, 1026)
image	mazanice		(591, 1035)	(660, 1034)	(660, 1047)	(591, 1048)
image	|		(575, 1059)	(583, 1059)	(583, 1074)	(575, 1074)
image	mazanice		(590, 1058)	(661, 1056)	(661, 1071)	(590, 1073)
image	|		(575, 1084)	(583, 1084)	(583, 1098)	(575, 1098)
image	mazanice		(590, 1083)	(661, 1081)	(661, 1095)	(590, 1097)
image	|		(576, 1107)	(583, 1107)	(583, 1121)	(576, 1121)
image	mazanice		(591, 1106)	(662, 1105)	(662, 1120)	(591, 1121)
image	keramika		(591, 1130)	(660, 1128)	(660, 1141)	(591, 1143)
image	keramika		(592, 1154)	(661, 1154)	(661, 1167)	(592, 1167)
image	|		(576, 1178)	(584, 1178)	(585, 1193)	(577, 1193)
image	kámen		(591, 1177)	(633, 1175)	(634, 1190)	(592, 1192)
image	uhlíky		(592, 1201)	(644, 1200)	(644, 1215)	(592, 1216)
image	keramika		(592, 1225)	(660, 1224)	(660, 1238)	(592, 1239)
image	|		(577, 1251)	(585, 1251)	(585, 1267)	(577, 1267)
image	BI		(590, 1250)	(609, 1250)	(609, 1266)	(590, 1266)
image	mazanice		(591, 1275)	(661, 1273)	(661, 1286)	(591, 1288)
image	mazanice		(592, 1299)	(662, 1298)	(662, 1311)	(592, 1312)
image	keramika		(592, 1322)	(660, 1321)	(660, 1335)	(592, 1336)
image	keramika		(593, 1347)	(660, 1346)	(660, 1360)	(593, 1361)
image	mazanice		(592, 1372)	(661, 1371)	(661, 1384)	(592, 1385)
image	mazanice		(592, 1395)	(662, 1395)	(662, 1408)	(592, 1408)
image	mazanice		(592, 1418)	(662, 1417)	(662, 1431)	(592, 1432)
image	|		(577, 1444)	(585, 1444)	(585, 1459)	(577, 1459)
image	uhlíky		(592, 1443)	(646, 1443)	(646, 1458)	(592, 1458)
image	|		(757, 130)	(765, 130)	(765, 143)	(757, 143)
image	Poznámka		(774, 129)	(842, 128)	(842, 141)	(774, 142)
image	keramika		(592, 1468)	(661, 1466)	(661, 1480)	(592, 1482)
image	|		(577, 1494)	(585, 1494)	(585, 1508)	(577, 1508)
image	mazanice		(591, 1493)	(661, 1491)	(661, 1506)	(591, 1508)
image	10		(757, 250)	(782, 249)	(783, 263)	(758, 264)
image	10		(757, 274)	(783, 273)	(784, 288)	(758, 289)
image	|		(757, 297)	(767, 297)	(768, 312)	(758, 312)
image	0		(772, 296)	(783, 296)	(784, 311)	(773, 311)
image	|		(757, 417)	(768, 417)	(769, 432)	(758, 432)
image	0		(772, 416)	(783, 416)	(784, 431)	(773, 431)
image	|		(757, 439)	(767, 438)	(768, 454)	(758, 455)
image	0		(772, 438)	(783, 437)	(784, 453)	(773, 454)
image	|		(757, 463)	(767, 462)	(768, 478)	(758, 479)
image	0		(772, 462)	(783, 461)	(784, 477)	(773, 478)
image	10		(758, 487)	(783, 486)	(784, 499)	(759, 500)
image	|		(757, 509)	(767, 509)	(768, 524)	(758, 525)
image	0		(772, 508)	(783, 507)	(784, 523)	(773, 524)
image	10		(757, 534)	(783, 533)	(784, 547)	(758, 548)
image	|		(757, 557)	(767, 557)	(768, 572)	(758, 572)
image	0		(772, 556)	(782, 556)	(783, 571)	(773, 571)
image	|		(758, 580)	(768, 580)	(768, 595)	(758, 595)
image	0		(772, 579)	(782, 579)	(782, 594)	(772, 594)
image	0		(773, 606)	(782, 606)	(782, 617)	(773, 617)
image	|		(758, 725)	(767, 725)	(768, 740)	(759, 740)
image	0		(773, 724)	(784, 724)	(785, 739)	(774, 739)
image	|		(757, 747)	(766, 747)	(767, 763)	(758, 763)
image	0		(771, 746)	(782, 745)	(783, 761)	(772, 762)
image	|		(757, 771)	(767, 771)	(768, 788)	(758, 788)
image	0		(772, 770)	(783, 770)	(784, 787)	(773, 787)
image	|		(757, 795)	(768, 795)	(769, 812)	(758, 812)
image	0		(771, 794)	(782, 794)	(783, 811)	(772, 811)
image	|		(757, 820)	(767, 820)	(767, 835)	(757, 835)
image	0		(772, 819)	(783, 819)	(783, 834)	(772, 834)
image	|		(758, 843)	(766, 843)	(766, 860)	(758, 860)
image	vyčl.při		(773, 842)	(841, 841)	(841, 859)	(773, 860)
image	mytí		(850, 841)	(884, 841)	(884, 858)	(850, 858)
image	z		(894, 841)	(902, 841)	(902, 858)	(894, 858)
image	304		(912, 840)	(937, 840)	(937, 857)	(912, 857)
image	|		(758, 868)	(767, 868)	(767, 883)	(758, 883)
image	0		(772, 867)	(782, 867)	(782, 882)	(772, 882)
image	|		(756, 892)	(766, 892)	(767, 907)	(757, 907)
image	0		(771, 891)	(782, 891)	(783, 906)	(772, 906)
image	|		(757, 914)	(767, 914)	(768, 930)	(758, 930)
image	0		(772, 913)	(783, 913)	(784, 929)	(773, 929)
image	|		(756, 939)	(766, 938)	(767, 953)	(757, 954)
image	0		(772, 938)	(782, 937)	(783, 952)	(773, 953)
image	|		(757, 962)	(767, 962)	(768, 978)	(758, 978)
image	0		(772, 961)	(783, 961)	(784, 977)	(773, 977)
image	10		(756, 988)	(782, 987)	(783, 1002)	(757, 1003)
image	|		(757, 1010)	(767, 1010)	(768, 1025)	(758, 1025)
image	0		(772, 1009)	(783, 1009)	(784, 1023)	(773, 1024)
image	|		(756, 1034)	(766, 1033)	(767, 1048)	(757, 1049)
image	0		(771, 1033)	(782, 1032)	(783, 1047)	(772, 1048)
image	|		(757, 1058)	(767, 1058)	(768, 1072)	(758, 1072)
image	0		(772, 1057)	(782, 1057)	(783, 1071)	(773, 1071)
image	|		(757, 1081)	(766, 1081)	(767, 1097)	(758, 1097)
image	0		(772, 1080)	(783, 1079)	(784, 1095)	(773, 1096)
image	|		(758, 1104)	(767, 1104)	(768, 1120)	(759, 1120)
image	0		(772, 1103)	(782, 1103)	(783, 1119)	(773, 1119)
image	|		(758, 1129)	(767, 1129)	(768, 1145)	(759, 1145)
image	0		(772, 1128)	(783, 1128)	(784, 1144)	(773, 1144)
image	10		(758, 1152)	(782, 1151)	(782, 1167)	(758, 1168)
image	|		(759, 1176)	(766, 1176)	(766, 1193)	(759, 1193)
image	skartováno		(775, 1176)	(861, 1176)	(861, 1193)	(775, 1193)
image	/		(870, 1176)	(879, 1176)	(879, 1193)	(870, 1193)
image	jkf		(878, 1176)	(906, 1176)	(906, 1193)	(878, 1193)
image	/		(904, 1176)	(914, 1176)	(914, 1193)	(904, 1193)
image	|		(758, 1201)	(767, 1201)	(767, 1216)	(758, 1216)
image	0		(773, 1200)	(784, 1200)	(784, 1215)	(773, 1215)
image	|		(758, 1225)	(768, 1225)	(769, 1241)	(759, 1241)
image	0		(772, 1224)	(782, 1224)	(783, 1240)	(773, 1240)
image	|		(758, 1250)	(767, 1250)	(767, 1265)	(758, 1265)
image	0		(774, 1249)	(785, 1249)	(785, 1264)	(774, 1264)
image	10		(758, 1274)	(782, 1273)	(783, 1287)	(759, 1288)
image	|		(758, 1296)	(768, 1296)	(769, 1312)	(759, 1312)
image	0		(773, 1295)	(784, 1294)	(785, 1310)	(774, 1311)
image	|		(758, 1321)	(768, 1321)	(769, 1337)	(759, 1337)
image	0		(772, 1320)	(782, 1320)	(783, 1336)	(773, 1336)
image	|		(759, 1345)	(768, 1345)	(769, 1362)	(760, 1362)
image	0		(773, 1344)	(784, 1344)	(785, 1361)	(774, 1361)
image	10		(757, 1369)	(783, 1368)	(783, 1385)	(757, 1386)
image	Ik.j.		(759, 1393)	(807, 1392)	(807, 1409)	(759, 1410)
image	ve		(818, 1392)	(835, 1392)	(835, 1408)	(818, 1408)
image	dně		(844, 1391)	(869, 1390)	(869, 1407)	(844, 1408)
image	J		(878, 1391)	(887, 1391)	(887, 1407)	(878, 1407)
image	části		(895, 1390)	(937, 1389)	(937, 1406)	(895, 1407)
image	|		(758, 1418)	(766, 1418)	(767, 1434)	(759, 1434)
image	kj		(773, 1416)	(791, 1415)	(792, 1432)	(774, 1433)
image	ve		(799, 1415)	(817, 1414)	(818, 1431)	(800, 1432)
image	dně		(826, 1414)	(852, 1413)	(853, 1430)	(827, 1431)
image	|		(759, 1443)	(767, 1443)	(767, 1459)	(759, 1459)
image	k		(774, 1442)	(784, 1442)	(784, 1458)	(774, 1458)
image	.		(785, 1442)	(790, 1442)	(790, 1458)	(785, 1458)
image	j		(793, 1442)	(802, 1442)	(802, 1458)	(793, 1458)
image	.		(803, 1442)	(807, 1442)	(807, 1458)	(803, 1458)
image	ve		(818, 1441)	(835, 1441)	(835, 1457)	(818, 1457)
image	dně		(844, 1440)	(870, 1439)	(870, 1456)	(844, 1457)
image	J		(879, 1440)	(889, 1440)	(889, 1456)	(879, 1456)
image	části		(895, 1439)	(937, 1438)	(937, 1455)	(895, 1456)
image	10		(759, 1468)	(783, 1467)	(783, 1483)	(759, 1484)
image	|		(759, 1492)	(769, 1492)	(769, 1507)	(759, 1507)
image	0		(774, 1491)	(785, 1491)	(785, 1506)	(774, 1506)
image	|		(964, 128)	(972, 128)	(973, 143)	(965, 143)
image	Datace		(978, 126)	(1032, 124)	(1033, 140)	(979, 142)
