IMAGE_NAME	DESCRIPTION	LANGUAGE	BBOX_1	BBOX_2	BBOX_3	BBOX_4
image	"OBEC
OKRES
ČÍSLO MAPY
CESKE BUDEJOVICE
p. český Krumlov
s. Chvalšiny
Chvalšiny
oladačervený Dvůr
katastr ČESKÉ BUDĚJOVICE
ČÍSLO PARCELY
NÁZEV TRATI
ČERVENY DUUR
C. j. 790/46
Přílohy
Kultura laténská
Druh nálezu
Čís. inv.
Č. poř.
České Budějovice
Literatura Pale inventére neusca v C. Budějovice Uložení Městské museum
выпостела еще молетел дой недисам моет
u cervenétio Doors. Nejde tedy
elivelsier, all
режу днем и
o osadu ter-
staraji mesta C. Poudějorice. Refensore.
Bronz. kroužek zdobený nasazenými většími i menšími kuličkami.
Dr. Böhm
K"	cs	(21, 5)	(1147, 5)	(1147, 659)	(21, 659)
image	OBEC		(39, 38)	(85, 37)	(85, 53)	(39, 54)
image	OKRES		(409, 34)	(466, 34)	(466, 48)	(409, 48)
image	ČÍSLO		(45, 266)	(94, 266)	(94, 281)	(45, 281)
image	MAPY		(106, 266)	(154, 266)	(154, 281)	(106, 281)
image	CESKE		(518, 8)	(602, 9)	(602, 32)	(518, 31)
image	BUDEJOVICE		(624, 9)	(783, 11)	(783, 34)	(624, 32)
image	p		(487, 41)	(502, 41)	(503, 64)	(488, 64)
image	.		(506, 40)	(513, 40)	(514, 63)	(507, 63)
image	český		(531, 39)	(605, 37)	(606, 61)	(532, 63)
image	Krumlov		(616, 37)	(724, 35)	(725, 59)	(617, 61)
image	s		(490, 66)	(502, 66)	(502, 90)	(490, 90)
image	.		(507, 65)	(513, 65)	(513, 89)	(507, 89)
image	Chvalšiny		(533, 64)	(663, 62)	(663, 87)	(533, 89)
image	Chvalšiny		(105, 45)	(239, 44)	(239, 67)	(105, 68)
image	oladačervený		(31, 72)	(208, 66)	(209, 90)	(32, 96)
image	Dvůr		(220, 66)	(283, 64)	(284, 87)	(221, 89)
image	katastr		(22, 108)	(142, 105)	(143, 134)	(23, 137)
image	ČESKÉ		(178, 104)	(292, 101)	(293, 130)	(179, 133)
image	BUDĚJOVICE		(301, 101)	(490, 96)	(491, 125)	(302, 130)
image	ČÍSLO		(43, 151)	(93, 151)	(93, 166)	(43, 166)
image	PARCELY		(104, 151)	(178, 151)	(178, 166)	(104, 166)
image	NÁZEV		(410, 146)	(465, 145)	(465, 161)	(410, 162)
image	TRATI		(476, 145)	(524, 145)	(524, 161)	(476, 161)
image	ČERVENY		(438, 194)	(578, 195)	(578, 224)	(438, 223)
image	DUUR		(594, 194)	(685, 194)	(685, 223)	(594, 223)
image	C.		(786, 23)	(805, 22)	(808, 60)	(789, 61)
image	j		(810, 21)	(820, 20)	(823, 58)	(813, 59)
image	.		(820, 20)	(827, 20)	(830, 57)	(823, 58)
image	790/46		(841, 18)	(936, 12)	(938, 51)	(844, 57)
image	Přílohy		(789, 109)	(849, 110)	(849, 125)	(789, 124)
image	Kultura		(791, 200)	(850, 201)	(850, 215)	(791, 214)
image	laténská		(888, 207)	(1003, 205)	(1003, 223)	(888, 225)
image	Druh		(791, 289)	(828, 289)	(828, 303)	(791, 303)
image	nálezu		(839, 289)	(893, 289)	(893, 302)	(839, 302)
image	Čís		(795, 468)	(820, 468)	(820, 483)	(795, 483)
image	.		(821, 468)	(826, 468)	(826, 483)	(821, 483)
image	inv		(836, 468)	(861, 468)	(861, 483)	(836, 483)
image	.		(861, 468)	(866, 468)	(866, 483)	(861, 483)
image	Č		(1047, 27)	(1059, 27)	(1059, 45)	(1047, 45)
image	.		(1060, 27)	(1064, 27)	(1064, 45)	(1060, 45)
image	poř		(1075, 27)	(1104, 28)	(1103, 47)	(1075, 46)
image	.		(1104, 28)	(1109, 28)	(1109, 46)	(1104, 46)
image	České		(891, 395)	(962, 396)	(962, 419)	(891, 418)
image	Budějovice		(979, 397)	(1124, 399)	(1124, 421)	(979, 419)
image	Literatura		(45, 374)	(126, 373)	(126, 402)	(45, 403)
image	Pale		(145, 373)	(212, 372)	(212, 401)	(145, 402)
image	inventére		(224, 372)	(360, 371)	(360, 400)	(224, 401)
image	neusca		(369, 371)	(464, 370)	(464, 399)	(369, 400)
image	v		(487, 370)	(505, 370)	(505, 398)	(487, 398)
image	C.		(527, 370)	(563, 370)	(563, 398)	(527, 398)
image	Budějovice		(568, 369)	(761, 367)	(761, 396)	(568, 398)
image	Uložení		(790, 367)	(859, 366)	(859, 395)	(790, 396)
image	Městské		(889, 374)	(990, 375)	(990, 395)	(889, 394)
image	museum		(1008, 376)	(1096, 377)	(1096, 397)	(1008, 396)
image	выпостела		(37, 400)	(167, 398)	(168, 438)	(38, 440)
image	еще		(189, 398)	(241, 397)	(242, 437)	(190, 438)
image	молетел		(265, 397)	(385, 395)	(386, 435)	(266, 437)
image	дой		(422, 395)	(463, 394)	(464, 433)	(423, 434)
image	недисам		(498, 394)	(618, 392)	(619, 432)	(499, 434)
image	моет		(653, 392)	(721, 391)	(722, 431)	(654, 432)
image	u		(39, 427)	(63, 427)	(63, 457)	(39, 457)
image	cervenétio		(84, 426)	(244, 425)	(244, 456)	(84, 457)
image	Doors		(262, 425)	(355, 425)	(355, 456)	(262, 456)
image	.		(359, 425)	(375, 425)	(375, 455)	(359, 455)
image	Nejde		(387, 425)	(473, 425)	(473, 455)	(387, 455)
image	tedy		(490, 425)	(556, 425)	(556, 455)	(490, 455)
image	elivelsier		(264, 449)	(417, 451)	(417, 473)	(264, 471)
image	,		(418, 452)	(432, 452)	(432, 473)	(418, 473)
image	all		(443, 452)	(490, 453)	(490, 474)	(443, 473)
image	режу		(38, 460)	(105, 456)	(107, 494)	(40, 498)
image	днем		(124, 455)	(193, 451)	(195, 487)	(126, 492)
image	и		(221, 449)	(231, 448)	(233, 485)	(223, 486)
image	o		(565, 428)	(585, 427)	(586, 446)	(566, 447)
image	osadu		(604, 425)	(692, 420)	(693, 440)	(605, 445)
image	ter		(712, 419)	(746, 417)	(747, 437)	(713, 439)
image	staraji		(35, 505)	(136, 504)	(136, 543)	(35, 544)
image	mesta		(146, 504)	(242, 503)	(242, 541)	(146, 542)
image	C.		(266, 502)	(307, 502)	(307, 541)	(266, 541)
image	Poudějorice		(308, 502)	(497, 500)	(497, 539)	(308, 541)
image	.		(499, 500)	(514, 500)	(514, 538)	(499, 538)
image	Refensore		(546, 499)	(699, 497)	(699, 536)	(546, 538)
image	.		(703, 497)	(722, 497)	(722, 535)	(703, 535)
image	Bronz		(85, 574)	(155, 573)	(155, 597)	(85, 598)
image	.		(161, 574)	(168, 574)	(168, 597)	(161, 597)
image	kroužek		(186, 573)	(288, 572)	(288, 596)	(186, 597)
image	zdobený		(305, 572)	(405, 571)	(405, 595)	(305, 596)
image	nasazenými		(420, 571)	(566, 569)	(566, 592)	(420, 594)
image	většími		(583, 569)	(683, 568)	(683, 592)	(583, 593)
image	i		(701, 568)	(712, 568)	(712, 591)	(701, 591)
image	menšími		(729, 567)	(830, 566)	(830, 590)	(729, 591)
image	kuličkami		(847, 566)	(978, 565)	(978, 589)	(847, 590)
image	.		(984, 565)	(990, 565)	(990, 588)	(984, 588)
image	Dr.		(810, 641)	(849, 641)	(849, 659)	(810, 659)
image	Böhm		(868, 640)	(926, 639)	(926, 657)	(868, 658)
image	K		(1095, 46)	(1147, 47)	(1146, 89)	(1094, 88)
