IMAGE_NAME	DESCRIPTION	LANGUAGE	BBOX_1	BBOX_2	BBOX_3	BBOX_4
image	"29
č. neg.
51 129
Tab. 15
Sonda 2b (1974). Vnitřní příkop opevnění s ohništi č. VI a VII.
Vzadu kontrolní blok s ponechanou sutí vnitřní hradební zdi.
Pohled od JV. Vpravo čast destrukční suti pravděpodobného kněžského
domu z 10. století. Foto J. Justova"".
30
č. neg.
51 130
a VII
Sonda 2b (1974). Ohniště č. VI ve vnitřním příkopu opevnění.
Ve stěně sondy sut vnitř ní hradební zdi. Pohled od SV.
Foto J.Justova!"	cs	(177, 60)	(1124, 60)	(1124, 1512)	(177, 1512)
image	29		(932, 524)	(961, 524)	(961, 543)	(932, 543)
image	č		(903, 558)	(917, 559)	(916, 578)	(902, 577)
image	.		(920, 559)	(929, 560)	(928, 579)	(919, 578)
image	neg		(949, 560)	(993, 563)	(992, 583)	(948, 580)
image	.		(994, 563)	(1003, 564)	(1002, 583)	(993, 582)
image	51		(902, 583)	(936, 584)	(936, 604)	(902, 603)
image	129		(947, 583)	(993, 584)	(993, 605)	(947, 604)
image	Tab		(1021, 61)	(1073, 61)	(1073, 85)	(1021, 85)
image	.		(1075, 61)	(1082, 61)	(1082, 84)	(1075, 84)
image	15		(1092, 61)	(1124, 61)	(1124, 84)	(1092, 84)
image	Sonda		(179, 665)	(255, 665)	(255, 691)	(179, 691)
image	2b		(269, 665)	(297, 665)	(297, 691)	(269, 691)
image	(		(313, 665)	(325, 665)	(325, 691)	(313, 691)
image	1974		(328, 665)	(382, 665)	(382, 691)	(328, 691)
image	)		(388, 665)	(397, 665)	(397, 691)	(388, 691)
image	.		(407, 665)	(412, 665)	(412, 691)	(407, 691)
image	Vnitřní		(430, 665)	(534, 665)	(534, 691)	(430, 691)
image	příkop		(549, 665)	(637, 665)	(637, 691)	(549, 691)
image	opevnění		(653, 665)	(771, 665)	(771, 691)	(653, 691)
image	s		(787, 665)	(798, 665)	(798, 691)	(787, 691)
image	ohništi		(816, 665)	(918, 665)	(918, 691)	(816, 691)
image	č		(934, 665)	(946, 665)	(946, 691)	(934, 691)
image	.		(953, 665)	(959, 665)	(959, 691)	(953, 691)
image	VI		(977, 665)	(1006, 665)	(1006, 691)	(977, 691)
image	a		(1023, 665)	(1037, 665)	(1037, 691)	(1023, 691)
image	VII		(1049, 665)	(1093, 665)	(1093, 691)	(1049, 691)
image	.		(1098, 665)	(1106, 665)	(1106, 691)	(1098, 691)
image	Vzadu		(177, 690)	(255, 690)	(255, 716)	(177, 716)
image	kontrolní		(268, 690)	(400, 690)	(400, 716)	(268, 716)
image	blok		(416, 690)	(475, 690)	(475, 716)	(416, 716)
image	s		(492, 690)	(503, 690)	(503, 716)	(492, 716)
image	ponechanou		(520, 690)	(669, 690)	(669, 716)	(520, 716)
image	sutí		(684, 690)	(741, 690)	(741, 716)	(684, 716)
image	vnitřní		(756, 690)	(858, 690)	(858, 716)	(756, 716)
image	hradební		(874, 690)	(992, 690)	(992, 716)	(874, 716)
image	zdi		(1007, 690)	(1050, 690)	(1050, 716)	(1007, 716)
image	.		(1054, 690)	(1062, 690)	(1062, 716)	(1054, 716)
image	Pohled		(177, 713)	(269, 713)	(269, 738)	(177, 738)
image	od		(286, 713)	(313, 713)	(313, 738)	(286, 738)
image	JV		(327, 713)	(358, 713)	(358, 738)	(327, 738)
image	.		(360, 713)	(372, 713)	(372, 738)	(360, 738)
image	Vpravo		(391, 713)	(470, 713)	(470, 738)	(391, 738)
image	čast		(487, 713)	(533, 713)	(533, 738)	(487, 738)
image	destrukční		(545, 713)	(668, 713)	(668, 738)	(545, 738)
image	suti		(681, 713)	(721, 713)	(721, 738)	(681, 738)
image	pravděpodobného		(739, 713)	(930, 713)	(930, 738)	(739, 738)
image	kněžského		(951, 713)	(1064, 713)	(1064, 738)	(951, 738)
image	domu		(183, 737)	(238, 736)	(238, 758)	(183, 759)
image	z		(254, 737)	(267, 737)	(267, 758)	(254, 758)
image	10.		(283, 736)	(311, 736)	(311, 757)	(283, 757)
image	století		(321, 735)	(389, 734)	(389, 756)	(321, 757)
image	.		(389, 735)	(395, 735)	(395, 756)	(389, 756)
image	Foto		(420, 734)	(470, 733)	(470, 755)	(420, 756)
image	J.		(484, 734)	(504, 734)	(504, 755)	(484, 755)
image	Justova		(509, 733)	(607, 732)	(607, 754)	(509, 755)
image	""""		(607, 733)	(615, 733)	(615, 754)	(607, 754)
image	.		(611, 733)	(619, 733)	(619, 754)	(611, 754)
image	30		(941, 1205)	(972, 1205)	(972, 1224)	(941, 1224)
image	č		(897, 1240)	(910, 1241)	(909, 1259)	(896, 1258)
image	.		(915, 1240)	(924, 1240)	(923, 1258)	(914, 1258)
image	neg		(942, 1241)	(985, 1243)	(984, 1262)	(941, 1260)
image	.		(989, 1244)	(997, 1244)	(996, 1262)	(988, 1262)
image	51		(896, 1266)	(928, 1266)	(928, 1285)	(896, 1285)
image	130		(940, 1266)	(987, 1265)	(987, 1283)	(940, 1284)
image	a		(619, 1394)	(638, 1393)	(639, 1414)	(620, 1415)
image	VII		(648, 1392)	(685, 1390)	(686, 1412)	(649, 1414)
image	Sonda		(181, 1425)	(258, 1425)	(258, 1451)	(181, 1451)
image	2b		(271, 1425)	(299, 1425)	(299, 1451)	(271, 1451)
image	(		(316, 1425)	(327, 1425)	(327, 1451)	(316, 1451)
image	1974		(330, 1425)	(387, 1425)	(387, 1451)	(330, 1451)
image	)		(390, 1425)	(400, 1425)	(400, 1451)	(390, 1451)
image	.		(408, 1425)	(415, 1425)	(415, 1451)	(408, 1451)
image	Ohniště		(433, 1425)	(536, 1425)	(536, 1451)	(433, 1451)
image	č		(552, 1425)	(565, 1425)	(565, 1451)	(552, 1451)
image	.		(570, 1425)	(577, 1425)	(577, 1451)	(570, 1451)
image	VI		(593, 1425)	(623, 1425)	(623, 1451)	(593, 1451)
image	ve		(638, 1425)	(668, 1425)	(668, 1451)	(638, 1451)
image	vnitřním		(684, 1425)	(805, 1425)	(805, 1451)	(684, 1451)
image	příkopu		(817, 1425)	(921, 1425)	(921, 1451)	(817, 1451)
image	opevnění		(936, 1425)	(1053, 1425)	(1053, 1451)	(936, 1451)
image	.		(1056, 1425)	(1065, 1425)	(1065, 1451)	(1056, 1451)
image	Ve		(180, 1450)	(212, 1450)	(212, 1477)	(180, 1477)
image	stěně		(227, 1450)	(300, 1450)	(300, 1477)	(227, 1477)
image	sondy		(317, 1450)	(384, 1450)	(384, 1477)	(317, 1477)
image	sut		(391, 1450)	(432, 1450)	(432, 1477)	(391, 1477)
image	vnitř		(449, 1450)	(525, 1450)	(525, 1477)	(449, 1477)
image	ní		(538, 1450)	(566, 1450)	(566, 1477)	(538, 1477)
image	hradební		(581, 1450)	(698, 1450)	(698, 1477)	(581, 1477)
image	zdi		(717, 1450)	(758, 1450)	(758, 1477)	(717, 1477)
image	.		(763, 1450)	(770, 1450)	(770, 1477)	(763, 1477)
image	Pohled		(787, 1450)	(876, 1450)	(876, 1477)	(787, 1477)
image	od		(892, 1450)	(921, 1450)	(921, 1477)	(892, 1477)
image	SV		(936, 1450)	(966, 1450)	(966, 1477)	(936, 1477)
image	.		(968, 1450)	(978, 1450)	(978, 1477)	(968, 1477)
image	Foto		(184, 1474)	(237, 1474)	(237, 1494)	(184, 1494)
image	J.Justova		(252, 1474)	(375, 1474)	(375, 1493)	(252, 1493)
image	!		(376, 1474)	(386, 1474)	(386, 1493)	(376, 1493)
