IMAGE_NAME	DESCRIPTION	LANGUAGE	BBOX_1	BBOX_2	BBOX_3	BBOX_4
image	"2a
2b
3a
0
3b
3cm
0
4a
3 cm
Obr. 5
4 b
Sonda 2c (1974). 1 - rekonstruovaný hrnec z destrukce vnitřní
hradební zdi (117/74); 2 - útlý kostěný hrot (stilus ??) č.
143/74 z vrstvy 3 (a - pohled zepředu, b - pohled z boku); 3
kostěné šídlo 116/74 z destrukce vnitřní hradební zdi (a - po-
hled zepředu, b - pohled ze strany); 4- kostěné šídlo 117/74
z destrukce vnitřní hradební zdi (a - pohled zepředu, b - po-
hled z boku). Nádoba zobrazena v poměru 1:2, kostěné hroty
v měřítku 1:1. Kresba: V.Žižková.
-"	cs	(178, 41)	(1126, 41)	(1126, 1596)	(178, 1596)
image	2a		(178, 1227)	(214, 1227)	(214, 1248)	(178, 1248)
image	2b		(313, 1221)	(347, 1221)	(347, 1245)	(313, 1245)
image	3a		(495, 1101)	(528, 1102)	(527, 1125)	(494, 1124)
image	0		(524, 1208)	(537, 1208)	(537, 1221)	(524, 1221)
image	3b		(679, 1098)	(714, 1098)	(714, 1120)	(679, 1120)
image	3cm		(690, 1209)	(726, 1210)	(726, 1223)	(690, 1222)
image	0		(834, 435)	(846, 435)	(846, 448)	(834, 448)
image	4a		(866, 1186)	(898, 1187)	(898, 1208)	(866, 1207)
image	3		(915, 437)	(927, 437)	(927, 450)	(915, 450)
image	cm		(927, 437)	(954, 437)	(954, 450)	(927, 450)
image	Obr		(1011, 41)	(1056, 43)	(1055, 63)	(1010, 61)
image	.		(1059, 44)	(1068, 44)	(1067, 63)	(1058, 63)
image	5		(1085, 45)	(1100, 46)	(1099, 65)	(1084, 64)
image	4		(1003, 1182)	(1021, 1182)	(1021, 1205)	(1003, 1205)
image	b		(1022, 1182)	(1038, 1182)	(1038, 1205)	(1022, 1205)
image	Sonda		(199, 1400)	(272, 1400)	(272, 1424)	(199, 1424)
image	2c		(287, 1400)	(314, 1400)	(314, 1424)	(287, 1424)
image	(		(335, 1400)	(345, 1400)	(345, 1424)	(335, 1424)
image	1974		(346, 1400)	(405, 1400)	(405, 1425)	(346, 1425)
image	)		(408, 1401)	(416, 1401)	(416, 1425)	(408, 1425)
image	.		(425, 1401)	(431, 1401)	(431, 1425)	(425, 1425)
image	1		(466, 1401)	(478, 1401)	(478, 1425)	(466, 1425)
image	-		(495, 1401)	(508, 1401)	(508, 1425)	(495, 1425)
image	rekonstruovaný		(525, 1401)	(730, 1402)	(730, 1427)	(525, 1426)
image	hrnec		(746, 1403)	(815, 1403)	(815, 1427)	(746, 1427)
image	z		(835, 1403)	(845, 1403)	(845, 1427)	(835, 1427)
image	destrukce		(864, 1403)	(994, 1404)	(994, 1429)	(864, 1428)
image	vnitřní		(1010, 1404)	(1114, 1405)	(1114, 1430)	(1010, 1429)
image	hradební		(199, 1422)	(315, 1423)	(315, 1451)	(199, 1450)
image	zdi		(333, 1423)	(374, 1423)	(374, 1450)	(333, 1450)
image	(		(393, 1424)	(402, 1424)	(402, 1451)	(393, 1451)
image	117/74		(406, 1424)	(494, 1425)	(494, 1452)	(406, 1451)
image	)		(498, 1424)	(507, 1424)	(507, 1451)	(498, 1451)
image	;		(513, 1424)	(520, 1424)	(520, 1451)	(513, 1451)
image	2		(553, 1425)	(566, 1425)	(566, 1452)	(553, 1452)
image	-		(584, 1425)	(599, 1425)	(599, 1452)	(584, 1452)
image	útlý		(613, 1425)	(670, 1425)	(670, 1452)	(613, 1452)
image	kostěný		(685, 1425)	(789, 1426)	(789, 1454)	(685, 1453)
image	hrot		(805, 1426)	(861, 1426)	(861, 1453)	(805, 1453)
image	(		(882, 1426)	(890, 1426)	(890, 1453)	(882, 1453)
image	stilus		(894, 1427)	(982, 1428)	(982, 1455)	(894, 1454)
image	??		(996, 1427)	(1026, 1427)	(1026, 1454)	(996, 1454)
image	)		(1029, 1427)	(1040, 1427)	(1040, 1454)	(1029, 1454)
image	č		(1057, 1427)	(1070, 1427)	(1070, 1454)	(1057, 1454)
image	.		(1071, 1428)	(1080, 1428)	(1080, 1455)	(1071, 1455)
image	143/74		(199, 1450)	(287, 1450)	(287, 1474)	(199, 1474)
image	z		(303, 1450)	(316, 1450)	(316, 1474)	(303, 1474)
image	vrstvy		(332, 1450)	(419, 1450)	(419, 1474)	(332, 1474)
image	3		(437, 1450)	(452, 1450)	(452, 1474)	(437, 1474)
image	(		(482, 1451)	(492, 1451)	(492, 1475)	(482, 1475)
image	a		(495, 1451)	(509, 1451)	(509, 1475)	(495, 1475)
image	-		(525, 1451)	(539, 1451)	(539, 1475)	(525, 1475)
image	pohled		(555, 1451)	(640, 1451)	(640, 1475)	(555, 1475)
image	zepředu		(658, 1451)	(760, 1451)	(760, 1476)	(658, 1476)
image	,		(764, 1452)	(770, 1452)	(770, 1476)	(764, 1476)
image	b		(791, 1452)	(804, 1452)	(804, 1476)	(791, 1476)
image	-		(819, 1452)	(833, 1452)	(833, 1476)	(819, 1476)
image	pohled		(850, 1452)	(936, 1452)	(936, 1476)	(850, 1476)
image	z		(954, 1452)	(965, 1452)	(965, 1476)	(954, 1476)
image	boku		(983, 1452)	(1040, 1452)	(1040, 1477)	(983, 1477)
image	)		(1044, 1453)	(1052, 1453)	(1052, 1477)	(1044, 1477)
image	;		(1058, 1453)	(1066, 1453)	(1066, 1477)	(1058, 1477)
image	3		(1084, 1453)	(1103, 1453)	(1103, 1477)	(1084, 1477)
image	kostěné		(199, 1470)	(301, 1471)	(301, 1497)	(199, 1496)
image	šídlo		(319, 1471)	(389, 1471)	(389, 1497)	(319, 1497)
image	116/74		(404, 1471)	(493, 1472)	(493, 1498)	(404, 1497)
image	z		(511, 1473)	(523, 1473)	(523, 1498)	(511, 1498)
image	destrukce		(539, 1472)	(668, 1473)	(668, 1499)	(539, 1498)
image	vnitřní		(685, 1473)	(788, 1474)	(788, 1500)	(685, 1499)
image	hradební		(805, 1474)	(921, 1475)	(921, 1501)	(805, 1500)
image	zdi		(938, 1475)	(978, 1475)	(978, 1501)	(938, 1501)
image	(		(999, 1476)	(1007, 1476)	(1007, 1501)	(999, 1501)
image	a		(1011, 1476)	(1025, 1476)	(1025, 1501)	(1011, 1501)
image	-		(1041, 1476)	(1056, 1476)	(1056, 1501)	(1041, 1501)
image	po		(1071, 1476)	(1099, 1476)	(1099, 1501)	(1071, 1501)
image	hled		(199, 1499)	(256, 1499)	(256, 1525)	(199, 1525)
image	zepředu		(274, 1499)	(376, 1499)	(376, 1525)	(274, 1525)
image	,		(381, 1499)	(387, 1499)	(387, 1525)	(381, 1525)
image	b		(407, 1499)	(420, 1499)	(420, 1525)	(407, 1525)
image	-		(437, 1499)	(450, 1499)	(450, 1525)	(437, 1525)
image	pohled		(465, 1499)	(552, 1499)	(552, 1525)	(465, 1525)
image	ze		(569, 1499)	(597, 1499)	(597, 1525)	(569, 1525)
image	strany		(613, 1499)	(699, 1499)	(699, 1525)	(613, 1525)
image	)		(703, 1499)	(712, 1499)	(712, 1525)	(703, 1525)
image	;		(719, 1499)	(726, 1499)	(726, 1525)	(719, 1525)
image	4-		(759, 1499)	(804, 1499)	(804, 1525)	(759, 1525)
image	kostěné		(818, 1499)	(919, 1499)	(919, 1525)	(818, 1525)
image	šídlo		(938, 1499)	(1009, 1499)	(1009, 1525)	(938, 1525)
image	117/74		(1026, 1499)	(1114, 1499)	(1114, 1525)	(1026, 1525)
image	z		(201, 1519)	(214, 1519)	(214, 1544)	(201, 1544)
image	destrukce		(229, 1518)	(360, 1519)	(360, 1545)	(229, 1544)
image	vnitřní		(376, 1519)	(477, 1520)	(477, 1546)	(376, 1545)
image	hradební		(495, 1520)	(610, 1521)	(610, 1547)	(495, 1546)
image	zdi		(628, 1522)	(668, 1522)	(668, 1547)	(628, 1547)
image	(		(689, 1522)	(698, 1522)	(698, 1547)	(689, 1547)
image	a		(702, 1522)	(716, 1522)	(716, 1547)	(702, 1547)
image	-		(730, 1522)	(743, 1522)	(743, 1547)	(730, 1547)
image	pohled		(761, 1522)	(847, 1523)	(847, 1549)	(761, 1548)
image	zepředu		(865, 1523)	(965, 1524)	(965, 1550)	(865, 1549)
image	,		(971, 1524)	(977, 1524)	(977, 1549)	(971, 1549)
image	b		(1012, 1525)	(1026, 1525)	(1026, 1550)	(1012, 1550)
image	-		(1040, 1525)	(1056, 1525)	(1056, 1550)	(1040, 1550)
image	po		(1070, 1525)	(1098, 1525)	(1098, 1550)	(1070, 1550)
image	hled		(200, 1547)	(258, 1547)	(258, 1570)	(200, 1570)
image	z		(275, 1547)	(286, 1547)	(286, 1570)	(275, 1570)
image	boku		(304, 1547)	(363, 1547)	(363, 1570)	(304, 1570)
image	)		(365, 1547)	(372, 1547)	(372, 1570)	(365, 1570)
image	.		(380, 1547)	(387, 1547)	(387, 1570)	(380, 1570)
image	Nádoba		(405, 1548)	(494, 1548)	(494, 1571)	(405, 1571)
image	zobrazena		(511, 1548)	(641, 1549)	(641, 1573)	(511, 1572)
image	v		(656, 1549)	(669, 1549)	(669, 1572)	(656, 1572)
image	poměru		(687, 1549)	(774, 1549)	(774, 1573)	(687, 1573)
image	1		(789, 1550)	(801, 1550)	(801, 1573)	(789, 1573)
image	:		(809, 1550)	(815, 1550)	(815, 1573)	(809, 1573)
image	2		(819, 1550)	(833, 1550)	(833, 1573)	(819, 1573)
image	,		(839, 1550)	(845, 1550)	(845, 1573)	(839, 1573)
image	kostěné		(864, 1550)	(965, 1551)	(965, 1575)	(864, 1574)
image	hroty		(982, 1551)	(1055, 1551)	(1055, 1574)	(982, 1574)
image	v		(198, 1572)	(212, 1572)	(212, 1590)	(198, 1590)
image	měřítku		(228, 1572)	(331, 1572)	(331, 1590)	(228, 1590)
image	1		(345, 1572)	(360, 1572)	(360, 1590)	(345, 1590)
image	:		(366, 1572)	(373, 1572)	(373, 1590)	(366, 1590)
image	1		(376, 1572)	(390, 1572)	(390, 1590)	(376, 1590)
image	.		(393, 1572)	(402, 1572)	(402, 1590)	(393, 1590)
image	Kresba		(435, 1572)	(524, 1572)	(524, 1592)	(435, 1592)
image	:		(528, 1572)	(535, 1572)	(535, 1592)	(528, 1592)
image	V.Žižková		(553, 1572)	(685, 1572)	(685, 1592)	(553, 1592)
image	.		(689, 1572)	(696, 1572)	(696, 1592)	(689, 1592)
image	-		(1116, 1463)	(1126, 1463)	(1126, 1468)	(1116, 1468)
