IMAGE_NAME	DESCRIPTION	LANGUAGE	BBOX_1	BBOX_2	BBOX_3	BBOX_4
image	"Čáslav - Skála 2003
poč| KONTEXT ČÁST VRSTV PŘIR_Č
A
50-60 435/03
0-10
436/03
10-20 437/03
20-30 438/03
436 sekt.3202
437 sekt.3204
438 sekt.3204
439 sekt.3204
440 sekt.3204
441 sekt.3204
442 sekt.3206
443 sekt.3206
444 sekt.3206
445 sekt.3206
446 sekt.3206
447 sekt.3206
448 sekt.3206
449 sekt.3206
450 sekt.3206
451 sekt.3216
452 sekt.3216
453 sekt.3216
454 sekt.3216
455 sekt.3216
456 sekt.3216
30-40 439/03
40-50 440/03
0-10 441/03
0-10 442/03
0-10 443/03
10-20 444/03
20-30 445/03
30-40 446/03
40-50 447/03
50-60 448/03
60-70 449/03
0-10
450/03
10-20 451/03
20-30 452/03
30-40 453/03
40-50 454/03
50-60 455/03
457 sekt.3300
458 sekt.3300
456/03
457/03
458/03
459 sekt.3300
460 sekt.3300
459/03
461 sekt.3300 halda povrch 460/03
K_ATY K ZD K_PRK_N
P
OB
2
57
26
19
9 0
8
37
125
29
64
70
30
15
66
37
32
12
5
0
5 0
1
16
11
54
51
37
0
1
0
0
22
43
• Hwo o
4
0
0
0
1
1
ㅇㅇㅇ.
0
0
0
0
0
základní zpracování
ܘ ܘ ܘ ܚ
OF AD ΜΑ
0
0
0
11
8
n
-66 W NG
5 0
17
10
4
J
2
2
2
15
9
5
6
5
0
11
12
9
0
0
21
C
0
0
0
0
0
0
0
0
0
0
0
0
0
0
0
0
0
0
0
0
0
K_SU BI
0
2
69
34
S
24
14
10
40
145
39
78
79
34
17
7
7
82
47
38
18
21
11
65
63
46
22
67
0
0
0
0
0
0
0
0
OOOO
0
0
0
0
0
0
0
0
0
0
OOO O
0
0
0
OOO OO
0
0
0
ŠI mlýn BR
0
0
0
To
0
0
0
0
0
0
0
0
0
0
0
0
0
0
0
0
0
0
0
0
0
0
0
0
Oc
0
0
0
0
0
0
0
0
0
0
0
0
0
0
0
0
0
0
0
0
0
0
O
0
OOO
0
0
0
0
0
c
0
0
0
0
0
0
0
0
c
0
c
0
0
0
0
0
0
0
0
0
OOO OC
0
0
0
0
KA
62
0
4
3
2
1
1
6
3
0
0
3
3
0
0 39
3 221 130
7
430
113
160
0
2
4
0
0
ΜΑ
0
0
O 00
0
65
108 18
10
0
KO
0
0
0
66
0 110
37 116
62 12 ne
250 230
74
0
4
22
0
126
24
4 86 156 ne
1 320 230
68
0
6
4
U
2
ne
ne
122
233
0
134 30
ne
48 ano
14
0
ne
ne
ne
ne
ne
ne
ne
ne
ne
ne
ne
ne
ne
ne
74
55 ano
26
ne
ne
ne
ne
ne
KI
0
0
0
0
0
0
0
0
0
0
0
0
0
0
0
0
0
0
0
0
0
0
0
0
0
0
Dto bron
z
0
0
0
To
0
0
0
0
0
0
0
To
0
0
0
0
0
0
0
DOO
0
0
0
0
0
0
0
0 0 0
0
0
0
0
0
0
0
0
PI
0
0
0
·OOO OO
0
0
0
To
0
0
0
0
0
OOOO
ooooo
OOO O
0
0
0
0
0
0
Fe Str
0
Oc
0
0
0
0
0 0
0
0
0
0
0
0
0
0
0
ooo
0
0
0
0
0
0
0
0
0
0
BR střed./ml.
0
BR střed./ml.
BR střed./ml.
0
0 Ka-surovi BR střed./ml.
0
BR střed./ml.
BR střed./ml.
BR střed./ml.
BR,MOH,LUŽ
BR,MOH,LUŽ
0
0
BR střed./ml.
0 Ka-surov. BR střed./ml.
0 Ka-surov. BR střed./ml.
BR střed./ml.
0 Ka-Fe
slitek
0
0
0
0
0
0 surovina
0 surovina
0
0
0
na
0
jiné
0
0
BR střed./ml.
0 Ka-surovi BR střed./ml.
10
DATACE
na
BR střed./ml.
BR,intr.NEOL.?
BR střed./ml.
BR střed./ml.
BR střed./ml.
BR střed./ml.
BR střed./ml.
BR střed./ml.
BR střed./ml.
BR střed./ml.
BR střed./ml.
poznámka
přetav.mazanice
kulička
zatažená miska
přetav.keramika"	und	(57, 73)	(1491, 73)	(1491, 1166)	(57, 1166)
image	Čáslav		(57, 73)	(113, 74)	(113, 92)	(57, 91)
image	-		(117, 74)	(128, 74)	(128, 91)	(117, 91)
image	Skála		(134, 74)	(180, 75)	(180, 93)	(134, 92)
image	2003		(185, 75)	(230, 76)	(230, 94)	(185, 93)
image	poč		(61, 177)	(85, 177)	(85, 191)	(61, 191)
image	|		(86, 177)	(92, 177)	(92, 190)	(86, 190)
image	KONTEXT		(98, 177)	(161, 177)	(161, 190)	(98, 190)
image	ČÁST		(182, 175)	(215, 175)	(215, 189)	(182, 189)
image	VRSTV		(233, 178)	(276, 178)	(276, 189)	(233, 189)
image	PŘIR_Č		(303, 174)	(349, 175)	(349, 191)	(303, 190)
image	A		(249, 198)	(261, 198)	(261, 209)	(249, 209)
image	50-60		(231, 218)	(275, 218)	(275, 232)	(231, 232)
image	435/03		(286, 218)	(334, 218)	(334, 231)	(286, 231)
image	0-10		(230, 249)	(266, 248)	(266, 260)	(230, 261)
image	436/03		(286, 250)	(334, 250)	(334, 262)	(286, 262)
image	10-20		(231, 280)	(276, 281)	(276, 294)	(231, 293)
image	437/03		(287, 280)	(335, 281)	(335, 295)	(287, 294)
image	20-30		(230, 313)	(275, 313)	(275, 325)	(230, 325)
image	438/03		(287, 313)	(335, 313)	(335, 325)	(287, 325)
image	436		(61, 219)	(86, 219)	(86, 231)	(61, 231)
image	sekt.3202		(94, 219)	(157, 219)	(157, 231)	(94, 231)
image	437		(62, 250)	(85, 250)	(85, 262)	(62, 262)
image	sekt.3204		(94, 250)	(157, 250)	(157, 262)	(94, 262)
image	438		(61, 281)	(86, 281)	(86, 293)	(61, 293)
image	sekt.3204		(93, 281)	(157, 281)	(157, 292)	(93, 292)
image	439		(61, 312)	(85, 312)	(85, 324)	(61, 324)
image	sekt.3204		(93, 312)	(157, 311)	(157, 322)	(93, 323)
image	440		(61, 354)	(86, 354)	(86, 365)	(61, 365)
image	sekt.3204		(94, 354)	(159, 354)	(159, 365)	(94, 365)
image	441		(61, 386)	(85, 386)	(85, 397)	(61, 397)
image	sekt.3204		(94, 386)	(157, 386)	(157, 397)	(94, 397)
image	442		(61, 417)	(86, 417)	(86, 428)	(61, 428)
image	sekt.3206		(94, 417)	(156, 417)	(156, 428)	(94, 428)
image	443		(61, 446)	(85, 446)	(85, 459)	(61, 459)
image	sekt.3206		(93, 446)	(156, 446)	(156, 458)	(93, 458)
image	444		(62, 480)	(86, 480)	(86, 492)	(62, 492)
image	sekt.3206		(94, 480)	(158, 480)	(158, 492)	(94, 492)
image	445		(62, 510)	(86, 511)	(86, 523)	(62, 522)
image	sekt.3206		(94, 510)	(158, 511)	(158, 524)	(94, 523)
image	446		(61, 543)	(87, 543)	(87, 555)	(61, 555)
image	sekt.3206		(94, 543)	(157, 543)	(157, 555)	(94, 555)
image	447		(61, 573)	(86, 573)	(86, 585)	(61, 585)
image	sekt.3206		(94, 573)	(157, 573)	(157, 585)	(94, 585)
image	448		(61, 606)	(87, 606)	(87, 618)	(61, 618)
image	sekt.3206		(94, 606)	(157, 606)	(157, 618)	(94, 618)
image	449		(61, 647)	(85, 647)	(85, 659)	(61, 659)
image	sekt.3206		(94, 647)	(156, 647)	(156, 659)	(94, 659)
image	450		(61, 678)	(85, 678)	(85, 690)	(61, 690)
image	sekt.3206		(94, 677)	(157, 678)	(157, 691)	(94, 690)
image	451		(62, 710)	(84, 710)	(84, 721)	(62, 721)
image	sekt.3216		(94, 710)	(157, 710)	(157, 721)	(94, 721)
image	452		(62, 741)	(85, 741)	(85, 752)	(62, 752)
image	sekt.3216		(94, 741)	(157, 741)	(157, 752)	(94, 752)
image	453		(61, 773)	(85, 773)	(85, 784)	(61, 784)
image	sekt.3216		(94, 773)	(157, 773)	(157, 784)	(94, 784)
image	454		(62, 803)	(86, 803)	(86, 815)	(62, 815)
image	sekt.3216		(94, 802)	(158, 803)	(158, 816)	(94, 815)
image	455		(62, 835)	(86, 835)	(86, 847)	(62, 847)
image	sekt.3216		(94, 834)	(158, 835)	(158, 848)	(94, 847)
image	456		(61, 867)	(86, 867)	(86, 878)	(61, 878)
image	sekt.3216		(94, 867)	(157, 867)	(157, 878)	(94, 878)
image	30-40		(231, 352)	(276, 353)	(276, 366)	(231, 365)
image	439/03		(287, 352)	(335, 353)	(335, 367)	(287, 366)
image	40-50		(231, 386)	(276, 386)	(276, 399)	(231, 399)
image	440/03		(287, 386)	(335, 386)	(335, 399)	(287, 399)
image	0-10		(230, 418)	(267, 418)	(267, 428)	(230, 428)
image	441/03		(287, 416)	(334, 417)	(334, 430)	(287, 429)
image	0-10		(231, 449)	(268, 449)	(268, 459)	(231, 459)
image	442/03		(287, 446)	(334, 448)	(334, 461)	(287, 459)
image	0-10		(230, 480)	(268, 480)	(268, 490)	(230, 490)
image	443/03		(287, 478)	(334, 479)	(334, 493)	(287, 492)
image	10-20		(231, 509)	(276, 510)	(276, 523)	(231, 522)
image	444/03		(287, 510)	(333, 511)	(333, 524)	(287, 523)
image	20-30		(231, 540)	(276, 541)	(276, 555)	(231, 554)
image	445/03		(287, 541)	(335, 542)	(335, 556)	(287, 555)
image	30-40		(231, 573)	(276, 573)	(276, 586)	(231, 586)
image	446/03		(287, 573)	(335, 573)	(335, 586)	(287, 586)
image	40-50		(230, 606)	(276, 606)	(276, 619)	(230, 619)
image	447/03		(287, 606)	(335, 606)	(335, 619)	(287, 619)
image	50-60		(230, 645)	(275, 645)	(275, 659)	(230, 659)
image	448/03		(286, 645)	(334, 645)	(334, 658)	(286, 658)
image	60-70		(231, 675)	(276, 676)	(276, 690)	(231, 689)
image	449/03		(287, 676)	(335, 677)	(335, 691)	(287, 690)
image	0-10		(231, 710)	(267, 709)	(267, 720)	(231, 721)
image	450/03		(287, 710)	(333, 710)	(333, 722)	(287, 722)
image	10-20		(231, 741)	(274, 741)	(274, 753)	(231, 753)
image	451/03		(286, 741)	(334, 741)	(334, 753)	(286, 753)
image	20-30		(231, 773)	(276, 773)	(276, 785)	(231, 785)
image	452/03		(287, 773)	(335, 773)	(335, 785)	(287, 785)
image	30-40		(231, 804)	(275, 804)	(275, 816)	(231, 816)
image	453/03		(287, 804)	(335, 804)	(335, 816)	(287, 816)
image	40-50		(230, 836)	(274, 836)	(274, 849)	(230, 849)
image	454/03		(286, 836)	(334, 836)	(334, 849)	(286, 849)
image	50-60		(231, 867)	(275, 867)	(275, 879)	(231, 879)
image	455/03		(287, 867)	(334, 867)	(334, 879)	(287, 879)
image	457		(62, 907)	(86, 907)	(86, 920)	(62, 920)
image	sekt.3300		(93, 907)	(157, 907)	(157, 919)	(93, 919)
image	458		(61, 939)	(87, 939)	(87, 950)	(61, 950)
image	sekt.3300		(94, 939)	(157, 939)	(157, 950)	(94, 950)
image	456/03		(287, 908)	(333, 908)	(333, 921)	(287, 921)
image	457/03		(286, 939)	(334, 939)	(334, 951)	(286, 951)
image	458/03		(286, 969)	(335, 970)	(335, 984)	(286, 983)
image	459		(61, 971)	(86, 971)	(86, 982)	(61, 982)
image	sekt.3300		(94, 971)	(158, 971)	(158, 982)	(94, 982)
image	460		(61, 1002)	(86, 1002)	(86, 1013)	(61, 1013)
image	sekt.3300		(94, 1002)	(157, 1002)	(157, 1013)	(94, 1013)
image	459/03		(286, 1002)	(334, 1003)	(334, 1015)	(286, 1014)
image	461		(61, 1034)	(85, 1034)	(85, 1045)	(61, 1045)
image	sekt.3300		(94, 1034)	(157, 1034)	(157, 1045)	(94, 1045)
image	halda		(173, 1033)	(210, 1033)	(210, 1045)	(173, 1045)
image	povrch		(231, 1033)	(274, 1033)	(274, 1048)	(231, 1048)
image	460/03		(286, 1033)	(334, 1033)	(334, 1047)	(286, 1047)
image	K_ATY		(376, 178)	(420, 178)	(420, 191)	(376, 191)
image	K		(429, 178)	(439, 178)	(439, 191)	(429, 191)
image	ZD		(445, 178)	(463, 178)	(463, 191)	(445, 191)
image	K_PRK_N		(472, 178)	(545, 178)	(545, 191)	(472, 191)
image	P		(392, 198)	(403, 198)	(403, 209)	(392, 209)
image	OB		(437, 198)	(457, 198)	(457, 209)	(437, 209)
image	2		(412, 219)	(422, 219)	(422, 230)	(412, 230)
image	57		(405, 250)	(421, 250)	(421, 261)	(405, 261)
image	26		(405, 282)	(421, 282)	(421, 293)	(405, 293)
image	19		(405, 314)	(420, 314)	(420, 324)	(405, 324)
image	9		(412, 354)	(422, 354)	(422, 365)	(412, 365)
image	0		(455, 354)	(465, 354)	(465, 366)	(455, 366)
image	8		(412, 386)	(423, 386)	(423, 396)	(412, 396)
image	37		(405, 417)	(421, 417)	(421, 428)	(405, 428)
image	125		(397, 449)	(422, 449)	(422, 459)	(397, 459)
image	29		(405, 480)	(422, 480)	(422, 490)	(405, 490)
image	64		(405, 512)	(421, 512)	(421, 523)	(405, 523)
image	70		(405, 544)	(421, 544)	(421, 554)	(405, 554)
image	30		(405, 575)	(421, 575)	(421, 586)	(405, 586)
image	15		(405, 606)	(421, 606)	(421, 616)	(405, 616)
image	66		(405, 711)	(420, 711)	(420, 722)	(405, 722)
image	37		(405, 742)	(421, 742)	(421, 752)	(405, 752)
image	32		(405, 774)	(421, 774)	(421, 784)	(405, 784)
image	12		(405, 805)	(420, 805)	(420, 815)	(405, 815)
image	5		(412, 647)	(423, 647)	(423, 659)	(412, 659)
image	0		(455, 647)	(465, 647)	(465, 659)	(455, 659)
image	5		(412, 677)	(422, 677)	(422, 688)	(412, 688)
image	0		(455, 679)	(464, 679)	(464, 689)	(455, 689)
image	1		(455, 710)	(463, 710)	(463, 721)	(455, 721)
image	16		(405, 837)	(422, 837)	(422, 848)	(405, 848)
image	11		(406, 868)	(420, 868)	(420, 878)	(406, 878)
image	54		(405, 908)	(421, 908)	(421, 918)	(405, 918)
image	51		(405, 939)	(422, 939)	(422, 950)	(405, 950)
image	37		(405, 970)	(422, 970)	(422, 982)	(405, 982)
image	0		(455, 219)	(464, 219)	(464, 230)	(455, 230)
image	1		(455, 250)	(464, 250)	(464, 261)	(455, 261)
image	0		(455, 282)	(464, 282)	(464, 293)	(455, 293)
image	0		(455, 314)	(463, 314)	(463, 325)	(455, 325)
image	22		(405, 1003)	(422, 1003)	(422, 1013)	(405, 1013)
image	43		(404, 1035)	(420, 1035)	(420, 1045)	(404, 1045)
image	•		(454, 515)	(454, 509)	(463, 509)	(463, 515)
image	Hwo		(454, 493)	(455, 417)	(464, 417)	(463, 493)
image	o		(454, 398)	(454, 384)	(463, 384)	(463, 398)
image	4		(455, 512)	(464, 512)	(464, 522)	(455, 522)
image	0		(455, 543)	(464, 543)	(464, 554)	(455, 554)
image	0		(455, 574)	(464, 574)	(464, 585)	(455, 585)
image	0		(455, 607)	(464, 607)	(464, 618)	(455, 618)
image	1		(456, 741)	(464, 741)	(464, 751)	(456, 751)
image	1		(456, 773)	(464, 773)	(464, 783)	(456, 783)
image	ㅇㅇㅇ		(455, 877)	(455, 803)	(463, 803)	(463, 877)
image	.		(455, 784)	(455, 780)	(463, 780)	(463, 784)
image	0		(455, 805)	(463, 805)	(463, 816)	(455, 816)
image	0		(455, 837)	(464, 837)	(464, 847)	(455, 847)
image	0		(455, 868)	(464, 868)	(464, 878)	(455, 878)
image	0		(455, 909)	(464, 909)	(464, 919)	(455, 919)
image	0		(455, 939)	(464, 939)	(464, 949)	(455, 949)
image	základní		(470, 74)	(545, 75)	(545, 94)	(470, 93)
image	zpracování		(548, 75)	(646, 76)	(646, 95)	(548, 94)
image	ܘ		(454, 950)	(454, 940)	(462, 940)	(462, 950)
image	ܘ		(454, 982)	(454, 972)	(462, 972)	(462, 982)
image	ܘ		(454, 1013)	(454, 1003)	(462, 1003)	(462, 1013)
image	ܚ		(455, 1045)	(455, 1035)	(463, 1035)	(463, 1045)
image	OF		(480, 198)	(498, 198)	(498, 209)	(480, 209)
image	AD		(521, 197)	(541, 197)	(541, 208)	(521, 208)
image	ΜΑ		(568, 196)	(591, 196)	(591, 211)	(568, 211)
image	0		(497, 219)	(506, 219)	(506, 229)	(497, 229)
image	0		(540, 219)	(549, 219)	(549, 230)	(540, 230)
image	0		(540, 251)	(549, 251)	(549, 262)	(540, 262)
image	11		(491, 251)	(505, 251)	(505, 261)	(491, 261)
image	8		(497, 282)	(508, 282)	(508, 292)	(497, 292)
image	n		(498, 319)	(498, 310)	(506, 310)	(506, 319)
image	-66		(494, 578)	(494, 481)	(505, 481)	(505, 578)
image	W		(494, 430)	(494, 417)	(505, 417)	(505, 430)
image	NG		(494, 399)	(494, 354)	(505, 354)	(505, 399)
image	5		(498, 314)	(507, 314)	(507, 324)	(498, 324)
image	0		(540, 313)	(550, 313)	(550, 324)	(540, 324)
image	17		(490, 449)	(505, 449)	(505, 459)	(490, 459)
image	10		(490, 512)	(505, 512)	(505, 523)	(490, 523)
image	4		(498, 575)	(506, 575)	(506, 585)	(498, 585)
image	J		(498, 613)	(498, 603)	(507, 603)	(507, 613)
image	2		(497, 606)	(507, 606)	(507, 616)	(497, 616)
image	2		(497, 647)	(507, 647)	(507, 658)	(497, 658)
image	2		(497, 678)	(506, 678)	(506, 688)	(497, 688)
image	15		(490, 711)	(506, 711)	(506, 722)	(490, 722)
image	9		(498, 741)	(506, 741)	(506, 751)	(498, 751)
image	5		(498, 774)	(506, 774)	(506, 784)	(498, 784)
image	6		(498, 804)	(506, 804)	(506, 814)	(498, 814)
image	5		(498, 837)	(506, 837)	(506, 847)	(498, 847)
image	0		(497, 868)	(506, 868)	(506, 878)	(497, 878)
image	11		(491, 909)	(505, 909)	(505, 919)	(491, 919)
image	12		(490, 939)	(506, 939)	(506, 949)	(490, 949)
image	9		(497, 971)	(506, 971)	(506, 981)	(497, 981)
image	0		(498, 1002)	(506, 1002)	(506, 1012)	(498, 1012)
image	0		(540, 283)	(549, 283)	(549, 293)	(540, 293)
image	21		(490, 1035)	(505, 1035)	(505, 1045)	(490, 1045)
image	C		(540, 312)	(547, 312)	(547, 321)	(540, 321)
image	0		(540, 354)	(549, 354)	(549, 365)	(540, 365)
image	0		(540, 386)	(549, 386)	(549, 397)	(540, 397)
image	0		(540, 418)	(549, 418)	(549, 428)	(540, 428)
image	0		(540, 449)	(549, 449)	(549, 459)	(540, 459)
image	0		(540, 479)	(549, 479)	(549, 490)	(540, 490)
image	0		(540, 511)	(550, 511)	(550, 523)	(540, 523)
image	0		(540, 543)	(550, 543)	(550, 554)	(540, 554)
image	0		(540, 574)	(549, 574)	(549, 585)	(540, 585)
image	0		(540, 606)	(549, 606)	(549, 617)	(540, 617)
image	0		(540, 647)	(550, 647)	(550, 658)	(540, 658)
image	0		(540, 679)	(549, 679)	(549, 689)	(540, 689)
image	0		(540, 711)	(548, 711)	(548, 722)	(540, 722)
image	0		(540, 742)	(549, 742)	(549, 752)	(540, 752)
image	0		(540, 774)	(549, 774)	(549, 784)	(540, 784)
image	0		(540, 805)	(549, 805)	(549, 815)	(540, 815)
image	0		(540, 837)	(549, 837)	(549, 847)	(540, 847)
image	0		(540, 868)	(549, 868)	(549, 878)	(540, 878)
image	0		(540, 908)	(549, 908)	(549, 919)	(540, 919)
image	0		(540, 939)	(549, 939)	(549, 950)	(540, 950)
image	0		(540, 971)	(550, 971)	(550, 982)	(540, 982)
image	0		(540, 1002)	(549, 1002)	(549, 1013)	(540, 1013)
image	K_SU		(563, 178)	(598, 177)	(598, 190)	(563, 191)
image	BI		(623, 178)	(638, 178)	(638, 190)	(623, 190)
image	0		(540, 1034)	(549, 1034)	(549, 1045)	(540, 1045)
image	2		(596, 219)	(607, 219)	(607, 230)	(596, 230)
image	69		(589, 250)	(604, 250)	(604, 260)	(589, 260)
image	34		(589, 283)	(606, 283)	(606, 294)	(589, 294)
image	S		(592, 311)	(603, 311)	(603, 323)	(592, 323)
image	24		(589, 313)	(604, 313)	(604, 323)	(589, 323)
image	14		(589, 354)	(606, 354)	(606, 364)	(589, 364)
image	10		(589, 387)	(606, 387)	(606, 397)	(589, 397)
image	40		(589, 418)	(604, 418)	(604, 428)	(589, 428)
image	145		(582, 448)	(606, 448)	(606, 458)	(582, 458)
image	39		(589, 480)	(605, 480)	(605, 491)	(589, 491)
image	78		(589, 512)	(605, 512)	(605, 523)	(589, 523)
image	79		(589, 543)	(605, 543)	(605, 554)	(589, 554)
image	34		(589, 574)	(606, 574)	(606, 585)	(589, 585)
image	17		(589, 606)	(605, 606)	(605, 617)	(589, 617)
image	7		(596, 646)	(606, 646)	(606, 657)	(596, 657)
image	7		(597, 679)	(606, 679)	(606, 690)	(597, 690)
image	82		(589, 710)	(605, 710)	(605, 720)	(589, 720)
image	47		(588, 741)	(605, 741)	(605, 752)	(588, 752)
image	38		(589, 773)	(607, 773)	(607, 784)	(589, 784)
image	18		(589, 805)	(606, 805)	(606, 816)	(589, 816)
image	21		(589, 837)	(606, 837)	(606, 847)	(589, 847)
image	11		(589, 868)	(606, 868)	(606, 878)	(589, 878)
image	65		(589, 908)	(605, 908)	(605, 919)	(589, 919)
image	63		(589, 939)	(606, 939)	(606, 950)	(589, 950)
image	46		(588, 971)	(605, 971)	(605, 982)	(588, 982)
image	22		(588, 1002)	(605, 1002)	(605, 1012)	(588, 1012)
image	67		(589, 1034)	(604, 1034)	(604, 1045)	(589, 1045)
image	0		(639, 219)	(649, 219)	(649, 230)	(639, 230)
image	0		(639, 250)	(648, 250)	(648, 261)	(639, 261)
image	0		(639, 282)	(648, 282)	(648, 292)	(639, 292)
image	0		(639, 313)	(648, 313)	(648, 323)	(639, 323)
image	0		(639, 354)	(648, 354)	(648, 365)	(639, 365)
image	0		(639, 386)	(648, 386)	(648, 396)	(639, 396)
image	0		(640, 417)	(649, 417)	(649, 427)	(640, 427)
image	0		(639, 448)	(648, 448)	(648, 459)	(639, 459)
image	OOOO		(638, 554)	(639, 449)	(649, 449)	(648, 554)
image	0		(639, 481)	(648, 481)	(648, 491)	(639, 491)
image	0		(639, 513)	(648, 513)	(648, 523)	(639, 523)
image	0		(639, 542)	(648, 542)	(648, 553)	(639, 553)
image	0		(639, 574)	(648, 574)	(648, 584)	(639, 584)
image	0		(639, 606)	(648, 606)	(648, 616)	(639, 616)
image	0		(640, 647)	(649, 647)	(649, 658)	(640, 658)
image	0		(640, 678)	(649, 678)	(649, 688)	(640, 688)
image	0		(640, 710)	(649, 710)	(649, 720)	(640, 720)
image	0		(640, 741)	(648, 741)	(648, 751)	(640, 751)
image	0		(639, 773)	(648, 773)	(648, 783)	(639, 783)
image	OOO		(647, 773)	(647, 846)	(639, 846)	(639, 773)
image	O		(646, 866)	(646, 878)	(639, 878)	(639, 866)
image	0		(639, 836)	(648, 836)	(648, 846)	(639, 846)
image	0		(640, 868)	(649, 868)	(649, 878)	(640, 878)
image	0		(639, 908)	(648, 908)	(648, 918)	(639, 918)
image	OOO		(639, 1045)	(638, 971)	(648, 971)	(649, 1045)
image	OO		(638, 952)	(637, 909)	(646, 909)	(647, 952)
image	0		(639, 970)	(648, 970)	(648, 981)	(639, 981)
image	0		(640, 1002)	(649, 1002)	(649, 1012)	(640, 1012)
image	0		(639, 1034)	(648, 1034)	(648, 1044)	(639, 1044)
image	ŠI		(667, 177)	(679, 177)	(679, 190)	(667, 190)
image	mlýn		(700, 177)	(732, 177)	(732, 192)	(700, 192)
image	BR		(748, 177)	(767, 177)	(767, 191)	(748, 191)
image	0		(682, 219)	(691, 219)	(691, 230)	(682, 230)
image	0		(682, 250)	(691, 250)	(691, 261)	(682, 261)
image	0		(682, 282)	(692, 282)	(692, 292)	(682, 292)
image	To		(695, 301)	(695, 321)	(684, 321)	(684, 301)
image	0		(682, 313)	(691, 313)	(691, 323)	(682, 323)
image	0		(682, 354)	(691, 354)	(691, 365)	(682, 365)
image	0		(682, 386)	(691, 386)	(691, 397)	(682, 397)
image	0		(682, 418)	(690, 418)	(690, 428)	(682, 428)
image	0		(682, 449)	(690, 449)	(690, 460)	(682, 460)
image	0		(682, 479)	(692, 479)	(692, 491)	(682, 491)
image	0		(682, 511)	(692, 511)	(692, 523)	(682, 523)
image	0		(682, 542)	(691, 542)	(691, 553)	(682, 553)
image	0		(682, 574)	(691, 574)	(691, 585)	(682, 585)
image	0		(682, 606)	(691, 606)	(691, 617)	(682, 617)
image	0		(682, 647)	(691, 647)	(691, 658)	(682, 658)
image	0		(682, 678)	(691, 678)	(691, 689)	(682, 689)
image	0		(682, 710)	(691, 710)	(691, 720)	(682, 720)
image	0		(682, 741)	(691, 741)	(691, 751)	(682, 751)
image	0		(682, 773)	(691, 773)	(691, 784)	(682, 784)
image	0		(682, 805)	(691, 805)	(691, 816)	(682, 816)
image	0		(682, 837)	(691, 837)	(691, 848)	(682, 848)
image	0		(683, 868)	(691, 868)	(691, 879)	(683, 879)
image	0		(682, 907)	(691, 907)	(691, 918)	(682, 918)
image	0		(682, 939)	(691, 939)	(691, 950)	(682, 950)
image	0		(682, 970)	(691, 970)	(691, 981)	(682, 981)
image	0		(682, 1002)	(691, 1002)	(691, 1013)	(682, 1013)
image	0		(682, 1035)	(691, 1035)	(691, 1045)	(682, 1045)
image	0		(724, 219)	(734, 219)	(734, 230)	(724, 230)
image	Oc		(732, 219)	(732, 258)	(725, 258)	(725, 219)
image	0		(725, 250)	(734, 250)	(734, 261)	(725, 261)
image	0		(725, 282)	(734, 282)	(734, 292)	(725, 292)
image	0		(725, 314)	(734, 314)	(734, 324)	(725, 324)
image	0		(725, 354)	(734, 354)	(734, 365)	(725, 365)
image	0		(724, 386)	(733, 386)	(733, 398)	(724, 398)
image	0		(725, 418)	(734, 418)	(734, 428)	(725, 428)
image	0		(725, 449)	(734, 449)	(734, 459)	(725, 459)
image	0		(725, 481)	(733, 481)	(733, 492)	(725, 492)
image	0		(725, 513)	(734, 513)	(734, 523)	(725, 523)
image	0		(725, 543)	(734, 543)	(734, 554)	(725, 554)
image	0		(725, 574)	(734, 574)	(734, 585)	(725, 585)
image	0		(724, 606)	(734, 606)	(734, 616)	(724, 616)
image	0		(725, 647)	(734, 647)	(734, 658)	(725, 658)
image	0		(725, 678)	(734, 678)	(734, 689)	(725, 689)
image	0		(725, 710)	(734, 710)	(734, 720)	(725, 720)
image	0		(725, 742)	(734, 742)	(734, 752)	(725, 752)
image	0		(725, 773)	(733, 773)	(733, 783)	(725, 783)
image	0		(725, 804)	(733, 804)	(733, 814)	(725, 814)
image	0		(725, 836)	(734, 836)	(734, 846)	(725, 846)
image	0		(725, 868)	(734, 868)	(734, 878)	(725, 878)
image	0		(724, 909)	(733, 909)	(733, 919)	(724, 919)
image	0		(724, 939)	(733, 939)	(733, 950)	(724, 950)
image	O		(725, 951)	(725, 939)	(733, 939)	(733, 951)
image	0		(725, 971)	(734, 971)	(734, 981)	(725, 981)
image	OOO		(725, 1045)	(725, 971)	(733, 971)	(733, 1045)
image	0		(725, 1002)	(734, 1002)	(734, 1013)	(725, 1013)
image	0		(725, 1035)	(733, 1035)	(733, 1046)	(725, 1046)
image	0		(767, 220)	(776, 220)	(776, 231)	(767, 231)
image	0		(767, 250)	(776, 250)	(776, 261)	(767, 261)
image	0		(767, 283)	(776, 283)	(776, 293)	(767, 293)
image	c		(775, 312)	(775, 322)	(768, 322)	(768, 312)
image	0		(767, 313)	(776, 313)	(776, 323)	(767, 323)
image	0		(767, 354)	(776, 354)	(776, 364)	(767, 364)
image	0		(767, 387)	(775, 387)	(775, 398)	(767, 398)
image	0		(767, 418)	(775, 418)	(775, 428)	(767, 428)
image	0		(767, 448)	(776, 448)	(776, 459)	(767, 459)
image	0		(767, 481)	(776, 481)	(776, 491)	(767, 491)
image	0		(767, 513)	(775, 513)	(775, 523)	(767, 523)
image	0		(767, 543)	(776, 543)	(776, 554)	(767, 554)
image	c		(775, 573)	(775, 579)	(768, 579)	(768, 573)
image	0		(767, 574)	(775, 574)	(775, 585)	(767, 585)
image	c		(774, 604)	(774, 614)	(767, 614)	(767, 604)
image	0		(767, 606)	(775, 606)	(775, 617)	(767, 617)
image	0		(767, 647)	(776, 647)	(776, 658)	(767, 658)
image	0		(767, 679)	(775, 679)	(775, 690)	(767, 690)
image	0		(767, 711)	(776, 711)	(776, 722)	(767, 722)
image	0		(767, 741)	(776, 741)	(776, 751)	(767, 751)
image	0		(767, 773)	(776, 773)	(776, 783)	(767, 783)
image	0		(767, 805)	(776, 805)	(776, 815)	(767, 815)
image	0		(767, 836)	(775, 836)	(775, 846)	(767, 846)
image	0		(767, 868)	(775, 868)	(775, 878)	(767, 878)
image	OOO		(775, 908)	(775, 980)	(767, 980)	(767, 908)
image	OC		(775, 1000)	(775, 1043)	(767, 1043)	(767, 1000)
image	0		(767, 939)	(776, 939)	(776, 950)	(767, 950)
image	0		(767, 971)	(776, 971)	(776, 982)	(767, 982)
image	0		(767, 1003)	(776, 1003)	(776, 1014)	(767, 1014)
image	0		(767, 1034)	(776, 1034)	(776, 1044)	(767, 1044)
image	KA		(792, 178)	(811, 178)	(811, 189)	(792, 189)
image	62		(783, 1154)	(801, 1154)	(801, 1166)	(783, 1166)
image	0		(809, 219)	(818, 219)	(818, 230)	(809, 230)
image	4		(809, 282)	(817, 282)	(817, 293)	(809, 293)
image	3		(809, 313)	(818, 313)	(818, 324)	(809, 324)
image	2		(809, 355)	(818, 355)	(818, 366)	(809, 366)
image	1		(810, 387)	(818, 387)	(818, 398)	(810, 398)
image	1		(810, 418)	(818, 418)	(818, 428)	(810, 428)
image	6		(809, 448)	(817, 448)	(817, 458)	(809, 458)
image	3		(809, 574)	(818, 574)	(818, 584)	(809, 584)
image	0		(810, 606)	(819, 606)	(819, 616)	(810, 616)
image	0		(809, 647)	(818, 647)	(818, 658)	(809, 658)
image	3		(810, 678)	(819, 678)	(819, 689)	(810, 689)
image	3		(809, 709)	(819, 709)	(819, 720)	(809, 720)
image	0		(810, 804)	(819, 804)	(819, 814)	(810, 814)
image	0		(809, 481)	(818, 481)	(818, 491)	(809, 491)
image	39		(844, 480)	(861, 480)	(861, 491)	(844, 491)
image	3		(809, 512)	(819, 512)	(819, 523)	(809, 523)
image	221		(836, 512)	(860, 512)	(860, 522)	(836, 522)
image	130		(879, 512)	(903, 512)	(903, 523)	(879, 523)
image	7		(809, 543)	(819, 543)	(819, 554)	(809, 554)
image	430		(835, 543)	(861, 541)	(862, 553)	(836, 555)
image	113		(836, 574)	(862, 574)	(862, 585)	(836, 585)
image	160		(836, 606)	(862, 606)	(862, 617)	(836, 617)
image	0		(809, 837)	(818, 837)	(818, 848)	(809, 848)
image	2		(809, 867)	(819, 867)	(819, 877)	(809, 877)
image	4		(809, 907)	(818, 907)	(818, 919)	(809, 919)
image	0		(809, 939)	(818, 939)	(818, 950)	(809, 950)
image	0		(809, 971)	(818, 971)	(818, 982)	(809, 982)
image	ΜΑ		(830, 176)	(852, 176)	(852, 192)	(830, 192)
image	0		(809, 1002)	(817, 1002)	(817, 1012)	(809, 1012)
image	0		(852, 219)	(861, 219)	(861, 230)	(852, 230)
image	O		(859, 219)	(859, 232)	(851, 232)	(851, 219)
image	00		(858, 248)	(858, 261)	(850, 261)	(850, 248)
image	0		(809, 1035)	(817, 1035)	(817, 1045)	(809, 1045)
image	65		(887, 251)	(902, 251)	(902, 262)	(887, 262)
image	108		(836, 281)	(861, 281)	(861, 293)	(836, 293)
image	18		(887, 283)	(903, 283)	(903, 294)	(887, 294)
image	10		(845, 313)	(861, 313)	(861, 324)	(845, 324)
image	0		(895, 313)	(904, 313)	(904, 323)	(895, 323)
image	KO		(877, 178)	(894, 178)	(894, 189)	(877, 189)
image	0		(894, 219)	(904, 219)	(904, 230)	(894, 230)
image	0		(853, 837)	(861, 837)	(861, 847)	(853, 847)
image	0		(852, 868)	(861, 868)	(861, 878)	(852, 878)
image	66		(845, 908)	(860, 908)	(860, 918)	(845, 918)
image	0		(852, 354)	(861, 354)	(861, 365)	(852, 365)
image	110		(879, 354)	(904, 354)	(904, 365)	(879, 365)
image	37		(844, 385)	(862, 385)	(862, 397)	(844, 397)
image	116		(879, 386)	(904, 386)	(904, 397)	(879, 397)
image	62		(844, 417)	(860, 417)	(860, 428)	(844, 428)
image	12		(887, 418)	(903, 418)	(903, 428)	(887, 428)
image	ne		(930, 420)	(946, 420)	(946, 428)	(930, 428)
image	250		(836, 448)	(860, 448)	(860, 459)	(836, 459)
image	230		(879, 448)	(904, 448)	(904, 458)	(879, 458)
image	74		(888, 481)	(902, 481)	(902, 491)	(888, 491)
image	0		(895, 607)	(904, 607)	(904, 617)	(895, 617)
image	4		(894, 647)	(903, 647)	(903, 658)	(894, 658)
image	22		(844, 647)	(860, 647)	(860, 658)	(844, 658)
image	0		(852, 678)	(861, 678)	(861, 689)	(852, 689)
image	126		(837, 709)	(861, 709)	(861, 720)	(837, 720)
image	24		(887, 710)	(904, 710)	(904, 721)	(887, 721)
image	4		(810, 742)	(818, 742)	(818, 752)	(810, 752)
image	86		(844, 741)	(861, 741)	(861, 752)	(844, 752)
image	156		(879, 741)	(904, 741)	(904, 752)	(879, 752)
image	ne		(930, 744)	(945, 744)	(945, 752)	(930, 752)
image	1		(810, 774)	(818, 774)	(818, 784)	(810, 784)
image	320		(836, 773)	(861, 773)	(861, 784)	(836, 784)
image	230		(879, 773)	(904, 773)	(904, 784)	(879, 784)
image	68		(844, 804)	(861, 804)	(861, 815)	(844, 815)
image	0		(895, 679)	(904, 679)	(904, 689)	(895, 689)
image	6		(895, 805)	(903, 805)	(903, 815)	(895, 815)
image	4		(895, 837)	(903, 837)	(903, 846)	(895, 846)
image	U		(923, 178)	(935, 178)	(935, 189)	(923, 189)
image	2		(894, 868)	(903, 868)	(903, 878)	(894, 878)
image	ne		(930, 222)	(947, 222)	(947, 230)	(930, 230)
image	ne		(930, 253)	(947, 253)	(947, 261)	(930, 261)
image	122		(835, 938)	(860, 936)	(861, 949)	(836, 951)
image	233		(835, 971)	(860, 969)	(861, 981)	(836, 983)
image	0		(852, 1002)	(861, 1002)	(861, 1013)	(852, 1013)
image	134		(836, 1034)	(861, 1034)	(861, 1044)	(836, 1044)
image	30		(887, 1035)	(903, 1035)	(903, 1045)	(887, 1045)
image	ne		(930, 285)	(946, 285)	(946, 293)	(930, 293)
image	48		(886, 542)	(904, 542)	(904, 554)	(886, 554)
image	ano		(921, 546)	(945, 546)	(945, 554)	(921, 554)
image	14		(887, 574)	(902, 574)	(902, 586)	(887, 586)
image	0		(895, 1002)	(904, 1002)	(904, 1012)	(895, 1012)
image	ne		(930, 316)	(946, 316)	(946, 324)	(930, 324)
image	ne		(930, 357)	(945, 357)	(945, 365)	(930, 365)
image	ne		(930, 389)	(945, 389)	(945, 397)	(930, 397)
image	ne		(930, 450)	(945, 450)	(945, 458)	(930, 458)
image	ne		(930, 483)	(945, 483)	(945, 491)	(930, 491)
image	ne		(930, 515)	(946, 515)	(946, 523)	(930, 523)
image	ne		(930, 577)	(946, 577)	(946, 585)	(930, 585)
image	ne		(930, 609)	(946, 609)	(946, 617)	(930, 617)
image	ne		(930, 650)	(946, 650)	(946, 657)	(930, 657)
image	ne		(930, 681)	(947, 681)	(947, 689)	(930, 689)
image	ne		(930, 713)	(947, 713)	(947, 721)	(930, 721)
image	ne		(929, 776)	(946, 776)	(946, 784)	(929, 784)
image	ne		(930, 807)	(945, 807)	(945, 814)	(930, 814)
image	ne		(930, 839)	(946, 839)	(946, 846)	(930, 846)
image	74		(888, 909)	(902, 909)	(902, 919)	(888, 919)
image	55		(887, 939)	(903, 939)	(903, 949)	(887, 949)
image	ano		(921, 942)	(945, 942)	(945, 950)	(921, 950)
image	26		(886, 970)	(903, 970)	(903, 982)	(886, 982)
image	ne		(930, 870)	(945, 870)	(945, 878)	(930, 878)
image	ne		(930, 911)	(944, 911)	(944, 919)	(930, 919)
image	ne		(930, 974)	(945, 974)	(945, 981)	(930, 981)
image	ne		(930, 1005)	(946, 1005)	(946, 1013)	(930, 1013)
image	ne		(930, 1036)	(946, 1036)	(946, 1045)	(930, 1045)
image	KI		(965, 178)	(978, 178)	(978, 189)	(965, 189)
image	0		(980, 219)	(990, 219)	(990, 230)	(980, 230)
image	0		(980, 250)	(989, 250)	(989, 261)	(980, 261)
image	0		(979, 282)	(988, 282)	(988, 293)	(979, 293)
image	0		(979, 313)	(988, 313)	(988, 324)	(979, 324)
image	0		(979, 354)	(989, 354)	(989, 364)	(979, 364)
image	0		(979, 387)	(988, 387)	(988, 397)	(979, 397)
image	0		(980, 417)	(989, 417)	(989, 427)	(980, 427)
image	0		(980, 449)	(988, 449)	(988, 459)	(980, 459)
image	0		(979, 480)	(988, 480)	(988, 491)	(979, 491)
image	0		(980, 512)	(989, 512)	(989, 523)	(980, 523)
image	0		(980, 543)	(990, 543)	(990, 554)	(980, 554)
image	0		(980, 574)	(989, 574)	(989, 585)	(980, 585)
image	0		(980, 606)	(990, 606)	(990, 617)	(980, 617)
image	0		(979, 647)	(988, 647)	(988, 657)	(979, 657)
image	0		(979, 678)	(988, 678)	(988, 689)	(979, 689)
image	0		(979, 710)	(989, 710)	(989, 721)	(979, 721)
image	0		(979, 741)	(988, 741)	(988, 751)	(979, 751)
image	0		(979, 773)	(988, 773)	(988, 783)	(979, 783)
image	0		(979, 804)	(988, 804)	(988, 814)	(979, 814)
image	0		(980, 836)	(989, 836)	(989, 846)	(980, 846)
image	0		(980, 868)	(988, 868)	(988, 878)	(980, 878)
image	0		(979, 908)	(988, 908)	(988, 919)	(979, 919)
image	0		(980, 939)	(990, 939)	(990, 950)	(980, 950)
image	0		(979, 971)	(988, 971)	(988, 982)	(979, 982)
image	0		(980, 1002)	(989, 1002)	(989, 1013)	(980, 1013)
image	0		(979, 1034)	(989, 1034)	(989, 1044)	(979, 1044)
image	Dto		(1001, 178)	(1026, 178)	(1026, 189)	(1001, 189)
image	bron		(1039, 178)	(1071, 178)	(1071, 189)	(1039, 189)
image	z		(1052, 201)	(1060, 201)	(1060, 209)	(1052, 209)
image	0		(1022, 219)	(1031, 219)	(1031, 230)	(1022, 230)
image	0		(1022, 250)	(1030, 250)	(1030, 261)	(1022, 261)
image	0		(1022, 283)	(1030, 283)	(1030, 294)	(1022, 294)
image	To		(1033, 304)	(1033, 323)	(1024, 323)	(1024, 304)
image	0		(1022, 314)	(1031, 314)	(1031, 324)	(1022, 324)
image	0		(1022, 354)	(1031, 354)	(1031, 364)	(1022, 364)
image	0		(1022, 386)	(1031, 386)	(1031, 396)	(1022, 396)
image	0		(1022, 418)	(1030, 418)	(1030, 428)	(1022, 428)
image	0		(1022, 449)	(1030, 449)	(1030, 459)	(1022, 459)
image	0		(1022, 481)	(1031, 481)	(1031, 491)	(1022, 491)
image	0		(1022, 513)	(1030, 513)	(1030, 523)	(1022, 523)
image	To		(1023, 562)	(1034, 562)	(1034, 577)	(1023, 577)
image	0		(1022, 574)	(1030, 574)	(1030, 584)	(1022, 584)
image	0		(1022, 606)	(1031, 606)	(1031, 617)	(1022, 617)
image	0		(1022, 647)	(1031, 647)	(1031, 658)	(1022, 658)
image	0		(1023, 679)	(1031, 679)	(1031, 690)	(1023, 690)
image	0		(1022, 710)	(1031, 710)	(1031, 721)	(1022, 721)
image	0		(1022, 742)	(1031, 742)	(1031, 752)	(1022, 752)
image	0		(1022, 774)	(1031, 774)	(1031, 784)	(1022, 784)
image	DOO		(1019, 781)	(1029, 781)	(1030, 846)	(1020, 846)
image	0		(1022, 805)	(1031, 805)	(1031, 815)	(1022, 815)
image	0		(1022, 837)	(1031, 837)	(1031, 847)	(1022, 847)
image	0		(1022, 868)	(1031, 868)	(1031, 878)	(1022, 878)
image	0		(1022, 909)	(1031, 909)	(1031, 919)	(1022, 919)
image	0		(1022, 939)	(1032, 939)	(1032, 950)	(1022, 950)
image	0		(1107, 480)	(1116, 480)	(1116, 491)	(1107, 491)
image	0		(1107, 512)	(1117, 512)	(1117, 523)	(1107, 523)
image	0		(1022, 543)	(1032, 543)	(1032, 554)	(1022, 554)
image	0		(1065, 543)	(1074, 543)	(1074, 554)	(1065, 554)
image	0		(1107, 543)	(1116, 543)	(1116, 554)	(1107, 554)
image	0		(1107, 575)	(1115, 575)	(1115, 586)	(1107, 586)
image	0		(1107, 607)	(1115, 607)	(1115, 618)	(1107, 618)
image	0		(1022, 971)	(1031, 971)	(1031, 982)	(1022, 982)
image	0		(1064, 219)	(1074, 219)	(1074, 230)	(1064, 230)
image	0		(1022, 1002)	(1031, 1002)	(1031, 1011)	(1022, 1011)
image	0		(1065, 250)	(1074, 250)	(1074, 261)	(1065, 261)
image	0		(1022, 1034)	(1031, 1034)	(1031, 1045)	(1022, 1045)
image	0		(1064, 282)	(1073, 282)	(1073, 293)	(1064, 293)
image	PI		(1064, 321)	(1064, 303)	(1075, 303)	(1075, 321)
image	0		(1064, 314)	(1073, 314)	(1073, 324)	(1064, 324)
image	0		(1065, 354)	(1073, 354)	(1073, 365)	(1065, 365)
image	0		(1064, 386)	(1073, 386)	(1073, 397)	(1064, 397)
image	·		(1064, 547)	(1064, 537)	(1073, 537)	(1073, 547)
image	OOO		(1063, 524)	(1063, 449)	(1072, 449)	(1072, 524)
image	OO		(1063, 430)	(1063, 386)	(1072, 386)	(1072, 430)
image	0		(1065, 449)	(1074, 449)	(1074, 459)	(1065, 459)
image	0		(1065, 513)	(1073, 513)	(1073, 523)	(1065, 523)
image	0		(1065, 574)	(1074, 574)	(1074, 585)	(1065, 585)
image	To		(1065, 594)	(1076, 594)	(1076, 612)	(1065, 612)
image	0		(1065, 606)	(1073, 606)	(1073, 617)	(1065, 617)
image	0		(1064, 647)	(1073, 647)	(1073, 657)	(1064, 657)
image	0		(1065, 678)	(1074, 678)	(1074, 689)	(1065, 689)
image	0		(1065, 710)	(1074, 710)	(1074, 721)	(1065, 721)
image	0		(1065, 741)	(1074, 741)	(1074, 752)	(1065, 752)
image	OOOO		(1064, 876)	(1064, 771)	(1073, 771)	(1073, 876)
image	ooooo		(1019, 909)	(1028, 909)	(1030, 1045)	(1021, 1045)
image	OOO		(1062, 939)	(1071, 939)	(1072, 1014)	(1063, 1014)
image	O		(1063, 1033)	(1071, 1033)	(1071, 1044)	(1063, 1044)
image	0		(1064, 805)	(1073, 805)	(1073, 815)	(1064, 815)
image	0		(1064, 837)	(1073, 837)	(1073, 847)	(1064, 847)
image	0		(1065, 868)	(1073, 868)	(1073, 878)	(1065, 878)
image	0		(1065, 908)	(1073, 908)	(1073, 918)	(1065, 918)
image	0		(1065, 939)	(1074, 939)	(1074, 950)	(1065, 950)
image	0		(1065, 971)	(1074, 971)	(1074, 982)	(1065, 982)
image	Fe		(1090, 177)	(1107, 177)	(1107, 189)	(1090, 189)
image	Str		(1131, 178)	(1151, 178)	(1151, 189)	(1131, 189)
image	0		(1064, 1002)	(1073, 1002)	(1073, 1013)	(1064, 1013)
image	Oc		(1105, 217)	(1112, 217)	(1112, 260)	(1105, 260)
image	0		(1065, 1034)	(1074, 1034)	(1074, 1045)	(1065, 1045)
image	0		(1107, 219)	(1116, 219)	(1116, 230)	(1107, 230)
image	0		(1107, 251)	(1115, 251)	(1115, 261)	(1107, 261)
image	0		(1108, 282)	(1116, 282)	(1116, 292)	(1108, 292)
image	0		(1065, 773)	(1074, 773)	(1074, 784)	(1065, 784)
image	0		(1107, 774)	(1115, 774)	(1115, 784)	(1107, 784)
image	0		(1108, 313)	(1116, 313)	(1116, 323)	(1108, 323)
image	0		(1107, 354)	(1116, 354)	(1116, 365)	(1107, 365)
image	0		(1107, 387)	(1116, 387)	(1116, 398)	(1107, 398)
image	0		(1108, 417)	(1116, 417)	(1116, 427)	(1108, 427)
image	0		(1107, 449)	(1115, 449)	(1115, 459)	(1107, 459)
image	0		(1107, 647)	(1116, 647)	(1116, 658)	(1107, 658)
image	0		(1107, 679)	(1116, 679)	(1116, 689)	(1107, 689)
image	0		(1108, 710)	(1116, 710)	(1116, 720)	(1108, 720)
image	0		(1108, 741)	(1116, 741)	(1116, 751)	(1108, 751)
image	ooo		(1115, 803)	(1115, 876)	(1107, 876)	(1107, 803)
image	0		(1107, 805)	(1115, 805)	(1115, 815)	(1107, 815)
image	0		(1108, 836)	(1116, 836)	(1116, 846)	(1108, 846)
image	0		(1107, 868)	(1116, 868)	(1116, 879)	(1107, 879)
image	0		(1107, 908)	(1116, 908)	(1116, 919)	(1107, 919)
image	0		(1107, 939)	(1116, 939)	(1116, 950)	(1107, 950)
image	0		(1107, 971)	(1116, 971)	(1116, 982)	(1107, 982)
image	0		(1107, 1003)	(1115, 1003)	(1115, 1013)	(1107, 1013)
image	0		(1107, 1035)	(1115, 1035)	(1115, 1045)	(1107, 1045)
image	0		(1150, 354)	(1158, 354)	(1158, 364)	(1150, 364)
image	0		(1150, 220)	(1159, 220)	(1159, 231)	(1150, 231)
image	BR		(1238, 217)	(1253, 217)	(1253, 231)	(1238, 231)
image	střed		(1257, 217)	(1290, 217)	(1290, 230)	(1257, 230)
image	.		(1291, 217)	(1295, 217)	(1295, 230)	(1291, 230)
image	/		(1294, 217)	(1301, 217)	(1301, 230)	(1294, 230)
image	ml		(1301, 217)	(1318, 217)	(1318, 230)	(1301, 230)
image	.		(1318, 217)	(1322, 217)	(1322, 230)	(1318, 230)
image	0		(1150, 251)	(1159, 251)	(1159, 262)	(1150, 262)
image	BR		(1238, 249)	(1254, 249)	(1254, 262)	(1238, 262)
image	střed		(1258, 249)	(1290, 250)	(1290, 263)	(1258, 262)
image	.		(1292, 250)	(1296, 250)	(1296, 263)	(1292, 263)
image	/		(1294, 250)	(1301, 250)	(1301, 263)	(1294, 263)
image	ml		(1302, 250)	(1319, 250)	(1319, 263)	(1302, 263)
image	.		(1319, 250)	(1322, 250)	(1322, 263)	(1319, 263)
image	BR		(1238, 280)	(1254, 280)	(1254, 293)	(1238, 293)
image	střed		(1258, 280)	(1290, 280)	(1290, 293)	(1258, 293)
image	.		(1292, 280)	(1296, 280)	(1296, 293)	(1292, 293)
image	/		(1295, 280)	(1302, 280)	(1302, 293)	(1295, 293)
image	ml		(1302, 280)	(1318, 280)	(1318, 294)	(1302, 294)
image	.		(1319, 281)	(1322, 281)	(1322, 294)	(1319, 294)
image	0		(1150, 282)	(1159, 282)	(1159, 293)	(1150, 293)
image	0		(1150, 312)	(1158, 312)	(1158, 325)	(1150, 325)
image	Ka		(1166, 312)	(1183, 312)	(1183, 325)	(1166, 325)
image	-		(1182, 312)	(1187, 312)	(1187, 325)	(1182, 325)
image	surovi		(1188, 312)	(1227, 312)	(1227, 325)	(1188, 325)
image	BR		(1238, 312)	(1255, 312)	(1255, 325)	(1238, 325)
image	střed		(1258, 312)	(1290, 312)	(1290, 325)	(1258, 325)
image	.		(1292, 312)	(1296, 312)	(1296, 325)	(1292, 325)
image	/		(1295, 312)	(1302, 312)	(1302, 325)	(1295, 325)
image	ml		(1302, 312)	(1319, 312)	(1319, 325)	(1302, 325)
image	.		(1319, 312)	(1323, 312)	(1323, 325)	(1319, 325)
image	0		(1150, 386)	(1158, 386)	(1158, 396)	(1150, 396)
image	BR		(1238, 354)	(1254, 354)	(1254, 367)	(1238, 367)
image	střed		(1258, 354)	(1291, 354)	(1291, 367)	(1258, 367)
image	.		(1292, 354)	(1296, 354)	(1296, 367)	(1292, 367)
image	/		(1295, 354)	(1302, 354)	(1302, 367)	(1295, 367)
image	ml		(1301, 354)	(1319, 354)	(1319, 367)	(1301, 367)
image	.		(1319, 354)	(1323, 354)	(1323, 367)	(1319, 367)
image	BR		(1238, 386)	(1253, 386)	(1253, 399)	(1238, 399)
image	střed		(1258, 386)	(1289, 386)	(1289, 399)	(1258, 399)
image	.		(1292, 386)	(1296, 386)	(1296, 399)	(1292, 399)
image	/		(1294, 386)	(1301, 386)	(1301, 399)	(1294, 399)
image	ml		(1302, 386)	(1318, 386)	(1318, 399)	(1302, 399)
image	.		(1319, 386)	(1323, 386)	(1323, 399)	(1319, 399)
image	BR		(1238, 416)	(1254, 416)	(1254, 430)	(1238, 430)
image	střed		(1258, 416)	(1290, 416)	(1290, 430)	(1258, 430)
image	.		(1292, 416)	(1296, 416)	(1296, 430)	(1292, 430)
image	/		(1295, 416)	(1302, 416)	(1302, 430)	(1295, 430)
image	ml		(1302, 416)	(1319, 416)	(1319, 430)	(1302, 430)
image	.		(1319, 416)	(1322, 416)	(1322, 430)	(1319, 430)
image	BR		(1237, 446)	(1254, 446)	(1254, 461)	(1237, 461)
image	,		(1254, 446)	(1258, 446)	(1258, 461)	(1254, 461)
image	MOH		(1259, 446)	(1292, 446)	(1292, 461)	(1259, 461)
image	,		(1293, 446)	(1298, 446)	(1298, 461)	(1293, 461)
image	LUŽ		(1297, 446)	(1321, 446)	(1321, 461)	(1297, 461)
image	BR		(1238, 478)	(1253, 478)	(1253, 494)	(1238, 494)
image	,		(1253, 478)	(1257, 478)	(1257, 493)	(1253, 493)
image	MOH		(1258, 478)	(1291, 477)	(1291, 492)	(1258, 493)
image	,		(1291, 478)	(1296, 478)	(1296, 493)	(1291, 493)
image	LUŽ		(1296, 477)	(1320, 477)	(1320, 493)	(1296, 493)
image	0		(1150, 481)	(1159, 481)	(1159, 492)	(1150, 492)
image	0		(1150, 513)	(1159, 513)	(1159, 524)	(1150, 524)
image	BR		(1238, 511)	(1254, 511)	(1254, 523)	(1238, 523)
image	střed		(1258, 511)	(1290, 511)	(1290, 523)	(1258, 523)
image	.		(1292, 511)	(1295, 511)	(1295, 523)	(1292, 523)
image	/		(1295, 511)	(1302, 511)	(1302, 523)	(1295, 523)
image	ml		(1302, 511)	(1318, 511)	(1318, 524)	(1302, 524)
image	.		(1319, 512)	(1322, 512)	(1322, 524)	(1319, 524)
image	0		(1151, 542)	(1159, 542)	(1159, 555)	(1151, 555)
image	Ka		(1167, 542)	(1182, 542)	(1182, 555)	(1167, 555)
image	-		(1182, 542)	(1187, 542)	(1187, 555)	(1182, 555)
image	surov		(1187, 542)	(1223, 542)	(1223, 555)	(1187, 555)
image	.		(1224, 542)	(1228, 542)	(1228, 555)	(1224, 555)
image	BR		(1237, 542)	(1254, 542)	(1254, 555)	(1237, 555)
image	střed		(1258, 542)	(1290, 542)	(1290, 555)	(1258, 555)
image	.		(1292, 542)	(1295, 542)	(1295, 555)	(1292, 555)
image	/		(1295, 542)	(1302, 542)	(1302, 555)	(1295, 555)
image	ml		(1302, 542)	(1318, 542)	(1318, 555)	(1302, 555)
image	.		(1319, 542)	(1322, 542)	(1322, 555)	(1319, 555)
image	0		(1150, 574)	(1158, 574)	(1158, 587)	(1150, 587)
image	Ka		(1167, 574)	(1182, 574)	(1182, 587)	(1167, 587)
image	-		(1182, 574)	(1187, 574)	(1187, 587)	(1182, 587)
image	surov		(1187, 574)	(1223, 574)	(1223, 587)	(1187, 587)
image	.		(1224, 574)	(1228, 574)	(1228, 587)	(1224, 587)
image	BR		(1237, 574)	(1254, 574)	(1254, 587)	(1237, 587)
image	střed		(1258, 574)	(1290, 574)	(1290, 587)	(1258, 587)
image	.		(1292, 574)	(1295, 574)	(1295, 587)	(1292, 587)
image	/		(1295, 574)	(1302, 574)	(1302, 587)	(1295, 587)
image	ml		(1302, 574)	(1319, 574)	(1319, 587)	(1302, 587)
image	.		(1319, 574)	(1322, 574)	(1322, 587)	(1319, 587)
image	BR		(1238, 606)	(1254, 606)	(1254, 619)	(1238, 619)
image	střed		(1258, 606)	(1291, 606)	(1291, 619)	(1258, 619)
image	.		(1292, 606)	(1296, 606)	(1296, 619)	(1292, 619)
image	/		(1295, 606)	(1302, 606)	(1302, 619)	(1295, 619)
image	ml		(1301, 606)	(1319, 606)	(1319, 619)	(1301, 619)
image	.		(1319, 606)	(1323, 606)	(1323, 619)	(1319, 619)
image	0		(1150, 606)	(1158, 606)	(1158, 617)	(1150, 617)
image	Ka		(1167, 606)	(1182, 606)	(1182, 617)	(1167, 617)
image	-		(1182, 606)	(1187, 606)	(1187, 617)	(1182, 617)
image	Fe		(1188, 606)	(1203, 606)	(1203, 617)	(1188, 617)
image	slitek		(1166, 625)	(1201, 625)	(1201, 637)	(1166, 637)
image	0		(1150, 418)	(1158, 418)	(1158, 428)	(1150, 428)
image	0		(1150, 449)	(1158, 449)	(1158, 459)	(1150, 459)
image	0		(1150, 648)	(1158, 648)	(1158, 658)	(1150, 658)
image	0		(1150, 679)	(1159, 679)	(1159, 689)	(1150, 689)
image	0		(1150, 774)	(1158, 774)	(1158, 784)	(1150, 784)
image	0		(1151, 711)	(1159, 711)	(1159, 722)	(1151, 722)
image	surovina		(1166, 710)	(1222, 711)	(1222, 723)	(1166, 722)
image	0		(1150, 741)	(1158, 741)	(1158, 752)	(1150, 752)
image	surovina		(1166, 741)	(1221, 742)	(1221, 753)	(1166, 752)
image	0		(1150, 805)	(1158, 805)	(1158, 815)	(1150, 815)
image	0		(1150, 909)	(1159, 909)	(1159, 919)	(1150, 919)
image	0		(1150, 939)	(1159, 939)	(1159, 950)	(1150, 950)
image	na		(1167, 336)	(1181, 336)	(1181, 343)	(1167, 343)
image	0		(1150, 971)	(1160, 971)	(1160, 981)	(1150, 981)
image	jiné		(1184, 177)	(1209, 177)	(1209, 191)	(1184, 191)
image	0		(1150, 1003)	(1159, 1003)	(1159, 1013)	(1150, 1013)
image	0		(1150, 837)	(1158, 837)	(1158, 847)	(1150, 847)
image	BR		(1238, 836)	(1253, 836)	(1253, 849)	(1238, 849)
image	střed		(1258, 836)	(1289, 836)	(1289, 849)	(1258, 849)
image	.		(1292, 836)	(1296, 836)	(1296, 849)	(1292, 849)
image	/		(1294, 836)	(1301, 836)	(1301, 849)	(1294, 849)
image	ml		(1302, 836)	(1318, 836)	(1318, 849)	(1302, 849)
image	.		(1319, 836)	(1322, 836)	(1322, 849)	(1319, 849)
image	0		(1150, 867)	(1158, 867)	(1158, 880)	(1150, 880)
image	Ka		(1167, 867)	(1183, 867)	(1183, 880)	(1167, 880)
image	-		(1182, 867)	(1187, 867)	(1187, 880)	(1182, 880)
image	surovi		(1187, 867)	(1227, 867)	(1227, 880)	(1187, 880)
image	BR		(1238, 867)	(1254, 867)	(1254, 880)	(1238, 880)
image	střed		(1258, 867)	(1290, 867)	(1290, 880)	(1258, 880)
image	.		(1292, 867)	(1296, 867)	(1296, 880)	(1292, 880)
image	/		(1295, 867)	(1302, 867)	(1302, 880)	(1295, 880)
image	ml		(1302, 867)	(1319, 867)	(1319, 880)	(1302, 880)
image	.		(1319, 867)	(1322, 867)	(1322, 880)	(1319, 880)
image	10		(1142, 1034)	(1158, 1034)	(1158, 1044)	(1142, 1044)
image	DATACE		(1270, 178)	(1322, 178)	(1322, 189)	(1270, 189)
image	na		(1167, 890)	(1181, 890)	(1181, 897)	(1167, 897)
image	BR		(1238, 646)	(1253, 646)	(1253, 659)	(1238, 659)
image	střed		(1257, 646)	(1290, 646)	(1290, 658)	(1257, 658)
image	.		(1291, 646)	(1295, 646)	(1295, 658)	(1291, 658)
image	/		(1294, 646)	(1301, 646)	(1301, 658)	(1294, 658)
image	ml		(1301, 646)	(1318, 646)	(1318, 658)	(1301, 658)
image	.		(1318, 646)	(1322, 646)	(1322, 658)	(1318, 658)
image	BR		(1238, 677)	(1253, 677)	(1253, 690)	(1238, 690)
image	,		(1254, 677)	(1257, 677)	(1257, 689)	(1254, 689)
image	intr.NEOL		(1258, 677)	(1320, 676)	(1320, 689)	(1258, 690)
image	.		(1320, 676)	(1324, 676)	(1324, 688)	(1320, 688)
image	?		(1324, 676)	(1331, 676)	(1331, 688)	(1324, 688)
image	BR		(1238, 709)	(1255, 709)	(1255, 722)	(1238, 722)
image	střed		(1258, 709)	(1289, 709)	(1289, 722)	(1258, 722)
image	.		(1292, 709)	(1296, 709)	(1296, 722)	(1292, 722)
image	/		(1294, 709)	(1301, 709)	(1301, 722)	(1294, 722)
image	ml		(1302, 709)	(1318, 709)	(1318, 722)	(1302, 722)
image	.		(1319, 709)	(1322, 709)	(1322, 722)	(1319, 722)
image	BR		(1238, 739)	(1254, 739)	(1254, 752)	(1238, 752)
image	střed		(1258, 739)	(1291, 740)	(1291, 753)	(1258, 752)
image	.		(1293, 740)	(1297, 740)	(1297, 753)	(1293, 753)
image	/		(1294, 740)	(1301, 740)	(1301, 753)	(1294, 753)
image	ml		(1302, 740)	(1319, 740)	(1319, 753)	(1302, 753)
image	.		(1319, 740)	(1322, 740)	(1322, 753)	(1319, 753)
image	BR		(1238, 772)	(1254, 772)	(1254, 785)	(1238, 785)
image	střed		(1258, 772)	(1289, 772)	(1289, 785)	(1258, 785)
image	.		(1292, 772)	(1296, 772)	(1296, 785)	(1292, 785)
image	/		(1294, 772)	(1301, 772)	(1301, 785)	(1294, 785)
image	ml		(1302, 772)	(1318, 772)	(1318, 785)	(1302, 785)
image	.		(1319, 772)	(1323, 772)	(1323, 785)	(1319, 785)
image	BR		(1238, 803)	(1255, 803)	(1255, 815)	(1238, 815)
image	střed		(1258, 803)	(1290, 804)	(1290, 816)	(1258, 815)
image	.		(1292, 803)	(1296, 803)	(1296, 815)	(1292, 815)
image	/		(1295, 803)	(1302, 803)	(1302, 815)	(1295, 815)
image	ml		(1302, 804)	(1318, 804)	(1318, 816)	(1302, 816)
image	.		(1319, 804)	(1323, 804)	(1323, 816)	(1319, 816)
image	BR		(1238, 908)	(1254, 908)	(1254, 920)	(1238, 920)
image	střed		(1258, 908)	(1290, 908)	(1290, 920)	(1258, 920)
image	.		(1292, 908)	(1296, 908)	(1296, 920)	(1292, 920)
image	/		(1295, 908)	(1302, 908)	(1302, 920)	(1295, 920)
image	ml		(1302, 908)	(1319, 908)	(1319, 920)	(1302, 920)
image	.		(1319, 908)	(1323, 908)	(1323, 920)	(1319, 920)
image	BR		(1238, 938)	(1254, 938)	(1254, 951)	(1238, 951)
image	střed		(1258, 938)	(1291, 938)	(1291, 951)	(1258, 951)
image	.		(1292, 938)	(1296, 938)	(1296, 951)	(1292, 951)
image	/		(1295, 938)	(1302, 938)	(1302, 951)	(1295, 951)
image	ml		(1302, 938)	(1320, 938)	(1320, 951)	(1302, 951)
image	.		(1319, 938)	(1323, 938)	(1323, 951)	(1319, 951)
image	BR		(1238, 970)	(1254, 970)	(1254, 984)	(1238, 984)
image	střed		(1258, 970)	(1289, 970)	(1289, 984)	(1258, 984)
image	.		(1293, 970)	(1297, 970)	(1297, 984)	(1293, 984)
image	/		(1295, 970)	(1302, 970)	(1302, 984)	(1295, 984)
image	ml		(1302, 970)	(1319, 970)	(1319, 984)	(1302, 984)
image	.		(1319, 970)	(1322, 970)	(1322, 984)	(1319, 984)
image	BR		(1238, 1002)	(1253, 1002)	(1253, 1015)	(1238, 1015)
image	střed		(1258, 1002)	(1289, 1002)	(1289, 1015)	(1258, 1015)
image	.		(1292, 1002)	(1296, 1002)	(1296, 1015)	(1292, 1015)
image	/		(1294, 1002)	(1301, 1002)	(1301, 1015)	(1294, 1015)
image	ml		(1302, 1002)	(1319, 1002)	(1319, 1015)	(1302, 1015)
image	.		(1319, 1002)	(1323, 1002)	(1323, 1015)	(1319, 1015)
image	BR		(1238, 1033)	(1254, 1033)	(1254, 1046)	(1238, 1046)
image	střed		(1258, 1033)	(1290, 1033)	(1290, 1046)	(1258, 1046)
image	.		(1292, 1033)	(1296, 1033)	(1296, 1046)	(1292, 1046)
image	/		(1294, 1033)	(1301, 1033)	(1301, 1046)	(1294, 1046)
image	ml		(1302, 1033)	(1318, 1033)	(1318, 1046)	(1302, 1046)
image	.		(1319, 1033)	(1323, 1033)	(1323, 1046)	(1319, 1046)
image	poznámka		(1424, 177)	(1491, 177)	(1491, 191)	(1424, 191)
image	přetav.mazanice		(1365, 249)	(1472, 248)	(1472, 262)	(1365, 263)
image	kulička		(1365, 385)	(1410, 386)	(1410, 399)	(1365, 398)
image	zatažená		(1364, 511)	(1421, 511)	(1421, 523)	(1364, 523)
image	miska		(1426, 511)	(1463, 511)	(1463, 523)	(1426, 523)
image	přetav.keramika		(1365, 1001)	(1470, 1000)	(1470, 1014)	(1365, 1015)
