IMAGE_NAME	DESCRIPTION	LANGUAGE	BBOX_1	BBOX_2	BBOX_3	BBOX_4
image	"Průkop
STARÉ ŽDÁNICE
1m
Obj. 1
Tab.7"	cs	(321, 42)	(1128, 42)	(1128, 1182)	(321, 1182)
image	Průkop		(322, 772)	(404, 775)	(403, 798)	(321, 795)
image	STARÉ		(334, 1138)	(438, 1139)	(438, 1169)	(334, 1168)
image	ŽDÁNICE		(449, 1140)	(596, 1142)	(596, 1171)	(449, 1169)
image	1m		(807, 957)	(832, 958)	(831, 972)	(806, 971)
image	Obj		(813, 1152)	(862, 1152)	(862, 1182)	(813, 1182)
image	.		(865, 1152)	(871, 1152)	(871, 1181)	(865, 1181)
image	1		(881, 1152)	(893, 1152)	(893, 1181)	(881, 1181)
image	Tab.7		(1039, 44)	(1127, 42)	(1128, 69)	(1040, 71)
