IMAGE_NAME	DESCRIPTION	LANGUAGE	BBOX_1	BBOX_2	BBOX_3	BBOX_4
image	"Chrudimka
7
12/
466
Jungmannovo nábřeží
a
-380
468
485
1/06
469
2
Havlickova
476
491
450
2
495
2)
Q301
300
1548
1.
492
INVESTOR:
AKCE:
6740
T
P
a
302
312
172
288016
473
474
a
304
a
-1719
a
307 @
2689
497
gla
- 1437
493
-494
OT
496
-1167
375
174
-2880/3-
a
364
P
Přehledná situace
-1007
373
495
309
d [
+£
309
CHRUDIM I
364
LE
. 1167
1008
Nové Město
+
372
-1009
a
309
364
Koželužská 359
EP
Zodpovědný projektant
ing. Josef HOLUB
Holut
Vladimir Tvaroh, Palackého 87, Chrudim III.
364
k
Vypracoval
Martin Šima; DiS.
Vodovodní a kanalizační přípojka pro RD č.p. 103
Q735
-503
1010
- 1150
e
314
f.
325
VP
513
504
a
371
0-
368
36612
(
4
3741
504
366:
it in
310
.51²
Obec
Formát
Datum
Stupeň
310780
Měřítko
KP
116 Q
316
-5.25
26901
1:1000
P
370
-500
514
734
a
769
5189
-511
2088
1791
$1797
-1793
Chrudim
1 x A4
duben/2003
PD/SP
Číslo výkresu
2.
24/04
737 O
Na sánkach
2"	und	(38, 19)	(1184, 19)	(1184, 1543)	(38, 1543)
image	Chrudimka		(66, 1024)	(108, 1179)	(80, 1187)	(38, 1032)
image	7		(81, 515)	(75, 529)	(65, 524)	(71, 511)
image	12		(93, 475)	(97, 458)	(113, 462)	(110, 479)
image	/		(98, 455)	(101, 440)	(117, 444)	(114, 459)
image	466		(95, 824)	(122, 823)	(123, 834)	(96, 835)
image	Jungmannovo		(100, 958)	(137, 1032)	(125, 1038)	(88, 964)
image	nábřeží		(139, 1037)	(158, 1076)	(147, 1082)	(127, 1043)
image	a		(140, 86)	(156, 86)	(156, 97)	(140, 97)
image	-380		(127, 102)	(160, 101)	(160, 112)	(127, 113)
image	468		(144, 731)	(172, 732)	(171, 745)	(143, 744)
image	485		(124, 884)	(147, 880)	(149, 892)	(126, 896)
image	1/06		(203, 553)	(186, 575)	(177, 568)	(194, 546)
image	469		(182, 684)	(207, 684)	(207, 696)	(182, 696)
image	2		(189, 811)	(201, 813)	(199, 821)	(188, 819)
image	Havlickova		(206, 529)	(249, 487)	(255, 493)	(212, 535)
image	476		(228, 368)	(253, 370)	(252, 383)	(227, 381)
image	491		(237, 603)	(260, 601)	(261, 612)	(238, 614)
image	450		(217, 642)	(242, 643)	(242, 655)	(217, 654)
image	2		(242, 744)	(224, 721)	(236, 711)	(254, 734)
image	495		(199, 968)	(225, 962)	(228, 973)	(201, 979)
image	2		(247, 867)	(260, 864)	(262, 875)	(250, 878)
image	)		(260, 863)	(268, 861)	(270, 872)	(263, 874)
image	Q301		(219, 882)	(276, 875)	(277, 888)	(221, 895)
image	300		(215, 897)	(242, 892)	(243, 903)	(217, 908)
image	1548		(229, 1052)	(258, 1048)	(259, 1060)	(231, 1064)
image	1		(292, 677)	(282, 658)	(298, 649)	(309, 668)
image	.		(278, 651)	(274, 643)	(291, 634)	(295, 642)
image	492		(278, 561)	(301, 559)	(302, 569)	(279, 571)
image	INVESTOR		(134, 1325)	(235, 1326)	(235, 1341)	(134, 1340)
image	:		(240, 1326)	(249, 1326)	(249, 1340)	(240, 1340)
image	AKCE		(133, 1352)	(189, 1353)	(189, 1369)	(133, 1368)
image	:		(195, 1354)	(202, 1354)	(202, 1369)	(195, 1369)
image	6740		(297, 452)	(334, 457)	(332, 470)	(295, 465)
image	T		(301, 649)	(310, 667)	(294, 676)	(284, 658)
image	P		(319, 815)	(318, 801)	(330, 800)	(331, 814)
image	a		(294, 827)	(312, 827)	(312, 837)	(294, 837)
image	302		(293, 844)	(322, 841)	(323, 851)	(294, 854)
image	312		(277, 1014)	(301, 1011)	(302, 1023)	(278, 1026)
image	172		(348, 76)	(372, 76)	(372, 87)	(348, 87)
image	288016		(305, 296)	(349, 327)	(342, 337)	(298, 307)
image	473		(337, 144)	(361, 143)	(361, 154)	(337, 155)
image	474		(334, 237)	(358, 237)	(358, 248)	(334, 248)
image	a		(349, 738)	(366, 740)	(365, 750)	(348, 748)
image	304		(340, 753)	(369, 753)	(369, 765)	(340, 765)
image	a		(389, 717)	(406, 717)	(406, 727)	(389, 727)
image	-1719		(432, 283)	(470, 282)	(470, 294)	(432, 295)
image	a		(389, 780)	(407, 780)	(407, 791)	(389, 791)
image	307		(383, 796)	(410, 796)	(410, 808)	(383, 808)
image	@		(421, 796)	(434, 796)	(434, 807)	(421, 807)
image	2689		(352, 1198)	(389, 1198)	(389, 1209)	(352, 1209)
image	497		(452, 369)	(478, 367)	(479, 379)	(453, 381)
image	gla		(459, 650)	(456, 679)	(441, 677)	(444, 648)
image	-		(392, 1104)	(398, 1104)	(398, 1116)	(392, 1116)
image	1437		(399, 1103)	(433, 1102)	(433, 1115)	(399, 1116)
image	493		(441, 649)	(466, 651)	(465, 664)	(440, 662)
image	-494		(469, 686)	(503, 687)	(503, 699)	(469, 698)
image	OT		(548, 364)	(552, 410)	(531, 412)	(527, 366)
image	496		(515, 495)	(542, 496)	(542, 509)	(515, 508)
image	-1167		(438, 1187)	(474, 1186)	(474, 1199)	(438, 1200)
image	375		(570, 182)	(593, 187)	(590, 199)	(567, 195)
image	174		(549, 319)	(572, 319)	(572, 330)	(549, 330)
image	-2880		(469, 547)	(532, 580)	(526, 591)	(463, 558)
image	/		(533, 581)	(540, 585)	(534, 595)	(527, 592)
image	3		(538, 584)	(547, 589)	(541, 599)	(532, 595)
image	a		(575, 437)	(592, 436)	(593, 446)	(576, 447)
image	364		(563, 453)	(591, 453)	(591, 464)	(563, 464)
image	P		(580, 500)	(593, 489)	(601, 499)	(587, 509)
image	Přehledná		(354, 1524)	(458, 1524)	(458, 1541)	(354, 1541)
image	situace		(464, 1524)	(538, 1524)	(538, 1540)	(464, 1540)
image	-1007		(572, 532)	(616, 532)	(616, 543)	(572, 543)
image	373		(614, 219)	(641, 222)	(639, 236)	(613, 233)
image	495		(578, 680)	(602, 685)	(600, 698)	(575, 693)
image	309		(595, 780)	(624, 781)	(624, 793)	(595, 792)
image	d		(696, 393)	(693, 405)	(668, 398)	(671, 387)
image	[		(691, 409)	(684, 439)	(658, 433)	(666, 403)
image	+		(633, 633)	(643, 640)	(636, 651)	(626, 644)
image	£		(648, 644)	(658, 651)	(651, 662)	(641, 655)
image	309		(686, 899)	(715, 895)	(716, 908)	(688, 912)
image	CHRUDIM		(237, 922)	(615, 915)	(616, 981)	(238, 988)
image	I		(657, 915)	(690, 914)	(691, 979)	(658, 980)
image	364		(666, 410)	(692, 410)	(692, 421)	(666, 421)
image	LE		(674, 484)	(658, 506)	(648, 499)	(663, 477)
image	.		(597, 1118)	(604, 1118)	(604, 1129)	(597, 1129)
image	1167		(608, 1117)	(638, 1116)	(638, 1127)	(608, 1128)
image	1008		(646, 563)	(682, 564)	(682, 576)	(646, 575)
image	Nové		(406, 1057)	(522, 1054)	(523, 1090)	(407, 1093)
image	Město		(541, 1054)	(684, 1050)	(685, 1085)	(542, 1089)
image	+		(665, 773)	(683, 774)	(682, 799)	(664, 798)
image	372		(730, 215)	(758, 217)	(757, 231)	(729, 229)
image	-1009		(701, 598)	(745, 596)	(746, 610)	(702, 613)
image	a		(709, 802)	(727, 803)	(727, 813)	(709, 812)
image	309		(693, 814)	(724, 813)	(725, 826)	(694, 827)
image	364		(729, 428)	(756, 428)	(756, 440)	(729, 440)
image	Koželužská		(682, 628)	(741, 667)	(733, 679)	(674, 640)
image	359		(754, 675)	(773, 695)	(763, 705)	(744, 685)
image	EP		(719, 983)	(714, 952)	(732, 950)	(737, 980)
image	Zodpovědný		(211, 1254)	(333, 1254)	(333, 1272)	(211, 1272)
image	projektant		(338, 1254)	(437, 1254)	(437, 1272)	(338, 1272)
image	ing		(237, 1277)	(266, 1277)	(266, 1296)	(237, 1296)
image	.		(266, 1277)	(271, 1277)	(271, 1295)	(266, 1295)
image	Josef		(277, 1277)	(333, 1276)	(333, 1295)	(277, 1296)
image	HOLUB		(336, 1276)	(406, 1275)	(406, 1294)	(336, 1295)
image	Holut		(307, 1295)	(403, 1296)	(403, 1320)	(307, 1319)
image	Vladimir		(320, 1326)	(400, 1326)	(400, 1344)	(320, 1344)
image	Tvaroh		(405, 1326)	(471, 1326)	(471, 1344)	(405, 1344)
image	,		(472, 1326)	(476, 1326)	(476, 1344)	(472, 1344)
image	Palackého		(483, 1326)	(581, 1326)	(581, 1344)	(483, 1344)
image	87		(589, 1326)	(610, 1326)	(610, 1344)	(589, 1344)
image	,		(609, 1326)	(614, 1326)	(614, 1344)	(609, 1344)
image	Chrudim		(624, 1326)	(705, 1326)	(705, 1344)	(624, 1344)
image	III		(711, 1326)	(731, 1326)	(731, 1344)	(711, 1344)
image	.		(728, 1326)	(734, 1326)	(734, 1344)	(728, 1344)
image	364		(780, 471)	(809, 471)	(809, 483)	(780, 483)
image	k		(772, 556)	(785, 555)	(786, 574)	(773, 575)
image	Vypracoval		(625, 1253)	(733, 1253)	(733, 1272)	(625, 1272)
image	Martin		(594, 1276)	(656, 1276)	(656, 1296)	(594, 1296)
image	Šima		(662, 1276)	(712, 1276)	(712, 1296)	(662, 1296)
image	;		(708, 1276)	(717, 1276)	(717, 1296)	(708, 1296)
image	DiS		(722, 1276)	(756, 1276)	(756, 1296)	(722, 1296)
image	.		(756, 1276)	(762, 1276)	(762, 1296)	(756, 1296)
image	Vodovodní		(181, 1406)	(307, 1406)	(307, 1430)	(181, 1430)
image	a		(315, 1406)	(327, 1406)	(327, 1430)	(315, 1430)
image	kanalizační		(334, 1406)	(467, 1406)	(467, 1430)	(334, 1430)
image	přípojka		(474, 1406)	(567, 1406)	(567, 1430)	(474, 1430)
image	pro		(576, 1406)	(614, 1406)	(614, 1430)	(576, 1430)
image	RD		(624, 1406)	(658, 1406)	(658, 1430)	(624, 1430)
image	č.p.		(666, 1406)	(708, 1406)	(708, 1430)	(666, 1430)
image	103		(715, 1406)	(757, 1406)	(757, 1430)	(715, 1430)
image	Q735		(744, 720)	(785, 718)	(786, 732)	(745, 734)
image	-503		(786, 41)	(821, 42)	(821, 55)	(786, 54)
image	1010		(755, 839)	(786, 836)	(787, 849)	(756, 852)
image	-		(774, 637)	(781, 637)	(781, 649)	(774, 649)
image	1150		(781, 637)	(812, 638)	(812, 650)	(781, 649)
image	e		(767, 1052)	(782, 1050)	(783, 1062)	(768, 1064)
image	314		(762, 1072)	(784, 1069)	(785, 1081)	(763, 1084)
image	f		(827, 506)	(840, 504)	(841, 515)	(828, 517)
image	.		(834, 505)	(844, 504)	(845, 515)	(835, 516)
image	325		(814, 524)	(845, 520)	(846, 532)	(815, 536)
image	VP		(813, 841)	(838, 839)	(839, 853)	(814, 855)
image	513		(805, 910)	(831, 907)	(832, 919)	(806, 922)
image	504		(857, 87)	(885, 92)	(883, 103)	(855, 98)
image	a		(874, 225)	(891, 227)	(890, 237)	(873, 235)
image	371		(868, 241)	(892, 242)	(892, 253)	(868, 252)
image	0		(869, 317)	(879, 317)	(879, 329)	(869, 329)
image	368		(855, 347)	(884, 347)	(884, 360)	(855, 360)
image	36612		(855, 447)	(898, 446)	(898, 461)	(855, 462)
image	(		(876, 596)	(883, 620)	(864, 625)	(858, 601)
image	4		(849, 1052)	(862, 1049)	(864, 1059)	(851, 1062)
image	3741		(835, 1065)	(866, 1059)	(869, 1071)	(838, 1078)
image	504		(894, 140)	(923, 141)	(922, 154)	(894, 153)
image	366		(888, 470)	(914, 469)	(914, 482)	(888, 483)
image	:		(924, 469)	(934, 469)	(934, 481)	(924, 481)
image	it		(891, 490)	(892, 507)	(879, 508)	(878, 491)
image	in		(894, 529)	(895, 545)	(883, 546)	(882, 530)
image	310		(871, 899)	(898, 895)	(900, 909)	(873, 913)
image	.51²		(908, 709)	(938, 720)	(931, 738)	(901, 727)
image	Obec		(833, 1353)	(885, 1353)	(885, 1369)	(833, 1369)
image	Formát		(833, 1381)	(906, 1381)	(906, 1396)	(833, 1396)
image	Datum		(833, 1409)	(899, 1409)	(899, 1424)	(833, 1424)
image	Stupeň		(833, 1437)	(906, 1439)	(905, 1459)	(833, 1457)
image	310780		(884, 931)	(932, 908)	(938, 921)	(891, 945)
image	Měřítko		(831, 1498)	(903, 1497)	(903, 1513)	(831, 1514)
image	KP		(916, 823)	(948, 821)	(949, 836)	(917, 838)
image	116		(888, 1153)	(909, 1144)	(915, 1158)	(894, 1167)
image	Q		(919, 1140)	(933, 1134)	(938, 1147)	(925, 1153)
image	316		(915, 1184)	(937, 1178)	(941, 1192)	(919, 1198)
image	-5.25		(942, 111)	(978, 111)	(978, 122)	(942, 122)
image	26901		(932, 865)	(965, 890)	(956, 902)	(923, 877)
image	1		(854, 1525)	(864, 1525)	(864, 1540)	(854, 1540)
image	:		(872, 1525)	(880, 1525)	(880, 1540)	(872, 1540)
image	1000		(886, 1525)	(932, 1526)	(932, 1541)	(886, 1540)
image	P		(967, 215)	(983, 216)	(982, 226)	(966, 225)
image	370		(959, 232)	(985, 233)	(985, 245)	(959, 244)
image	-500		(986, 57)	(1021, 56)	(1021, 67)	(986, 68)
image	514		(953, 976)	(975, 970)	(978, 982)	(956, 988)
image	734		(1014, 973)	(1038, 971)	(1039, 981)	(1015, 983)
image	a		(1068, 209)	(1085, 209)	(1085, 219)	(1068, 219)
image	769		(1063, 225)	(1089, 225)	(1089, 235)	(1063, 235)
image	5189		(1040, 358)	(1074, 358)	(1074, 374)	(1040, 374)
image	-511		(1049, 572)	(1076, 570)	(1077, 582)	(1050, 584)
image	2088		(1030, 777)	(1068, 777)	(1068, 788)	(1030, 788)
image	1791		(1010, 1081)	(1040, 1074)	(1043, 1088)	(1013, 1095)
image	$		(1022, 1118)	(1033, 1116)	(1036, 1129)	(1025, 1132)
image	1797		(1030, 1116)	(1063, 1109)	(1066, 1122)	(1033, 1130)
image	-1793		(1057, 1146)	(1095, 1144)	(1096, 1155)	(1058, 1157)
image	Chrudim		(961, 1353)	(1047, 1352)	(1047, 1369)	(961, 1370)
image	1		(960, 1383)	(971, 1383)	(971, 1397)	(960, 1397)
image	x		(974, 1382)	(987, 1382)	(987, 1396)	(974, 1396)
image	A4		(993, 1381)	(1018, 1380)	(1018, 1395)	(993, 1396)
image	duben		(960, 1409)	(1023, 1409)	(1023, 1425)	(960, 1425)
image	/		(1028, 1409)	(1039, 1409)	(1039, 1425)	(1028, 1425)
image	2003		(1043, 1409)	(1091, 1409)	(1091, 1425)	(1043, 1425)
image	PD		(960, 1438)	(988, 1438)	(988, 1455)	(960, 1455)
image	/		(988, 1438)	(997, 1438)	(997, 1454)	(988, 1454)
image	SP		(995, 1438)	(1024, 1438)	(1024, 1454)	(995, 1454)
image	Číslo		(966, 1496)	(1015, 1498)	(1014, 1517)	(965, 1515)
image	výkresu		(1026, 1498)	(1101, 1500)	(1100, 1519)	(1025, 1517)
image	2		(1029, 1527)	(1043, 1527)	(1043, 1541)	(1029, 1541)
image	.		(1041, 1527)	(1049, 1527)	(1049, 1541)	(1041, 1541)
image	24/04		(1114, 19)	(1184, 23)	(1181, 64)	(1111, 60)
image	737		(1113, 295)	(1137, 295)	(1137, 306)	(1113, 306)
image	O		(1141, 295)	(1152, 295)	(1152, 305)	(1141, 305)
image	Na		(1124, 536)	(1124, 520)	(1138, 520)	(1138, 536)
image	sánkach		(1124, 515)	(1124, 467)	(1137, 467)	(1137, 515)
image	2		(1159, 457)	(1159, 442)	(1173, 442)	(1173, 457)
