IMAGE_NAME	DESCRIPTION	LANGUAGE	BBOX_1	BBOX_2	BBOX_3	BBOX_4
image	"3321
3323
3411
3401
3216
3206
3204
3202
3105
3103
2416
2406
2404
2402
2405
2303
2221
2211
2321
2205
2203
2202
2104
2102
1416
1406
1404
1402
1305
1303
1221
20031
20032
20033
20034
2469
2565
2564
2563
2566
2567
2568
2556
2555
2553
2554
2552
2551
2550
2558
-675776,0424
-675774,0956
-675774,4514
-675772,8814
-675771,2905
-675769,6577
-675770,7253
-675769,5112
-675768,2761
-675767,1038
-675767,2713
-675765,7431
-675766,8735
-675765,6385
-675764,3406
-675763,1265
-675764,2569
-675762,6869
-675764,9727
-675763,4681
-675762,2378
-675761,0075
-675759,7639
-675758,5336
-675759,4067
-675757,806
-675758,9173
-675757,6737
-675756,4699
-675755,2792
-675756,245
-675810,41
-675817,6
-675752,61
-675757,4952
-675814,99
-675807,9787
-675808,0903
-675807,257
-675809,3626
-675809,7644
-675810,01
-675810,8507
-675810,0472
-675809,5561
-675809,9073
-675810,2375
-675810,4009
-675809,8099
-675808,2385
-1072911,288
-1072908,944
-1072912,523
-1072913,842
-1072914,952
-1072916,166
-1072919,117
-1072917,61
-1072915,977
-1072914,491
-1072918,071
-1072919,264
-1072922,216
-1072920,604
-1072919,013
-1072917,526
-1072920,373
-1072921,671
-1072913,698
-1072925,955
-1072924,487
-1072922,992
-1072921,457
-1072919,936
-1072924,196
-1072925,479
-1072928,456
-1072926,842
-1072925,175
-1072923,548
-1072926,564
-1072877,04
-1072884,87
-1072923,37
-1072931,611
-1072884,536
-1072881,531
-1072882,349
-1072882,803
-1072882,253
-1072882,55
-1072882,952
-1072883,748
-1072884,358
-1072885,785
-1072885,244
-1072886,051
-1072887,299
-1072887,23
-1072885,505
68"	und	(166, 120)	(605, 120)	(605, 1627)	(166, 1627)
image	3321		(179, 121)	(225, 121)	(225, 135)	(179, 135)
image	3323		(180, 151)	(226, 151)	(226, 165)	(180, 165)
image	3411		(180, 179)	(226, 180)	(226, 195)	(180, 194)
image	3401		(180, 208)	(223, 208)	(223, 223)	(180, 223)
image	3216		(180, 237)	(225, 238)	(225, 253)	(180, 252)
image	3206		(180, 266)	(225, 266)	(225, 281)	(180, 281)
image	3204		(180, 296)	(224, 296)	(224, 310)	(180, 310)
image	3202		(180, 325)	(224, 326)	(224, 340)	(180, 339)
image	3105		(180, 353)	(226, 353)	(226, 368)	(180, 368)
image	3103		(180, 382)	(226, 382)	(226, 397)	(180, 397)
image	2416		(179, 412)	(225, 411)	(225, 427)	(179, 428)
image	2406		(180, 441)	(224, 440)	(224, 455)	(180, 456)
image	2404		(180, 470)	(225, 471)	(225, 485)	(180, 484)
image	2402		(180, 500)	(225, 500)	(225, 514)	(180, 514)
image	2405		(180, 529)	(225, 529)	(225, 543)	(180, 543)
image	2303		(179, 557)	(225, 557)	(225, 572)	(179, 572)
image	2221		(179, 587)	(224, 587)	(224, 601)	(179, 601)
image	2211		(180, 616)	(225, 616)	(225, 630)	(180, 630)
image	2321		(179, 645)	(225, 645)	(225, 659)	(179, 659)
image	2205		(180, 674)	(225, 674)	(225, 688)	(180, 688)
image	2203		(180, 703)	(225, 703)	(225, 717)	(180, 717)
image	2202		(180, 732)	(224, 733)	(224, 746)	(180, 745)
image	2104		(180, 761)	(224, 761)	(224, 775)	(180, 775)
image	2102		(180, 788)	(225, 789)	(225, 804)	(180, 803)
image	1416		(181, 818)	(225, 818)	(225, 833)	(181, 833)
image	1406		(180, 847)	(225, 847)	(225, 862)	(180, 862)
image	1404		(180, 877)	(225, 877)	(225, 891)	(180, 891)
image	1402		(180, 905)	(225, 905)	(225, 919)	(180, 919)
image	1305		(180, 935)	(226, 935)	(226, 949)	(180, 949)
image	1303		(181, 963)	(225, 964)	(225, 979)	(181, 978)
image	1221		(180, 992)	(225, 991)	(225, 1007)	(180, 1008)
image	20031		(169, 1020)	(226, 1021)	(226, 1036)	(169, 1035)
image	20032		(169, 1052)	(225, 1052)	(225, 1066)	(169, 1066)
image	20033		(169, 1080)	(225, 1081)	(225, 1095)	(169, 1094)
image	20034		(168, 1110)	(224, 1110)	(224, 1124)	(168, 1124)
image	2469		(180, 1138)	(224, 1138)	(224, 1153)	(180, 1153)
image	2565		(179, 1167)	(224, 1167)	(224, 1182)	(179, 1182)
image	2564		(179, 1194)	(224, 1195)	(223, 1211)	(178, 1210)
image	2563		(179, 1225)	(224, 1225)	(224, 1239)	(179, 1239)
image	2566		(180, 1255)	(224, 1255)	(224, 1269)	(180, 1269)
image	2567		(180, 1284)	(225, 1284)	(225, 1298)	(180, 1298)
image	2568		(180, 1313)	(226, 1313)	(226, 1327)	(180, 1327)
image	2556		(180, 1341)	(223, 1341)	(223, 1356)	(180, 1356)
image	2555		(179, 1370)	(225, 1370)	(225, 1385)	(179, 1385)
image	2553		(179, 1399)	(225, 1399)	(225, 1413)	(179, 1413)
image	2554		(179, 1429)	(226, 1429)	(226, 1443)	(179, 1443)
image	2552		(180, 1458)	(225, 1458)	(225, 1472)	(180, 1472)
image	2551		(180, 1487)	(225, 1487)	(225, 1501)	(180, 1501)
image	2550		(180, 1516)	(225, 1516)	(225, 1530)	(180, 1530)
image	2558		(180, 1545)	(226, 1545)	(226, 1559)	(180, 1559)
image	-675776,0424		(279, 121)	(403, 121)	(403, 137)	(279, 137)
image	-675774,0956		(279, 148)	(403, 149)	(403, 166)	(279, 165)
image	-675774,4514		(278, 178)	(403, 179)	(403, 196)	(278, 195)
image	-675772,8814		(279, 208)	(403, 208)	(403, 225)	(279, 225)
image	-675771,2905		(279, 237)	(403, 237)	(403, 254)	(279, 254)
image	-675769,6577		(279, 266)	(403, 266)	(403, 282)	(279, 282)
image	-675770,7253		(279, 296)	(402, 296)	(402, 312)	(279, 312)
image	-675769,5112		(278, 323)	(403, 324)	(403, 341)	(278, 340)
image	-675768,2761		(278, 353)	(402, 353)	(402, 370)	(278, 370)
image	-675767,1038		(278, 383)	(403, 383)	(403, 399)	(278, 399)
image	-675767,2713		(279, 412)	(403, 412)	(403, 429)	(279, 429)
image	-675765,7431		(278, 440)	(401, 439)	(401, 457)	(278, 458)
image	-675766,8735		(279, 470)	(403, 470)	(403, 486)	(279, 486)
image	-675765,6385		(278, 498)	(403, 499)	(403, 516)	(278, 515)
image	-675764,3406		(278, 525)	(404, 527)	(404, 545)	(278, 543)
image	-675763,1265		(279, 558)	(403, 558)	(403, 574)	(279, 574)
image	-675764,2569		(279, 585)	(404, 586)	(404, 603)	(279, 602)
image	-675762,6869		(279, 613)	(403, 614)	(403, 632)	(279, 631)
image	-675764,9727		(279, 644)	(403, 644)	(403, 661)	(279, 661)
image	-675763,4681		(278, 672)	(402, 673)	(402, 690)	(278, 689)
image	-675762,2378		(278, 701)	(404, 702)	(404, 720)	(278, 719)
image	-675761,0075		(279, 731)	(401, 730)	(401, 747)	(279, 748)
image	-675759,7639		(279, 760)	(403, 760)	(403, 777)	(279, 777)
image	-675758,5336		(279, 789)	(403, 789)	(403, 805)	(279, 805)
image	-675759,4067		(279, 816)	(403, 818)	(403, 836)	(279, 834)
image	-675757,806		(290, 846)	(403, 847)	(403, 864)	(290, 863)
image	-675758,9173		(279, 875)	(403, 876)	(403, 894)	(279, 893)
image	-675757,6737		(279, 905)	(403, 905)	(403, 921)	(279, 921)
image	-675756,4699		(278, 935)	(402, 935)	(402, 951)	(278, 951)
image	-675755,2792		(278, 961)	(403, 962)	(403, 979)	(278, 978)
image	-675756,245		(290, 992)	(402, 992)	(402, 1008)	(290, 1008)
image	-675810,41		(301, 1021)	(402, 1021)	(402, 1037)	(301, 1037)
image	-675817,6		(312, 1050)	(403, 1051)	(403, 1068)	(312, 1067)
image	-675752,61		(301, 1080)	(402, 1080)	(402, 1096)	(301, 1096)
image	-675757,4952		(279, 1108)	(401, 1109)	(401, 1126)	(279, 1125)
image	-675814,99		(301, 1138)	(403, 1138)	(403, 1155)	(301, 1155)
image	-675807,9787		(279, 1165)	(402, 1166)	(402, 1184)	(279, 1183)
image	-675808,0903		(279, 1196)	(403, 1196)	(403, 1212)	(279, 1212)
image	-675807,257		(290, 1223)	(404, 1224)	(404, 1241)	(290, 1240)
image	-675809,3626		(279, 1254)	(403, 1254)	(403, 1270)	(279, 1270)
image	-675809,7644		(278, 1283)	(403, 1283)	(403, 1300)	(278, 1300)
image	-675810,01		(301, 1311)	(402, 1312)	(402, 1328)	(301, 1327)
image	-675810,8507		(278, 1341)	(403, 1341)	(403, 1357)	(278, 1357)
image	-675810,0472		(279, 1369)	(403, 1370)	(403, 1386)	(279, 1385)
image	-675809,5561		(279, 1399)	(402, 1399)	(402, 1415)	(279, 1415)
image	-675809,9073		(279, 1428)	(402, 1428)	(402, 1445)	(279, 1445)
image	-675810,2375		(278, 1458)	(402, 1458)	(402, 1473)	(278, 1473)
image	-675810,4009		(279, 1486)	(403, 1486)	(403, 1502)	(279, 1502)
image	-675809,8099		(279, 1514)	(402, 1515)	(402, 1532)	(279, 1531)
image	-675808,2385		(278, 1544)	(403, 1544)	(403, 1560)	(278, 1560)
image	-1072911,288		(464, 120)	(588, 121)	(588, 138)	(464, 137)
image	-1072908,944		(464, 150)	(588, 150)	(588, 166)	(464, 166)
image	-1072912,523		(464, 177)	(589, 179)	(589, 196)	(464, 194)
image	-1072913,842		(464, 208)	(587, 208)	(587, 224)	(464, 224)
image	-1072914,952		(464, 238)	(587, 238)	(587, 253)	(464, 253)
image	-1072916,166		(464, 266)	(588, 266)	(588, 282)	(464, 282)
image	-1072919,117		(464, 294)	(588, 295)	(588, 312)	(464, 311)
image	-1072917,61		(475, 323)	(588, 325)	(588, 342)	(475, 340)
image	-1072915,977		(464, 351)	(588, 352)	(588, 370)	(464, 369)
image	-1072914,491		(464, 382)	(587, 381)	(587, 397)	(464, 398)
image	-1072918,071		(464, 413)	(587, 413)	(587, 428)	(464, 428)
image	-1072919,264		(464, 442)	(588, 442)	(588, 457)	(464, 457)
image	-1072922,216		(464, 470)	(588, 469)	(588, 486)	(464, 487)
image	-1072920,604		(464, 498)	(588, 500)	(588, 516)	(464, 514)
image	-1072919,013		(464, 526)	(588, 527)	(588, 544)	(464, 543)
image	-1072917,526		(464, 555)	(588, 556)	(588, 574)	(464, 573)
image	-1072920,373		(464, 586)	(588, 587)	(588, 604)	(464, 603)
image	-1072921,671		(464, 614)	(588, 615)	(588, 632)	(464, 631)
image	-1072913,698		(464, 644)	(589, 644)	(589, 661)	(464, 661)
image	-1072925,955		(464, 673)	(587, 673)	(587, 689)	(464, 689)
image	-1072924,487		(464, 701)	(588, 702)	(588, 719)	(464, 718)
image	-1072922,992		(464, 730)	(588, 731)	(588, 749)	(464, 748)
image	-1072921,457		(464, 760)	(589, 760)	(589, 776)	(464, 776)
image	-1072919,936		(464, 789)	(588, 789)	(588, 806)	(464, 806)
image	-1072924,196		(464, 818)	(589, 818)	(589, 834)	(464, 834)
image	-1072925,479		(464, 847)	(589, 848)	(589, 864)	(464, 863)
image	-1072928,456		(464, 875)	(588, 876)	(588, 892)	(464, 891)
image	-1072926,842		(464, 904)	(588, 905)	(588, 922)	(464, 921)
image	-1072925,175		(464, 934)	(587, 935)	(587, 951)	(464, 950)
image	-1072923,548		(464, 962)	(588, 963)	(588, 980)	(464, 979)
image	-1072926,564		(464, 992)	(589, 992)	(589, 1009)	(464, 1009)
image	-1072877,04		(475, 1019)	(587, 1022)	(587, 1039)	(475, 1036)
image	-1072884,87		(475, 1050)	(589, 1051)	(589, 1067)	(475, 1066)
image	-1072923,37		(475, 1080)	(589, 1080)	(589, 1097)	(475, 1097)
image	-1072931,611		(464, 1110)	(589, 1110)	(589, 1126)	(464, 1126)
image	-1072884,536		(464, 1137)	(588, 1136)	(588, 1154)	(464, 1155)
image	-1072881,531		(464, 1165)	(587, 1167)	(587, 1184)	(464, 1182)
image	-1072882,349		(464, 1194)	(590, 1196)	(590, 1214)	(464, 1212)
image	-1072882,803		(464, 1223)	(588, 1224)	(588, 1241)	(464, 1240)
image	-1072882,253		(464, 1253)	(587, 1254)	(587, 1271)	(464, 1270)
image	-1072882,55		(475, 1283)	(589, 1283)	(589, 1300)	(475, 1300)
image	-1072882,952		(464, 1312)	(588, 1312)	(588, 1329)	(464, 1329)
image	-1072883,748		(464, 1341)	(589, 1341)	(589, 1357)	(464, 1357)
image	-1072884,358		(464, 1370)	(588, 1370)	(588, 1386)	(464, 1386)
image	-1072885,785		(464, 1397)	(589, 1399)	(589, 1416)	(464, 1414)
image	-1072885,244		(464, 1427)	(589, 1428)	(589, 1445)	(464, 1444)
image	-1072886,051		(464, 1457)	(589, 1457)	(589, 1473)	(464, 1473)
image	-1072887,299		(464, 1486)	(588, 1485)	(588, 1502)	(464, 1503)
image	-1072887,23		(475, 1513)	(589, 1515)	(589, 1532)	(475, 1530)
image	-1072885,505		(464, 1544)	(587, 1543)	(587, 1560)	(464, 1561)
image	68		(586, 1614)	(605, 1614)	(605, 1627)	(586, 1627)
