IMAGE_NAME	DESCRIPTION	LANGUAGE	BBOX_1	BBOX_2	BBOX_3	BBOX_4
image	"Čáslav - Skála 2003
poč| KONTEXT ČÁST VRSTV
A
PŘIR_Č
409 sekt.3100
408/03
409/03
410 sekt.3100
411 sekt.3100 sběr povrch 410/03
412 sekt.3100 halda
povrch 411/03
413 sekt.3100 halda povrch 412/03
414 sekt.3103
415 sekt.3103
416 sekt.3103
417 sekt.3103
418 sekt.3103
419 sekt.3103
420 sekt.3105
421 sekt.3105
422 sekt.3105
423 sekt.3105
424 sekt.3200
0-10 413/03
10-20 414/03
20-30 415/03
30-40 416/03
40-50 417/03
50-60 418/03
0-20 419/03
20-30 420/03
30-40 421/03
40-60 422/03
425 sekt.3200
423/03
424/03
425/03
426 sekt.3200
427 sekt.3200
426/03
428 sekt.3200 halda povrch 427/03
429 sekt.3200
povrch 428/03
0-10 429/03
430 $3202-246
9
431 sekt.3202
432 sekt.3202
433 sekt.3202
434 sekt.3202
435 sekt.3202
0-10 430/03
10-20 431/03
20-30 432/03
30-40 433/03
40-50 434/03
K_ATY K ZDK_PR K_N K_SU BI
P
OB OF AD
ΜΑ
0
7
0
2
4
0
2
0
37
18
25
0
40
165
80
55
10
7
1
47
8
8
69
31
40
65
60
31
67
。
53
64
22
27
0
50
2
0
0
0
0
9 16
3
2
0
1
0
9
10 0
4
OOO
0
4
0
základní zpracování
0
0 13
NOOO
4
2
0
0
9
8
13
3
1
2
13
4
0
6
3
9
5
16
1 15
2
4
6
6
12
4
0
0
0
0
0
0
0
0
0
0
0
0
0
0
0
0
0
0
0
0
OOOO
42
24
31
0
51
190
91
68
13
8
3
62
12
8
82
47
68
73
36
87
11
14
69
72
28
39
54
0
0
0
OOO OO
0
0
0
0
0
0
·OOOOO
0
0
0
0
0
0
0
0
0
0
0
0
0
ŠI mlýn BR
0
0
0
0
0
0
0
0
0
0
0
0
0
0
0
0
0
0
0
0
0
0
0
0
0
C
0
0
oc
OOO O
0
0 0
0
0
0
0
0
0
0
0
0
0
0
0
0
0
0
0
0
0
0
0
0
0
0
OOOO
0
0 0
0
0
0
0
0
0
0
0
0
0
OOO
0
OOO
0
0
0
0
OOO
0
KA ΜΑ KO
0
1
2
61
0
0
0
0
0
1
0 31
3 165 300
12
45
0
2
0
0
8
2
0
0
2
2
0
0
0
90
20
1
33
0 68
1
87
1
208
1
8
6
0
68
0
34 ne
22
62
14 88
94 184
42
4
104
0
2
18
9
0
10
U
ne
208
ne
44
4
ne
1
ne
ne
ne
107 ano
ne
58 ne
ne
ne
ne
ne
90
16
33 ne
ne
ne
ne
ne
0 320 64 ano
1 280
3 37
0
30
1 215
ne
ne
ne
ano
ano
ano
ano
KI
0
0
0
0
0
0
0
0
0
0
0
0
0
0
0
0
0
0
0
0
0
0
0
0
0
0
0
Dto bron
z
0
0
0
0
0
0
0
0
0
0
0
0
0
0
0
0
0
0
0
0
1
0
0
OOO O
0
0
0
0
0
0
0
0
0
0
0
0
oooooo
0
0
0
0
0
0
0
0
0
0
0
OOOO
Fe
0
0
0
1
0
0
0
0
0
0
O O O O O O O O O O
0
0
0
0
0
0
0
0
0
0
0
0
1
0
0
0
0
Str
0
O rudnina? BR střed./ml.
0
BR střed./ml.
BR střed./ml.
0
0
0
0
0
BR,intruze NV
O rudnina? BR střed./ml.
0
BR střed./ml.
O rudnina? BR střed./ml.
BR střed./ml.
BR střed./ml.
BR střed./ml.
BR střed./ml.
BR střed./ml.
BR střed./ml.
BR střed./ml.
BR střed./ml.
BR střed./ml.
BR střed./ml.
BR střed./ml.
BR střed./ml.
0
BR střed./ml.
0 probar.hl BR střed./ml.
0
0
0
0
0
0
0
0
0
0
0
0
jiné
0
DATACE
0
VS-NV
BR střed./ml.
BR střed./ml.
BR střed./ml.
BR střed./ml.
BR střed./ml.
poznámka
přetav.keramika
spál.mazanice
přetav.keramika"	und	(57, 73)	(1491, 73)	(1491, 1166)	(57, 1166)
image	Čáslav		(57, 73)	(113, 74)	(113, 92)	(57, 91)
image	-		(117, 74)	(128, 74)	(128, 91)	(117, 91)
image	Skála		(134, 74)	(180, 75)	(180, 93)	(134, 92)
image	2003		(185, 75)	(230, 76)	(230, 94)	(185, 93)
image	poč		(61, 177)	(85, 177)	(85, 191)	(61, 191)
image	|		(86, 177)	(92, 177)	(92, 190)	(86, 190)
image	KONTEXT		(98, 177)	(161, 176)	(161, 189)	(98, 190)
image	ČÁST		(182, 175)	(214, 175)	(214, 189)	(182, 189)
image	VRSTV		(233, 177)	(275, 177)	(275, 189)	(233, 189)
image	A		(249, 198)	(261, 198)	(261, 209)	(249, 209)
image	PŘIR_Č		(303, 174)	(349, 175)	(349, 191)	(303, 190)
image	409		(61, 219)	(85, 219)	(85, 230)	(61, 230)
image	sekt.3100		(94, 219)	(156, 219)	(156, 230)	(94, 230)
image	408/03		(287, 218)	(334, 217)	(334, 231)	(287, 232)
image	409/03		(286, 250)	(335, 250)	(335, 263)	(286, 263)
image	410		(61, 250)	(85, 250)	(85, 262)	(61, 262)
image	sekt.3100		(94, 249)	(156, 250)	(156, 263)	(94, 262)
image	411		(61, 282)	(86, 282)	(86, 293)	(61, 293)
image	sekt.3100		(94, 282)	(156, 282)	(156, 293)	(94, 293)
image	sběr		(173, 282)	(203, 282)	(203, 293)	(173, 293)
image	povrch		(231, 282)	(275, 282)	(275, 295)	(231, 295)
image	410/03		(287, 282)	(334, 282)	(334, 295)	(287, 295)
image	412		(61, 313)	(86, 313)	(86, 324)	(61, 324)
image	sekt.3100		(94, 313)	(157, 313)	(157, 324)	(94, 324)
image	halda		(174, 313)	(209, 313)	(209, 324)	(174, 324)
image	povrch		(231, 312)	(274, 311)	(274, 325)	(231, 326)
image	411/03		(286, 311)	(333, 310)	(333, 324)	(286, 325)
image	413		(61, 345)	(85, 345)	(85, 356)	(61, 356)
image	sekt.3100		(94, 345)	(156, 345)	(156, 356)	(94, 356)
image	halda		(174, 345)	(210, 345)	(210, 356)	(174, 356)
image	povrch		(231, 344)	(274, 344)	(274, 358)	(231, 358)
image	412/03		(286, 344)	(334, 344)	(334, 357)	(286, 357)
image	414		(61, 376)	(85, 376)	(85, 387)	(61, 387)
image	sekt.3103		(94, 376)	(158, 376)	(158, 387)	(94, 387)
image	415		(61, 408)	(86, 408)	(86, 419)	(61, 419)
image	sekt.3103		(94, 408)	(158, 408)	(158, 419)	(94, 419)
image	416		(61, 439)	(86, 439)	(86, 451)	(61, 451)
image	sekt.3103		(94, 439)	(159, 439)	(159, 451)	(94, 451)
image	417		(62, 471)	(86, 471)	(86, 482)	(62, 482)
image	sekt.3103		(94, 471)	(157, 471)	(157, 482)	(94, 482)
image	418		(62, 501)	(86, 501)	(86, 512)	(62, 512)
image	sekt.3103		(94, 500)	(157, 501)	(157, 513)	(94, 512)
image	419		(62, 533)	(86, 533)	(86, 545)	(62, 545)
image	sekt.3103		(94, 532)	(158, 533)	(158, 546)	(94, 545)
image	420		(61, 564)	(86, 564)	(86, 575)	(61, 575)
image	sekt.3105		(94, 564)	(158, 564)	(158, 575)	(94, 575)
image	421		(61, 597)	(86, 597)	(86, 608)	(61, 608)
image	sekt.3105		(94, 597)	(158, 597)	(158, 608)	(94, 608)
image	422		(62, 629)	(85, 629)	(85, 641)	(62, 641)
image	sekt.3105		(94, 629)	(157, 629)	(157, 641)	(94, 641)
image	423		(62, 660)	(85, 660)	(85, 672)	(62, 672)
image	sekt.3105		(94, 660)	(157, 660)	(157, 672)	(94, 672)
image	424		(61, 691)	(85, 691)	(85, 702)	(61, 702)
image	sekt.3200		(94, 691)	(158, 691)	(158, 702)	(94, 702)
image	0-10		(231, 376)	(267, 376)	(267, 387)	(231, 387)
image	413/03		(287, 376)	(335, 376)	(335, 389)	(287, 389)
image	10-20		(231, 407)	(276, 407)	(276, 419)	(231, 419)
image	414/03		(287, 407)	(335, 407)	(335, 419)	(287, 419)
image	20-30		(231, 439)	(275, 439)	(275, 451)	(231, 451)
image	415/03		(286, 439)	(334, 439)	(334, 451)	(286, 451)
image	30-40		(231, 469)	(275, 469)	(275, 484)	(231, 484)
image	416/03		(286, 469)	(334, 469)	(334, 483)	(286, 483)
image	40-50		(230, 502)	(274, 502)	(274, 514)	(230, 514)
image	417/03		(286, 502)	(334, 502)	(334, 514)	(286, 514)
image	50-60		(231, 533)	(275, 534)	(275, 546)	(231, 545)
image	418/03		(287, 533)	(334, 534)	(334, 547)	(287, 546)
image	0-20		(230, 565)	(268, 565)	(268, 575)	(230, 575)
image	419/03		(287, 566)	(334, 566)	(334, 578)	(287, 578)
image	20-30		(231, 596)	(276, 596)	(276, 608)	(231, 608)
image	420/03		(287, 596)	(335, 596)	(335, 608)	(287, 608)
image	30-40		(231, 628)	(276, 628)	(276, 640)	(231, 640)
image	421/03		(287, 628)	(335, 628)	(335, 640)	(287, 640)
image	40-60		(230, 659)	(276, 660)	(276, 672)	(230, 671)
image	422/03		(287, 659)	(334, 660)	(334, 673)	(287, 672)
image	425		(61, 723)	(86, 723)	(86, 734)	(61, 734)
image	sekt.3200		(94, 723)	(157, 723)	(157, 734)	(94, 734)
image	423/03		(286, 690)	(335, 691)	(335, 704)	(286, 703)
image	424/03		(287, 723)	(335, 723)	(335, 736)	(287, 736)
image	425/03		(287, 755)	(335, 755)	(335, 768)	(287, 768)
image	426		(62, 755)	(86, 755)	(86, 766)	(62, 766)
image	sekt.3200		(94, 755)	(157, 755)	(157, 766)	(94, 766)
image	427		(61, 786)	(86, 786)	(86, 797)	(61, 797)
image	sekt.3200		(93, 786)	(158, 786)	(158, 797)	(93, 797)
image	426/03		(287, 786)	(333, 786)	(333, 798)	(287, 798)
image	428		(61, 817)	(87, 817)	(87, 829)	(61, 829)
image	sekt.3200		(94, 817)	(157, 817)	(157, 829)	(94, 829)
image	halda		(174, 817)	(210, 817)	(210, 829)	(174, 829)
image	povrch		(231, 816)	(274, 816)	(274, 831)	(231, 831)
image	427/03		(286, 816)	(333, 816)	(333, 830)	(286, 830)
image	429		(61, 849)	(86, 849)	(86, 860)	(61, 860)
image	sekt.3200		(94, 849)	(158, 849)	(158, 860)	(94, 860)
image	povrch		(231, 849)	(276, 849)	(276, 862)	(231, 862)
image	428/03		(287, 849)	(335, 849)	(335, 862)	(287, 862)
image	0-10		(230, 881)	(268, 881)	(268, 892)	(230, 892)
image	429/03		(287, 881)	(335, 881)	(335, 894)	(287, 894)
image	430		(61, 881)	(87, 881)	(87, 893)	(61, 893)
image	$		(94, 881)	(101, 881)	(101, 893)	(94, 893)
image	3202-246		(101, 881)	(162, 881)	(162, 893)	(101, 893)
image	9		(93, 900)	(103, 900)	(103, 911)	(93, 911)
image	431		(61, 920)	(85, 920)	(85, 933)	(61, 933)
image	sekt.3202		(93, 920)	(156, 920)	(156, 932)	(93, 932)
image	432		(61, 953)	(85, 953)	(85, 964)	(61, 964)
image	sekt.3202		(94, 953)	(156, 953)	(156, 964)	(94, 964)
image	433		(61, 983)	(85, 983)	(85, 995)	(61, 995)
image	sekt.3202		(93, 983)	(156, 983)	(156, 994)	(93, 994)
image	434		(61, 1015)	(85, 1015)	(85, 1027)	(61, 1027)
image	sekt.3202		(93, 1015)	(156, 1015)	(156, 1026)	(93, 1026)
image	435		(61, 1047)	(86, 1047)	(86, 1058)	(61, 1058)
image	sekt.3202		(94, 1047)	(157, 1047)	(157, 1058)	(94, 1058)
image	0-10		(231, 921)	(267, 921)	(267, 931)	(231, 931)
image	430/03		(286, 921)	(335, 921)	(335, 933)	(286, 933)
image	10-20		(231, 953)	(275, 953)	(275, 965)	(231, 965)
image	431/03		(286, 953)	(334, 953)	(334, 965)	(286, 965)
image	20-30		(231, 984)	(274, 984)	(274, 996)	(231, 996)
image	432/03		(286, 984)	(335, 984)	(335, 996)	(286, 996)
image	30-40		(231, 1016)	(274, 1016)	(274, 1028)	(231, 1028)
image	433/03		(287, 1016)	(334, 1016)	(334, 1028)	(287, 1028)
image	40-50		(231, 1045)	(275, 1046)	(275, 1059)	(231, 1058)
image	434/03		(287, 1045)	(335, 1046)	(335, 1060)	(287, 1059)
image	K_ATY		(376, 178)	(419, 178)	(419, 191)	(376, 191)
image	K		(429, 178)	(439, 178)	(439, 191)	(429, 191)
image	ZDK_PR		(445, 178)	(506, 178)	(506, 191)	(445, 191)
image	K_N		(518, 178)	(545, 178)	(545, 191)	(518, 191)
image	K_SU		(563, 178)	(598, 178)	(598, 191)	(563, 191)
image	BI		(623, 178)	(638, 178)	(638, 190)	(623, 190)
image	P		(392, 199)	(402, 199)	(402, 209)	(392, 209)
image	OB		(437, 198)	(456, 198)	(456, 209)	(437, 209)
image	OF		(479, 198)	(498, 198)	(498, 209)	(479, 209)
image	AD		(521, 197)	(541, 197)	(541, 208)	(521, 208)
image	ΜΑ		(570, 199)	(593, 199)	(593, 209)	(570, 209)
image	0		(455, 219)	(464, 219)	(464, 230)	(455, 230)
image	7		(497, 219)	(507, 219)	(507, 230)	(497, 230)
image	0		(540, 219)	(549, 219)	(549, 230)	(540, 230)
image	2		(454, 250)	(464, 250)	(464, 261)	(454, 261)
image	4		(497, 250)	(505, 250)	(505, 261)	(497, 261)
image	0		(540, 251)	(548, 251)	(548, 262)	(540, 262)
image	2		(455, 282)	(465, 282)	(465, 293)	(455, 293)
image	0		(540, 283)	(549, 283)	(549, 294)	(540, 294)
image	37		(405, 219)	(421, 219)	(421, 230)	(405, 230)
image	18		(405, 250)	(421, 250)	(421, 261)	(405, 261)
image	25		(404, 283)	(420, 283)	(420, 293)	(404, 293)
image	0		(413, 313)	(422, 313)	(422, 323)	(413, 323)
image	40		(405, 346)	(420, 346)	(420, 356)	(405, 356)
image	165		(397, 376)	(421, 376)	(421, 386)	(397, 386)
image	80		(405, 409)	(422, 409)	(422, 419)	(405, 419)
image	55		(405, 440)	(421, 440)	(421, 450)	(405, 450)
image	10		(405, 471)	(421, 471)	(421, 482)	(405, 482)
image	7		(412, 502)	(422, 502)	(422, 513)	(412, 513)
image	1		(413, 534)	(422, 534)	(422, 544)	(413, 544)
image	47		(404, 566)	(421, 566)	(421, 576)	(404, 576)
image	8		(412, 597)	(423, 597)	(423, 608)	(412, 608)
image	8		(412, 629)	(423, 629)	(423, 639)	(412, 639)
image	69		(405, 661)	(420, 661)	(420, 671)	(405, 671)
image	31		(423, 668)	(423, 693)	(406, 693)	(406, 668)
image	40		(405, 692)	(421, 692)	(421, 702)	(405, 702)
image	65		(405, 724)	(420, 724)	(420, 734)	(405, 734)
image	60		(405, 756)	(421, 756)	(421, 766)	(405, 766)
image	31		(405, 786)	(421, 786)	(421, 797)	(405, 797)
image	67		(405, 818)	(421, 818)	(421, 828)	(405, 828)
image	。		(410, 855)	(410, 844)	(420, 844)	(420, 855)
image	53		(405, 922)	(420, 922)	(420, 932)	(405, 932)
image	64		(405, 954)	(420, 954)	(420, 964)	(405, 964)
image	22		(405, 984)	(421, 984)	(421, 994)	(405, 994)
image	27		(405, 1017)	(420, 1017)	(420, 1027)	(405, 1027)
image	0		(455, 314)	(464, 314)	(464, 324)	(455, 324)
image	50		(405, 1047)	(421, 1047)	(421, 1058)	(405, 1058)
image	2		(455, 346)	(464, 346)	(464, 356)	(455, 356)
image	0		(455, 439)	(463, 439)	(463, 449)	(455, 449)
image	0		(455, 471)	(464, 471)	(464, 482)	(455, 482)
image	0		(455, 502)	(463, 502)	(463, 513)	(455, 513)
image	0		(455, 535)	(463, 535)	(463, 545)	(455, 545)
image	9		(455, 376)	(464, 376)	(464, 386)	(455, 386)
image	16		(490, 376)	(505, 376)	(505, 387)	(490, 387)
image	3		(455, 408)	(464, 408)	(464, 419)	(455, 419)
image	2		(455, 566)	(464, 566)	(464, 577)	(455, 577)
image	0		(455, 597)	(464, 597)	(464, 608)	(455, 608)
image	1		(456, 691)	(463, 691)	(463, 701)	(456, 701)
image	0		(455, 724)	(464, 724)	(464, 734)	(455, 734)
image	9		(412, 849)	(422, 849)	(422, 860)	(412, 860)
image	10		(405, 881)	(421, 881)	(421, 892)	(405, 892)
image	0		(455, 882)	(464, 882)	(464, 892)	(455, 892)
image	4		(455, 756)	(463, 756)	(463, 766)	(455, 766)
image	OOO		(455, 891)	(453, 784)	(463, 784)	(465, 891)
image	0		(455, 786)	(463, 786)	(463, 796)	(455, 796)
image	4		(455, 818)	(463, 818)	(463, 828)	(455, 828)
image	0		(455, 850)	(464, 850)	(464, 860)	(455, 860)
image	základní		(470, 74)	(545, 75)	(545, 94)	(470, 93)
image	zpracování		(548, 75)	(646, 76)	(646, 95)	(548, 94)
image	0		(455, 630)	(463, 630)	(463, 641)	(455, 641)
image	0		(455, 660)	(464, 660)	(464, 670)	(455, 670)
image	13		(490, 661)	(505, 661)	(505, 672)	(490, 672)
image	NOOO		(453, 952)	(462, 952)	(463, 1058)	(454, 1058)
image	4		(498, 282)	(507, 282)	(507, 293)	(498, 293)
image	2		(455, 954)	(464, 954)	(464, 964)	(455, 964)
image	0		(498, 313)	(507, 313)	(507, 323)	(498, 323)
image	0		(455, 1047)	(464, 1047)	(464, 1058)	(455, 1058)
image	9		(498, 345)	(507, 345)	(507, 355)	(498, 355)
image	8		(497, 409)	(507, 409)	(507, 420)	(497, 420)
image	13		(490, 439)	(505, 439)	(505, 451)	(490, 451)
image	3		(497, 471)	(507, 471)	(507, 483)	(497, 483)
image	1		(498, 502)	(507, 502)	(507, 513)	(498, 513)
image	2		(496, 534)	(506, 534)	(506, 545)	(496, 545)
image	13		(490, 566)	(505, 566)	(505, 577)	(490, 577)
image	4		(498, 598)	(506, 598)	(506, 607)	(498, 607)
image	0		(498, 629)	(506, 629)	(506, 639)	(498, 639)
image	6		(498, 692)	(506, 692)	(506, 702)	(498, 702)
image	3		(498, 723)	(507, 723)	(507, 734)	(498, 734)
image	9		(498, 755)	(506, 755)	(506, 765)	(498, 765)
image	5		(497, 787)	(506, 787)	(506, 797)	(497, 797)
image	16		(490, 817)	(505, 817)	(505, 828)	(490, 828)
image	1		(456, 921)	(464, 921)	(464, 931)	(456, 931)
image	15		(490, 922)	(506, 922)	(506, 932)	(490, 932)
image	2		(497, 850)	(506, 850)	(506, 860)	(497, 860)
image	4		(498, 882)	(506, 882)	(506, 892)	(498, 892)
image	6		(498, 954)	(506, 954)	(506, 964)	(498, 964)
image	6		(498, 984)	(506, 984)	(506, 994)	(498, 994)
image	12		(490, 1017)	(506, 1017)	(506, 1027)	(490, 1027)
image	4		(498, 1048)	(506, 1048)	(506, 1058)	(498, 1058)
image	0		(540, 314)	(549, 314)	(549, 324)	(540, 324)
image	0		(540, 345)	(549, 345)	(549, 356)	(540, 356)
image	0		(540, 377)	(548, 377)	(548, 388)	(540, 388)
image	0		(540, 409)	(549, 409)	(549, 419)	(540, 419)
image	0		(540, 440)	(548, 440)	(548, 451)	(540, 451)
image	0		(540, 471)	(549, 471)	(549, 482)	(540, 482)
image	0		(540, 503)	(549, 503)	(549, 514)	(540, 514)
image	0		(540, 535)	(549, 535)	(549, 546)	(540, 546)
image	0		(540, 566)	(548, 566)	(548, 577)	(540, 577)
image	0		(540, 598)	(549, 598)	(549, 608)	(540, 608)
image	0		(540, 630)	(549, 630)	(549, 640)	(540, 640)
image	0		(540, 661)	(549, 661)	(549, 671)	(540, 671)
image	0		(540, 692)	(549, 692)	(549, 702)	(540, 702)
image	0		(540, 724)	(549, 724)	(549, 734)	(540, 734)
image	0		(540, 756)	(549, 756)	(549, 766)	(540, 766)
image	0		(540, 787)	(549, 787)	(549, 797)	(540, 797)
image	0		(540, 818)	(549, 818)	(549, 828)	(540, 828)
image	0		(540, 850)	(549, 850)	(549, 860)	(540, 860)
image	0		(540, 882)	(549, 882)	(549, 892)	(540, 892)
image	0		(541, 921)	(549, 921)	(549, 931)	(541, 931)
image	OOOO		(548, 953)	(547, 1061)	(538, 1061)	(539, 953)
image	42		(588, 219)	(606, 219)	(606, 230)	(588, 230)
image	24		(589, 251)	(605, 251)	(605, 262)	(589, 262)
image	31		(588, 282)	(606, 282)	(606, 293)	(588, 293)
image	0		(597, 314)	(606, 314)	(606, 324)	(597, 324)
image	51		(589, 345)	(606, 345)	(606, 356)	(589, 356)
image	190		(582, 376)	(605, 376)	(605, 386)	(582, 386)
image	91		(589, 409)	(605, 409)	(605, 420)	(589, 420)
image	68		(589, 439)	(606, 439)	(606, 450)	(589, 450)
image	13		(589, 471)	(606, 471)	(606, 482)	(589, 482)
image	8		(597, 503)	(607, 503)	(607, 514)	(597, 514)
image	3		(597, 534)	(606, 534)	(606, 546)	(597, 546)
image	62		(588, 565)	(606, 565)	(606, 575)	(588, 575)
image	12		(589, 597)	(606, 597)	(606, 608)	(589, 608)
image	8		(596, 630)	(606, 630)	(606, 640)	(596, 640)
image	82		(588, 660)	(606, 660)	(606, 671)	(588, 671)
image	47		(588, 691)	(605, 691)	(605, 702)	(588, 702)
image	68		(589, 723)	(606, 723)	(606, 734)	(589, 734)
image	73		(589, 755)	(605, 755)	(605, 766)	(589, 766)
image	36		(589, 786)	(605, 786)	(605, 798)	(589, 798)
image	87		(588, 817)	(605, 817)	(605, 828)	(588, 828)
image	11		(589, 849)	(605, 849)	(605, 859)	(589, 859)
image	14		(589, 881)	(605, 881)	(605, 892)	(589, 892)
image	69		(589, 921)	(606, 921)	(606, 932)	(589, 932)
image	72		(589, 954)	(606, 954)	(606, 965)	(589, 965)
image	28		(588, 984)	(605, 984)	(605, 994)	(588, 994)
image	39		(589, 1016)	(606, 1016)	(606, 1027)	(589, 1027)
image	54		(589, 1047)	(605, 1047)	(605, 1057)	(589, 1057)
image	0		(639, 219)	(649, 219)	(649, 230)	(639, 230)
image	0		(639, 250)	(649, 250)	(649, 261)	(639, 261)
image	0		(640, 282)	(649, 282)	(649, 292)	(640, 292)
image	OOO		(639, 452)	(639, 376)	(647, 376)	(647, 452)
image	OO		(639, 357)	(639, 314)	(646, 314)	(646, 357)
image	0		(639, 471)	(648, 471)	(648, 481)	(639, 481)
image	0		(639, 503)	(648, 503)	(648, 513)	(639, 513)
image	0		(640, 534)	(649, 534)	(649, 544)	(640, 544)
image	0		(639, 565)	(648, 565)	(648, 575)	(639, 575)
image	0		(640, 597)	(649, 597)	(649, 607)	(640, 607)
image	0		(640, 629)	(648, 629)	(648, 639)	(640, 639)
image	·		(640, 787)	(640, 774)	(649, 774)	(649, 787)
image	OOOOO		(640, 768)	(640, 629)	(649, 629)	(649, 768)
image	0		(639, 660)	(648, 660)	(648, 670)	(639, 670)
image	0		(640, 691)	(649, 691)	(649, 701)	(640, 701)
image	0		(639, 723)	(648, 723)	(648, 733)	(639, 733)
image	0		(639, 755)	(648, 755)	(648, 765)	(639, 765)
image	0		(640, 786)	(649, 786)	(649, 796)	(640, 796)
image	0		(639, 817)	(648, 817)	(648, 828)	(639, 828)
image	0		(639, 850)	(648, 850)	(648, 860)	(639, 860)
image	0		(639, 881)	(648, 881)	(648, 891)	(639, 891)
image	0		(639, 921)	(649, 921)	(649, 932)	(639, 932)
image	0		(640, 954)	(648, 954)	(648, 964)	(640, 964)
image	0		(639, 984)	(649, 984)	(649, 995)	(639, 995)
image	0		(639, 1016)	(648, 1016)	(648, 1027)	(639, 1027)
image	0		(640, 1047)	(649, 1047)	(649, 1058)	(640, 1058)
image	ŠI		(667, 177)	(679, 177)	(679, 190)	(667, 190)
image	mlýn		(700, 178)	(732, 178)	(732, 192)	(700, 192)
image	BR		(748, 178)	(767, 178)	(767, 191)	(748, 191)
image	0		(682, 219)	(691, 219)	(691, 231)	(682, 231)
image	0		(682, 250)	(691, 250)	(691, 261)	(682, 261)
image	0		(682, 282)	(691, 282)	(691, 292)	(682, 292)
image	0		(682, 313)	(691, 313)	(691, 324)	(682, 324)
image	0		(682, 345)	(691, 345)	(691, 356)	(682, 356)
image	0		(682, 377)	(691, 377)	(691, 388)	(682, 388)
image	0		(682, 409)	(691, 409)	(691, 420)	(682, 420)
image	0		(682, 439)	(691, 439)	(691, 450)	(682, 450)
image	0		(682, 471)	(691, 471)	(691, 482)	(682, 482)
image	0		(682, 502)	(691, 502)	(691, 512)	(682, 512)
image	0		(682, 534)	(691, 534)	(691, 544)	(682, 544)
image	0		(682, 565)	(691, 565)	(691, 576)	(682, 576)
image	0		(682, 597)	(691, 597)	(691, 608)	(682, 608)
image	0		(682, 630)	(691, 630)	(691, 641)	(682, 641)
image	0		(682, 661)	(691, 661)	(691, 672)	(682, 672)
image	0		(682, 691)	(691, 691)	(691, 702)	(682, 702)
image	0		(682, 723)	(691, 723)	(691, 734)	(682, 734)
image	0		(682, 755)	(691, 755)	(691, 766)	(682, 766)
image	0		(682, 787)	(691, 787)	(691, 797)	(682, 797)
image	0		(682, 818)	(691, 818)	(691, 828)	(682, 828)
image	0		(682, 849)	(691, 849)	(691, 860)	(682, 860)
image	0		(682, 881)	(691, 881)	(691, 892)	(682, 892)
image	0		(682, 921)	(691, 921)	(691, 932)	(682, 932)
image	0		(682, 954)	(691, 954)	(691, 964)	(682, 964)
image	0		(682, 985)	(691, 985)	(691, 995)	(682, 995)
image	C		(679, 1012)	(689, 1012)	(689, 1020)	(679, 1020)
image	0		(682, 1016)	(691, 1016)	(691, 1027)	(682, 1027)
image	0		(682, 1047)	(692, 1047)	(692, 1057)	(682, 1057)
image	oc		(724, 220)	(732, 220)	(732, 260)	(724, 260)
image	OOO		(766, 218)	(776, 218)	(773, 291)	(763, 291)
image	O		(763, 309)	(773, 309)	(772, 323)	(762, 323)
image	0		(724, 219)	(734, 219)	(734, 231)	(724, 231)
image	0		(725, 250)	(734, 250)	(734, 261)	(725, 261)
image	0		(767, 250)	(776, 250)	(776, 261)	(767, 261)
image	0		(725, 283)	(734, 283)	(734, 293)	(725, 293)
image	0		(725, 314)	(734, 314)	(734, 324)	(725, 324)
image	0		(725, 345)	(734, 345)	(734, 355)	(725, 355)
image	0		(725, 376)	(733, 376)	(733, 386)	(725, 386)
image	0		(725, 409)	(733, 409)	(733, 419)	(725, 419)
image	0		(725, 440)	(734, 440)	(734, 450)	(725, 450)
image	0		(725, 471)	(734, 471)	(734, 482)	(725, 482)
image	0		(725, 502)	(734, 502)	(734, 512)	(725, 512)
image	0		(725, 535)	(734, 535)	(734, 545)	(725, 545)
image	0		(725, 566)	(734, 566)	(734, 576)	(725, 576)
image	0		(725, 597)	(733, 597)	(733, 607)	(725, 607)
image	0		(725, 629)	(734, 629)	(734, 639)	(725, 639)
image	0		(725, 660)	(733, 660)	(733, 670)	(725, 670)
image	0		(724, 692)	(733, 692)	(733, 702)	(724, 702)
image	0		(724, 724)	(733, 724)	(733, 734)	(724, 734)
image	0		(725, 756)	(733, 756)	(733, 766)	(725, 766)
image	0		(725, 786)	(734, 786)	(734, 796)	(725, 796)
image	0		(725, 818)	(733, 818)	(733, 828)	(725, 828)
image	0		(725, 850)	(733, 850)	(733, 860)	(725, 860)
image	0		(725, 882)	(734, 882)	(734, 892)	(725, 892)
image	0		(725, 921)	(734, 921)	(734, 932)	(725, 932)
image	0		(724, 952)	(733, 952)	(733, 963)	(724, 963)
image	0		(767, 219)	(777, 219)	(777, 230)	(767, 230)
image	OOOO		(732, 953)	(732, 1059)	(724, 1059)	(724, 953)
image	0		(767, 313)	(776, 313)	(776, 323)	(767, 323)
image	0		(767, 283)	(776, 283)	(776, 294)	(767, 294)
image	0		(809, 282)	(818, 282)	(818, 293)	(809, 293)
image	0		(809, 313)	(818, 313)	(818, 324)	(809, 324)
image	0		(767, 345)	(776, 345)	(776, 355)	(767, 355)
image	0		(767, 377)	(776, 377)	(776, 387)	(767, 387)
image	0		(767, 408)	(775, 408)	(775, 418)	(767, 418)
image	0		(767, 439)	(775, 439)	(775, 449)	(767, 449)
image	0		(767, 471)	(776, 471)	(776, 482)	(767, 482)
image	0		(767, 503)	(776, 503)	(776, 513)	(767, 513)
image	0		(767, 535)	(776, 535)	(776, 546)	(767, 546)
image	0		(767, 565)	(776, 565)	(776, 575)	(767, 575)
image	0		(767, 597)	(776, 597)	(776, 607)	(767, 607)
image	OOO		(774, 628)	(774, 700)	(767, 700)	(767, 628)
image	0		(767, 723)	(775, 723)	(775, 733)	(767, 733)
image	OOO		(774, 755)	(774, 827)	(766, 827)	(766, 755)
image	0		(767, 849)	(776, 849)	(776, 859)	(767, 859)
image	0		(767, 881)	(776, 881)	(776, 891)	(767, 891)
image	0		(767, 921)	(776, 921)	(776, 931)	(767, 931)
image	0		(767, 953)	(776, 953)	(776, 963)	(767, 963)
image	OOO		(774, 953)	(776, 1026)	(766, 1026)	(764, 953)
image	0		(767, 985)	(775, 985)	(775, 995)	(767, 995)
image	KA		(792, 178)	(811, 178)	(811, 189)	(792, 189)
image	ΜΑ		(830, 176)	(852, 176)	(852, 192)	(830, 192)
image	KO		(877, 178)	(894, 178)	(894, 189)	(877, 189)
image	0		(767, 1048)	(776, 1048)	(776, 1058)	(767, 1058)
image	1		(810, 219)	(820, 219)	(820, 231)	(810, 231)
image	2		(809, 250)	(818, 250)	(818, 260)	(809, 260)
image	61		(782, 1154)	(799, 1154)	(799, 1166)	(782, 1166)
image	0		(809, 409)	(818, 409)	(818, 419)	(809, 419)
image	0		(809, 440)	(818, 440)	(818, 450)	(809, 450)
image	0		(809, 471)	(819, 471)	(819, 482)	(809, 482)
image	0		(809, 502)	(818, 502)	(818, 513)	(809, 513)
image	0		(809, 534)	(818, 534)	(818, 545)	(809, 545)
image	1		(810, 566)	(818, 566)	(818, 576)	(810, 576)
image	0		(809, 346)	(818, 346)	(818, 356)	(809, 356)
image	31		(844, 344)	(861, 344)	(861, 356)	(844, 356)
image	3		(810, 376)	(819, 376)	(819, 388)	(810, 388)
image	165		(837, 376)	(861, 376)	(861, 387)	(837, 387)
image	300		(879, 377)	(904, 377)	(904, 387)	(879, 387)
image	12		(844, 408)	(860, 408)	(860, 419)	(844, 419)
image	45		(844, 439)	(860, 439)	(860, 450)	(844, 450)
image	0		(810, 598)	(818, 598)	(818, 609)	(810, 609)
image	2		(809, 629)	(818, 629)	(818, 639)	(809, 639)
image	0		(809, 661)	(818, 661)	(818, 672)	(809, 672)
image	0		(809, 691)	(818, 691)	(818, 701)	(809, 701)
image	8		(851, 219)	(862, 219)	(862, 231)	(851, 231)
image	2		(851, 250)	(861, 250)	(861, 261)	(851, 261)
image	0		(852, 282)	(861, 282)	(861, 293)	(852, 293)
image	0		(852, 314)	(861, 314)	(861, 324)	(852, 324)
image	2		(810, 882)	(818, 882)	(818, 892)	(810, 892)
image	2		(852, 471)	(862, 471)	(862, 482)	(852, 482)
image	0		(852, 503)	(861, 503)	(861, 513)	(852, 513)
image	0		(853, 534)	(861, 534)	(861, 544)	(853, 544)
image	0		(852, 629)	(861, 629)	(861, 639)	(852, 639)
image	90		(844, 661)	(861, 661)	(861, 671)	(844, 671)
image	20		(844, 691)	(861, 691)	(861, 701)	(844, 701)
image	1		(810, 723)	(818, 723)	(818, 734)	(810, 734)
image	33		(844, 723)	(860, 723)	(860, 734)	(844, 734)
image	0		(809, 755)	(818, 755)	(818, 766)	(809, 766)
image	68		(844, 755)	(860, 755)	(860, 766)	(844, 766)
image	1		(809, 786)	(818, 786)	(818, 797)	(809, 797)
image	87		(844, 786)	(860, 786)	(860, 797)	(844, 797)
image	1		(809, 817)	(818, 817)	(818, 828)	(809, 828)
image	208		(836, 817)	(861, 817)	(861, 828)	(836, 828)
image	1		(810, 849)	(818, 849)	(818, 860)	(810, 860)
image	8		(894, 219)	(905, 219)	(905, 230)	(894, 230)
image	6		(895, 251)	(904, 251)	(904, 262)	(895, 262)
image	0		(852, 850)	(861, 850)	(861, 860)	(852, 860)
image	68		(845, 881)	(861, 881)	(861, 892)	(845, 892)
image	0		(895, 313)	(904, 313)	(904, 323)	(895, 323)
image	34		(887, 283)	(903, 283)	(903, 293)	(887, 293)
image	ne		(930, 285)	(947, 285)	(947, 293)	(930, 293)
image	22		(887, 345)	(902, 345)	(902, 355)	(887, 355)
image	62		(887, 409)	(902, 409)	(902, 419)	(887, 419)
image	14		(845, 565)	(861, 565)	(861, 575)	(845, 575)
image	88		(887, 566)	(903, 566)	(903, 576)	(887, 576)
image	94		(844, 597)	(862, 597)	(862, 608)	(844, 608)
image	184		(879, 596)	(903, 596)	(903, 608)	(879, 608)
image	42		(887, 440)	(902, 440)	(902, 450)	(887, 450)
image	4		(894, 471)	(903, 471)	(903, 481)	(894, 481)
image	104		(879, 501)	(903, 501)	(903, 514)	(879, 514)
image	0		(895, 534)	(904, 534)	(904, 544)	(895, 544)
image	2		(894, 629)	(903, 629)	(903, 639)	(894, 639)
image	18		(887, 723)	(904, 723)	(904, 734)	(887, 734)
image	9		(886, 729)	(901, 729)	(901, 743)	(886, 743)
image	0		(894, 850)	(903, 850)	(903, 860)	(894, 860)
image	10		(887, 882)	(903, 882)	(903, 892)	(887, 892)
image	U		(923, 178)	(935, 178)	(935, 189)	(923, 189)
image	ne		(930, 222)	(947, 222)	(947, 230)	(930, 230)
image	208		(879, 953)	(904, 953)	(904, 964)	(879, 964)
image	ne		(930, 253)	(946, 253)	(946, 261)	(930, 261)
image	44		(887, 985)	(903, 985)	(903, 995)	(887, 995)
image	4		(895, 1017)	(903, 1017)	(903, 1027)	(895, 1027)
image	ne		(930, 316)	(947, 316)	(947, 324)	(930, 324)
image	1		(895, 1047)	(903, 1047)	(903, 1057)	(895, 1057)
image	ne		(930, 348)	(946, 348)	(946, 356)	(930, 356)
image	ne		(930, 379)	(946, 379)	(946, 386)	(930, 386)
image	ne		(930, 411)	(946, 411)	(946, 418)	(930, 418)
image	107		(879, 660)	(903, 660)	(903, 671)	(879, 671)
image	ano		(922, 663)	(945, 663)	(945, 671)	(922, 671)
image	ne		(930, 442)	(945, 442)	(945, 450)	(930, 450)
image	58		(887, 692)	(903, 692)	(903, 702)	(887, 702)
image	ne		(930, 694)	(946, 694)	(946, 702)	(930, 702)
image	ne		(930, 474)	(946, 474)	(946, 482)	(930, 482)
image	ne		(930, 505)	(947, 505)	(947, 513)	(930, 513)
image	ne		(930, 537)	(947, 537)	(947, 545)	(930, 545)
image	ne		(930, 568)	(945, 568)	(945, 576)	(930, 576)
image	90		(887, 755)	(903, 755)	(903, 766)	(887, 766)
image	16		(887, 786)	(902, 786)	(902, 797)	(887, 797)
image	33		(887, 817)	(902, 817)	(902, 828)	(887, 828)
image	ne		(930, 820)	(946, 820)	(946, 828)	(930, 828)
image	ne		(930, 600)	(946, 600)	(946, 608)	(930, 608)
image	ne		(930, 632)	(945, 632)	(945, 640)	(930, 640)
image	ne		(930, 725)	(946, 725)	(946, 734)	(930, 734)
image	ne		(930, 758)	(946, 758)	(946, 766)	(930, 766)
image	0		(809, 922)	(817, 922)	(817, 932)	(809, 932)
image	320		(836, 921)	(861, 921)	(861, 932)	(836, 932)
image	64		(887, 920)	(902, 920)	(902, 931)	(887, 931)
image	ano		(921, 924)	(946, 924)	(946, 932)	(921, 932)
image	1		(810, 954)	(818, 954)	(818, 964)	(810, 964)
image	280		(836, 953)	(860, 953)	(860, 964)	(836, 964)
image	3		(809, 984)	(819, 984)	(819, 995)	(809, 995)
image	37		(844, 983)	(861, 983)	(861, 995)	(844, 995)
image	0		(809, 1016)	(818, 1016)	(818, 1027)	(809, 1027)
image	30		(845, 1016)	(860, 1016)	(860, 1027)	(845, 1027)
image	1		(809, 1047)	(818, 1047)	(818, 1057)	(809, 1057)
image	215		(836, 1047)	(861, 1047)	(861, 1058)	(836, 1058)
image	ne		(930, 789)	(946, 789)	(946, 797)	(930, 797)
image	ne		(930, 852)	(946, 852)	(946, 859)	(930, 859)
image	ne		(930, 884)	(945, 884)	(945, 892)	(930, 892)
image	ano		(921, 956)	(946, 956)	(946, 964)	(921, 964)
image	ano		(921, 986)	(945, 986)	(945, 995)	(921, 995)
image	ano		(921, 1018)	(945, 1018)	(945, 1027)	(921, 1027)
image	ano		(921, 1050)	(947, 1050)	(947, 1058)	(921, 1058)
image	KI		(965, 178)	(978, 178)	(978, 189)	(965, 189)
image	0		(980, 219)	(990, 219)	(990, 230)	(980, 230)
image	0		(979, 250)	(988, 250)	(988, 261)	(979, 261)
image	0		(979, 282)	(988, 282)	(988, 293)	(979, 293)
image	0		(979, 313)	(988, 313)	(988, 323)	(979, 323)
image	0		(979, 345)	(988, 345)	(988, 355)	(979, 355)
image	0		(979, 376)	(988, 376)	(988, 386)	(979, 386)
image	0		(980, 408)	(989, 408)	(989, 419)	(980, 419)
image	0		(979, 439)	(988, 439)	(988, 449)	(979, 449)
image	0		(979, 471)	(988, 471)	(988, 481)	(979, 481)
image	0		(979, 501)	(989, 501)	(989, 512)	(979, 512)
image	0		(979, 533)	(989, 533)	(989, 544)	(979, 544)
image	0		(979, 565)	(988, 565)	(988, 576)	(979, 576)
image	0		(979, 597)	(988, 597)	(988, 607)	(979, 607)
image	0		(979, 629)	(988, 629)	(988, 639)	(979, 639)
image	0		(979, 660)	(988, 660)	(988, 670)	(979, 670)
image	0		(979, 691)	(988, 691)	(988, 701)	(979, 701)
image	0		(979, 723)	(988, 723)	(988, 733)	(979, 733)
image	0		(979, 755)	(988, 755)	(988, 765)	(979, 765)
image	0		(979, 786)	(988, 786)	(988, 796)	(979, 796)
image	0		(980, 818)	(989, 818)	(989, 828)	(980, 828)
image	0		(980, 850)	(989, 850)	(989, 860)	(980, 860)
image	0		(979, 881)	(988, 881)	(988, 891)	(979, 891)
image	0		(979, 921)	(988, 921)	(988, 931)	(979, 931)
image	0		(979, 954)	(988, 954)	(988, 964)	(979, 964)
image	0		(980, 984)	(989, 984)	(989, 994)	(980, 994)
image	0		(979, 1017)	(988, 1017)	(988, 1027)	(979, 1027)
image	0		(979, 1048)	(988, 1048)	(988, 1058)	(979, 1058)
image	Dto		(1001, 178)	(1026, 178)	(1026, 189)	(1001, 189)
image	bron		(1039, 178)	(1071, 178)	(1071, 189)	(1039, 189)
image	z		(1052, 201)	(1060, 201)	(1060, 209)	(1052, 209)
image	0		(1022, 219)	(1031, 219)	(1031, 230)	(1022, 230)
image	0		(1022, 250)	(1031, 250)	(1031, 261)	(1022, 261)
image	0		(1022, 283)	(1030, 283)	(1030, 294)	(1022, 294)
image	0		(1022, 314)	(1031, 314)	(1031, 324)	(1022, 324)
image	0		(1022, 345)	(1031, 345)	(1031, 355)	(1022, 355)
image	0		(1022, 377)	(1031, 377)	(1031, 387)	(1022, 387)
image	0		(1022, 409)	(1031, 409)	(1031, 419)	(1022, 419)
image	0		(1022, 439)	(1031, 439)	(1031, 449)	(1022, 449)
image	0		(1022, 471)	(1031, 471)	(1031, 482)	(1022, 482)
image	0		(1022, 502)	(1031, 502)	(1031, 513)	(1022, 513)
image	0		(1022, 534)	(1031, 534)	(1031, 545)	(1022, 545)
image	0		(1022, 565)	(1031, 565)	(1031, 575)	(1022, 575)
image	0		(1022, 598)	(1031, 598)	(1031, 608)	(1022, 608)
image	0		(1022, 630)	(1031, 630)	(1031, 640)	(1022, 640)
image	0		(1022, 661)	(1031, 661)	(1031, 671)	(1022, 671)
image	0		(1022, 691)	(1031, 691)	(1031, 701)	(1022, 701)
image	0		(1022, 724)	(1031, 724)	(1031, 734)	(1022, 734)
image	0		(1022, 756)	(1031, 756)	(1031, 766)	(1022, 766)
image	0		(1022, 786)	(1031, 786)	(1031, 796)	(1022, 796)
image	0		(1022, 817)	(1030, 817)	(1030, 827)	(1022, 827)
image	1		(1023, 850)	(1031, 850)	(1031, 860)	(1023, 860)
image	0		(1022, 882)	(1031, 882)	(1031, 892)	(1022, 892)
image	0		(1023, 921)	(1031, 921)	(1031, 931)	(1023, 931)
image	OOO		(1023, 1059)	(1021, 984)	(1031, 984)	(1033, 1059)
image	O		(1020, 965)	(1020, 952)	(1030, 952)	(1030, 965)
image	0		(1064, 219)	(1074, 219)	(1074, 230)	(1064, 230)
image	0		(1065, 250)	(1074, 250)	(1074, 261)	(1065, 261)
image	0		(1064, 282)	(1073, 282)	(1073, 293)	(1064, 293)
image	0		(1065, 313)	(1074, 313)	(1074, 324)	(1065, 324)
image	0		(1065, 345)	(1074, 345)	(1074, 356)	(1065, 356)
image	0		(1065, 376)	(1074, 376)	(1074, 387)	(1065, 387)
image	0		(1064, 409)	(1073, 409)	(1073, 419)	(1064, 419)
image	0		(1065, 440)	(1073, 440)	(1073, 450)	(1065, 450)
image	0		(1065, 471)	(1074, 471)	(1074, 482)	(1065, 482)
image	0		(1065, 502)	(1074, 502)	(1074, 513)	(1065, 513)
image	0		(1064, 534)	(1073, 534)	(1073, 545)	(1064, 545)
image	0		(1065, 565)	(1074, 565)	(1074, 576)	(1065, 576)
image	oooooo		(1073, 596)	(1073, 767)	(1065, 767)	(1065, 596)
image	0		(1065, 597)	(1074, 597)	(1074, 608)	(1065, 608)
image	0		(1065, 629)	(1074, 629)	(1074, 640)	(1065, 640)
image	0		(1065, 661)	(1073, 661)	(1073, 672)	(1065, 672)
image	0		(1065, 691)	(1073, 691)	(1073, 701)	(1065, 701)
image	0		(1065, 723)	(1073, 723)	(1073, 733)	(1065, 733)
image	0		(1065, 756)	(1074, 756)	(1074, 766)	(1065, 766)
image	0		(1065, 786)	(1073, 786)	(1073, 796)	(1065, 796)
image	0		(1065, 818)	(1073, 818)	(1073, 828)	(1065, 828)
image	0		(1065, 850)	(1073, 850)	(1073, 860)	(1065, 860)
image	0		(1064, 882)	(1073, 882)	(1073, 892)	(1064, 892)
image	0		(1065, 922)	(1073, 922)	(1073, 932)	(1065, 932)
image	OOOO		(1064, 1059)	(1064, 952)	(1074, 952)	(1074, 1059)
image	Fe		(1090, 177)	(1107, 177)	(1107, 189)	(1090, 189)
image	0		(1107, 219)	(1116, 219)	(1116, 230)	(1107, 230)
image	0		(1107, 250)	(1116, 250)	(1116, 261)	(1107, 261)
image	0		(1108, 282)	(1116, 282)	(1116, 292)	(1108, 292)
image	1		(1107, 313)	(1116, 313)	(1116, 323)	(1107, 323)
image	0		(1107, 345)	(1115, 345)	(1115, 356)	(1107, 356)
image	0		(1107, 377)	(1115, 377)	(1115, 387)	(1107, 387)
image	0		(1107, 409)	(1115, 409)	(1115, 419)	(1107, 419)
image	0		(1107, 440)	(1115, 440)	(1115, 450)	(1107, 450)
image	0		(1107, 471)	(1116, 471)	(1116, 482)	(1107, 482)
image	0		(1107, 503)	(1115, 503)	(1115, 513)	(1107, 513)
image	O		(1105, 533)	(1115, 533)	(1115, 545)	(1105, 545)
image	O		(1105, 564)	(1115, 564)	(1115, 576)	(1105, 576)
image	O		(1105, 596)	(1115, 596)	(1115, 608)	(1105, 608)
image	O		(1105, 628)	(1115, 628)	(1115, 641)	(1105, 641)
image	O		(1105, 659)	(1115, 659)	(1115, 672)	(1105, 672)
image	O		(1105, 690)	(1115, 690)	(1115, 702)	(1105, 702)
image	O		(1105, 722)	(1115, 722)	(1115, 734)	(1105, 734)
image	O		(1105, 754)	(1115, 754)	(1115, 766)	(1105, 766)
image	O		(1105, 785)	(1115, 785)	(1115, 797)	(1105, 797)
image	O		(1105, 816)	(1115, 816)	(1115, 829)	(1105, 829)
image	0		(1108, 534)	(1116, 534)	(1116, 544)	(1108, 544)
image	0		(1108, 565)	(1116, 565)	(1116, 575)	(1108, 575)
image	0		(1107, 598)	(1115, 598)	(1115, 608)	(1107, 608)
image	0		(1107, 630)	(1115, 630)	(1115, 640)	(1107, 640)
image	0		(1107, 661)	(1115, 661)	(1115, 671)	(1107, 671)
image	0		(1108, 692)	(1116, 692)	(1116, 703)	(1108, 703)
image	0		(1107, 724)	(1115, 724)	(1115, 734)	(1107, 734)
image	0		(1107, 756)	(1115, 756)	(1115, 766)	(1107, 766)
image	0		(1107, 787)	(1116, 787)	(1116, 797)	(1107, 797)
image	0		(1107, 817)	(1116, 817)	(1116, 828)	(1107, 828)
image	0		(1107, 850)	(1116, 850)	(1116, 860)	(1107, 860)
image	0		(1107, 882)	(1115, 882)	(1115, 892)	(1107, 892)
image	1		(1107, 920)	(1116, 920)	(1116, 931)	(1107, 931)
image	0		(1107, 953)	(1115, 953)	(1115, 964)	(1107, 964)
image	0		(1107, 984)	(1115, 984)	(1115, 995)	(1107, 995)
image	0		(1107, 1017)	(1116, 1017)	(1116, 1027)	(1107, 1027)
image	0		(1107, 1048)	(1116, 1048)	(1116, 1058)	(1107, 1058)
image	Str		(1131, 178)	(1151, 178)	(1151, 190)	(1131, 190)
image	0		(1150, 283)	(1158, 283)	(1158, 293)	(1150, 293)
image	O		(1150, 218)	(1158, 218)	(1158, 232)	(1150, 232)
image	rudnina		(1166, 218)	(1217, 218)	(1217, 232)	(1166, 232)
image	?		(1217, 218)	(1224, 218)	(1224, 232)	(1217, 232)
image	BR		(1237, 218)	(1255, 218)	(1255, 232)	(1237, 232)
image	střed		(1258, 218)	(1290, 218)	(1290, 232)	(1258, 232)
image	.		(1292, 218)	(1295, 218)	(1295, 232)	(1292, 232)
image	/		(1295, 218)	(1302, 218)	(1302, 232)	(1295, 232)
image	ml		(1302, 218)	(1319, 218)	(1319, 232)	(1302, 232)
image	.		(1319, 218)	(1322, 218)	(1322, 232)	(1319, 232)
image	0		(1150, 250)	(1158, 250)	(1158, 261)	(1150, 261)
image	BR		(1238, 249)	(1254, 249)	(1254, 263)	(1238, 263)
image	střed		(1258, 249)	(1290, 249)	(1290, 263)	(1258, 263)
image	.		(1293, 249)	(1297, 249)	(1297, 263)	(1293, 263)
image	/		(1295, 249)	(1302, 249)	(1302, 263)	(1295, 263)
image	ml		(1302, 249)	(1318, 249)	(1318, 264)	(1302, 264)
image	.		(1319, 250)	(1322, 250)	(1322, 264)	(1319, 264)
image	BR		(1238, 281)	(1254, 281)	(1254, 294)	(1238, 294)
image	střed		(1258, 281)	(1290, 281)	(1290, 294)	(1258, 294)
image	.		(1292, 281)	(1296, 281)	(1296, 294)	(1292, 294)
image	/		(1294, 281)	(1301, 281)	(1301, 294)	(1294, 294)
image	ml		(1302, 281)	(1318, 281)	(1318, 294)	(1302, 294)
image	.		(1319, 281)	(1323, 281)	(1323, 294)	(1319, 294)
image	0		(1150, 314)	(1158, 314)	(1158, 324)	(1150, 324)
image	0		(1150, 472)	(1158, 472)	(1158, 482)	(1150, 482)
image	0		(1150, 503)	(1159, 503)	(1159, 513)	(1150, 513)
image	0		(1150, 535)	(1159, 535)	(1159, 545)	(1150, 545)
image	0		(1150, 346)	(1159, 346)	(1159, 356)	(1150, 356)
image	BR		(1238, 345)	(1254, 345)	(1254, 358)	(1238, 358)
image	,		(1255, 345)	(1259, 345)	(1259, 358)	(1255, 358)
image	intruze		(1259, 345)	(1304, 345)	(1304, 358)	(1259, 358)
image	NV		(1308, 345)	(1327, 345)	(1327, 358)	(1308, 358)
image	O		(1150, 375)	(1158, 375)	(1158, 388)	(1150, 388)
image	rudnina		(1167, 375)	(1217, 375)	(1217, 388)	(1167, 388)
image	?		(1217, 375)	(1224, 375)	(1224, 388)	(1217, 388)
image	BR		(1238, 375)	(1254, 375)	(1254, 388)	(1238, 388)
image	střed		(1258, 375)	(1290, 375)	(1290, 388)	(1258, 388)
image	.		(1292, 375)	(1296, 375)	(1296, 388)	(1292, 388)
image	/		(1295, 375)	(1302, 375)	(1302, 388)	(1295, 388)
image	ml		(1302, 375)	(1319, 375)	(1319, 388)	(1302, 388)
image	.		(1319, 375)	(1322, 375)	(1322, 388)	(1319, 388)
image	0		(1150, 409)	(1158, 409)	(1158, 419)	(1150, 419)
image	BR		(1238, 407)	(1254, 407)	(1254, 421)	(1238, 421)
image	střed		(1258, 407)	(1290, 407)	(1290, 421)	(1258, 421)
image	.		(1292, 407)	(1296, 407)	(1296, 421)	(1292, 421)
image	/		(1295, 407)	(1302, 407)	(1302, 421)	(1295, 421)
image	ml		(1302, 407)	(1318, 407)	(1318, 421)	(1302, 421)
image	.		(1319, 407)	(1322, 407)	(1322, 421)	(1319, 421)
image	O		(1150, 439)	(1158, 439)	(1158, 451)	(1150, 451)
image	rudnina		(1166, 439)	(1216, 439)	(1216, 451)	(1166, 451)
image	?		(1217, 439)	(1224, 439)	(1224, 451)	(1217, 451)
image	BR		(1238, 439)	(1254, 439)	(1254, 451)	(1238, 451)
image	střed		(1258, 439)	(1290, 439)	(1290, 451)	(1258, 451)
image	.		(1292, 439)	(1295, 439)	(1295, 451)	(1292, 451)
image	/		(1295, 439)	(1302, 439)	(1302, 451)	(1295, 451)
image	ml		(1302, 439)	(1319, 439)	(1319, 451)	(1302, 451)
image	.		(1319, 439)	(1322, 439)	(1322, 451)	(1319, 451)
image	BR		(1238, 470)	(1254, 470)	(1254, 483)	(1238, 483)
image	střed		(1258, 470)	(1289, 470)	(1289, 483)	(1258, 483)
image	.		(1292, 470)	(1296, 470)	(1296, 483)	(1292, 483)
image	/		(1294, 470)	(1301, 470)	(1301, 483)	(1294, 483)
image	ml		(1302, 470)	(1318, 470)	(1318, 483)	(1302, 483)
image	.		(1319, 470)	(1323, 470)	(1323, 483)	(1319, 483)
image	BR		(1238, 501)	(1254, 501)	(1254, 514)	(1238, 514)
image	střed		(1257, 501)	(1291, 501)	(1291, 514)	(1257, 514)
image	.		(1292, 501)	(1296, 501)	(1296, 514)	(1292, 514)
image	/		(1295, 501)	(1302, 501)	(1302, 514)	(1295, 514)
image	ml		(1302, 501)	(1319, 501)	(1319, 514)	(1302, 514)
image	.		(1319, 501)	(1323, 501)	(1323, 514)	(1319, 514)
image	BR		(1238, 533)	(1254, 533)	(1254, 547)	(1238, 547)
image	střed		(1258, 533)	(1290, 533)	(1290, 547)	(1258, 547)
image	.		(1292, 533)	(1296, 533)	(1296, 547)	(1292, 547)
image	/		(1295, 533)	(1302, 533)	(1302, 547)	(1295, 547)
image	ml		(1302, 533)	(1319, 533)	(1319, 547)	(1302, 547)
image	.		(1319, 533)	(1323, 533)	(1323, 547)	(1319, 547)
image	BR		(1238, 564)	(1254, 564)	(1254, 577)	(1238, 577)
image	střed		(1258, 564)	(1290, 564)	(1290, 577)	(1258, 577)
image	.		(1292, 564)	(1295, 564)	(1295, 577)	(1292, 577)
image	/		(1295, 564)	(1302, 564)	(1302, 577)	(1295, 577)
image	ml		(1302, 564)	(1318, 564)	(1318, 578)	(1302, 578)
image	.		(1319, 565)	(1322, 565)	(1322, 578)	(1319, 578)
image	BR		(1238, 596)	(1254, 596)	(1254, 610)	(1238, 610)
image	střed		(1258, 596)	(1289, 596)	(1289, 610)	(1258, 610)
image	.		(1292, 596)	(1296, 596)	(1296, 610)	(1292, 610)
image	/		(1295, 596)	(1302, 596)	(1302, 610)	(1295, 610)
image	ml		(1302, 596)	(1319, 596)	(1319, 610)	(1302, 610)
image	.		(1319, 596)	(1323, 596)	(1323, 610)	(1319, 610)
image	BR		(1238, 628)	(1254, 628)	(1254, 640)	(1238, 640)
image	střed		(1258, 628)	(1290, 628)	(1290, 640)	(1258, 640)
image	.		(1292, 628)	(1296, 628)	(1296, 640)	(1292, 640)
image	/		(1295, 628)	(1302, 628)	(1302, 640)	(1295, 640)
image	ml		(1302, 628)	(1318, 628)	(1318, 641)	(1302, 641)
image	.		(1319, 629)	(1322, 629)	(1322, 641)	(1319, 641)
image	BR		(1238, 658)	(1254, 658)	(1254, 671)	(1238, 671)
image	střed		(1258, 657)	(1290, 658)	(1290, 672)	(1258, 671)
image	.		(1292, 659)	(1296, 659)	(1296, 672)	(1292, 672)
image	/		(1295, 659)	(1302, 659)	(1302, 672)	(1295, 672)
image	ml		(1302, 659)	(1319, 659)	(1319, 672)	(1302, 672)
image	.		(1319, 659)	(1322, 659)	(1322, 672)	(1319, 672)
image	BR		(1238, 691)	(1253, 691)	(1253, 703)	(1238, 703)
image	střed		(1258, 691)	(1289, 691)	(1289, 703)	(1258, 703)
image	.		(1292, 691)	(1295, 691)	(1295, 703)	(1292, 703)
image	/		(1294, 691)	(1301, 691)	(1301, 703)	(1294, 703)
image	ml		(1302, 691)	(1318, 691)	(1318, 703)	(1302, 703)
image	.		(1319, 691)	(1322, 691)	(1322, 703)	(1319, 703)
image	BR		(1238, 723)	(1254, 723)	(1254, 735)	(1238, 735)
image	střed		(1258, 723)	(1291, 723)	(1291, 735)	(1258, 735)
image	.		(1292, 723)	(1296, 723)	(1296, 735)	(1292, 735)
image	/		(1295, 723)	(1302, 723)	(1302, 735)	(1295, 735)
image	ml		(1302, 723)	(1319, 723)	(1319, 735)	(1302, 735)
image	.		(1319, 723)	(1322, 723)	(1322, 735)	(1319, 735)
image	BR		(1238, 755)	(1253, 755)	(1253, 767)	(1238, 767)
image	střed		(1258, 755)	(1289, 755)	(1289, 767)	(1258, 767)
image	.		(1292, 755)	(1295, 755)	(1295, 767)	(1292, 767)
image	/		(1294, 755)	(1301, 755)	(1301, 767)	(1294, 767)
image	ml		(1302, 755)	(1318, 755)	(1318, 767)	(1302, 767)
image	.		(1319, 755)	(1322, 755)	(1322, 767)	(1319, 767)
image	BR		(1238, 786)	(1254, 786)	(1254, 798)	(1238, 798)
image	střed		(1258, 786)	(1291, 786)	(1291, 798)	(1258, 798)
image	.		(1292, 786)	(1296, 786)	(1296, 798)	(1292, 798)
image	/		(1295, 786)	(1302, 786)	(1302, 798)	(1295, 798)
image	ml		(1302, 786)	(1319, 786)	(1319, 798)	(1302, 798)
image	.		(1319, 786)	(1322, 786)	(1322, 798)	(1319, 798)
image	BR		(1238, 817)	(1253, 817)	(1253, 829)	(1238, 829)
image	střed		(1258, 817)	(1289, 817)	(1289, 829)	(1258, 829)
image	.		(1292, 817)	(1295, 817)	(1295, 829)	(1292, 829)
image	/		(1294, 817)	(1301, 817)	(1301, 829)	(1294, 829)
image	ml		(1302, 817)	(1318, 817)	(1318, 829)	(1302, 829)
image	.		(1319, 817)	(1322, 817)	(1322, 829)	(1319, 829)
image	0		(1150, 850)	(1158, 850)	(1158, 860)	(1150, 860)
image	BR		(1238, 848)	(1253, 848)	(1253, 862)	(1238, 862)
image	střed		(1257, 848)	(1289, 848)	(1289, 861)	(1257, 861)
image	.		(1291, 848)	(1295, 848)	(1295, 861)	(1291, 861)
image	/		(1294, 848)	(1301, 848)	(1301, 861)	(1294, 861)
image	ml		(1301, 847)	(1318, 847)	(1318, 861)	(1301, 861)
image	.		(1318, 847)	(1321, 847)	(1321, 860)	(1318, 860)
image	0		(1150, 879)	(1159, 879)	(1159, 894)	(1150, 894)
image	probar.hl		(1167, 878)	(1226, 879)	(1226, 895)	(1167, 894)
image	BR		(1238, 880)	(1255, 880)	(1255, 895)	(1238, 895)
image	střed		(1258, 880)	(1290, 880)	(1290, 895)	(1258, 895)
image	.		(1292, 880)	(1296, 880)	(1296, 895)	(1292, 895)
image	/		(1295, 880)	(1302, 880)	(1302, 895)	(1295, 895)
image	ml		(1302, 880)	(1317, 880)	(1317, 896)	(1302, 896)
image	.		(1319, 881)	(1323, 881)	(1323, 896)	(1319, 896)
image	0		(1150, 566)	(1158, 566)	(1158, 576)	(1150, 576)
image	0		(1150, 598)	(1158, 598)	(1158, 608)	(1150, 608)
image	0		(1150, 629)	(1159, 629)	(1159, 639)	(1150, 639)
image	0		(1150, 661)	(1159, 661)	(1159, 670)	(1150, 670)
image	0		(1150, 692)	(1158, 692)	(1158, 702)	(1150, 702)
image	0		(1150, 724)	(1159, 724)	(1159, 734)	(1150, 734)
image	0		(1150, 756)	(1159, 756)	(1159, 766)	(1150, 766)
image	0		(1150, 786)	(1159, 786)	(1159, 796)	(1150, 796)
image	0		(1150, 818)	(1158, 818)	(1158, 828)	(1150, 828)
image	0		(1150, 921)	(1158, 921)	(1158, 931)	(1150, 931)
image	0		(1150, 953)	(1159, 953)	(1159, 964)	(1150, 964)
image	0		(1150, 984)	(1158, 984)	(1158, 994)	(1150, 994)
image	jiné		(1184, 178)	(1210, 178)	(1210, 191)	(1184, 191)
image	0		(1150, 1016)	(1159, 1016)	(1159, 1027)	(1150, 1027)
image	DATACE		(1270, 178)	(1322, 178)	(1322, 189)	(1270, 189)
image	0		(1150, 1047)	(1158, 1047)	(1158, 1057)	(1150, 1057)
image	VS		(1237, 313)	(1254, 313)	(1254, 323)	(1237, 323)
image	-		(1253, 313)	(1258, 313)	(1258, 323)	(1253, 323)
image	NV		(1259, 313)	(1279, 313)	(1279, 323)	(1259, 323)
image	BR		(1238, 920)	(1254, 920)	(1254, 932)	(1238, 932)
image	střed		(1258, 920)	(1290, 920)	(1290, 932)	(1258, 932)
image	.		(1292, 920)	(1296, 920)	(1296, 932)	(1292, 932)
image	/		(1295, 920)	(1302, 920)	(1302, 932)	(1295, 932)
image	ml		(1302, 920)	(1318, 920)	(1318, 933)	(1302, 933)
image	.		(1319, 921)	(1322, 921)	(1322, 933)	(1319, 933)
image	BR		(1238, 950)	(1254, 950)	(1254, 963)	(1238, 963)
image	střed		(1258, 950)	(1290, 951)	(1290, 964)	(1258, 963)
image	.		(1293, 951)	(1297, 951)	(1297, 964)	(1293, 964)
image	/		(1296, 951)	(1303, 951)	(1303, 964)	(1296, 964)
image	ml		(1302, 951)	(1319, 952)	(1319, 965)	(1302, 965)
image	.		(1319, 952)	(1322, 952)	(1322, 965)	(1319, 965)
image	BR		(1238, 981)	(1254, 981)	(1254, 994)	(1238, 994)
image	střed		(1258, 981)	(1291, 982)	(1291, 995)	(1258, 994)
image	.		(1293, 982)	(1297, 982)	(1297, 995)	(1293, 995)
image	/		(1296, 982)	(1303, 982)	(1303, 995)	(1296, 995)
image	ml		(1302, 982)	(1319, 983)	(1319, 997)	(1302, 996)
image	.		(1319, 983)	(1322, 983)	(1322, 996)	(1319, 996)
image	BR		(1238, 1013)	(1255, 1014)	(1255, 1027)	(1238, 1026)
image	střed		(1258, 1013)	(1291, 1014)	(1291, 1027)	(1258, 1026)
image	.		(1292, 1014)	(1296, 1014)	(1296, 1027)	(1292, 1027)
image	/		(1295, 1014)	(1302, 1014)	(1302, 1027)	(1295, 1027)
image	ml		(1302, 1014)	(1319, 1015)	(1319, 1029)	(1302, 1028)
image	.		(1319, 1015)	(1323, 1015)	(1323, 1028)	(1319, 1028)
image	BR		(1238, 1044)	(1254, 1044)	(1254, 1057)	(1238, 1057)
image	střed		(1258, 1044)	(1291, 1045)	(1291, 1058)	(1258, 1057)
image	.		(1292, 1045)	(1296, 1045)	(1296, 1058)	(1292, 1058)
image	/		(1296, 1045)	(1303, 1045)	(1303, 1058)	(1296, 1058)
image	ml		(1302, 1045)	(1319, 1046)	(1319, 1060)	(1302, 1059)
image	.		(1319, 1046)	(1322, 1046)	(1322, 1059)	(1319, 1059)
image	poznámka		(1424, 177)	(1491, 177)	(1491, 191)	(1424, 191)
image	přetav.keramika		(1365, 408)	(1470, 406)	(1470, 419)	(1365, 421)
image	spál.mazanice		(1365, 660)	(1457, 660)	(1457, 673)	(1365, 673)
image	přetav.keramika		(1365, 816)	(1470, 815)	(1470, 829)	(1365, 830)
