IMAGE_NAME	DESCRIPTION	LANGUAGE	BBOX_1	BBOX_2	BBOX_3	BBOX_4
image	"B4
200,01
B3008
řez
B3004
B3001
B3002
B3003
B3009
B4C4
C4
C4
řez
1.65
200,01
B3006
C4C3
B3005
0
Plán č.:
10
B3001
B3002
B3003
Záchranný archeologický výzkum
Praha - Bubeneč, Juarézova ulice, ppč. 1254
Zkoumal: Archeo Pro o.p.s. sektor č.:
Měřil: M. Pařez
sonda č.: B3
Kreslil: L. Drápela
objekt č.:
Zpracoval: Archeo Pro o.p.s.
Poznámka:
C3
2
Výzkum č.:
27/12 AP
řez
Měřítko:
1:20
Datum:
06/2012
Souřadnicový systém: S-JTSK
Výškový systém: ČSJNS/Bpv"	cs	(88, 156)	(2325, 156)	(2325, 1631)	(88, 1631)
image	B4		(97, 308)	(136, 308)	(136, 330)	(97, 330)
image	200,01		(88, 334)	(122, 334)	(122, 344)	(88, 344)
image	B3008		(260, 609)	(298, 609)	(298, 619)	(260, 619)
image	řez		(629, 156)	(693, 159)	(692, 186)	(628, 183)
image	B3004		(653, 636)	(691, 636)	(691, 646)	(653, 646)
image	B3001		(701, 288)	(737, 288)	(737, 298)	(701, 298)
image	B3002		(701, 372)	(739, 371)	(739, 382)	(701, 383)
image	B3003		(704, 443)	(742, 444)	(742, 454)	(704, 453)
image	B3009		(705, 501)	(743, 501)	(743, 512)	(705, 512)
image	B4C4		(749, 156)	(857, 156)	(857, 184)	(749, 184)
image	C4		(1067, 890)	(1105, 891)	(1105, 914)	(1067, 913)
image	C4		(1280, 307)	(1317, 307)	(1317, 329)	(1280, 329)
image	řez		(1582, 740)	(1645, 741)	(1645, 767)	(1582, 766)
image	1.65		(1011, 817)	(2176, 719)	(2197, 968)	(1032, 1066)
image	200,01		(1049, 917)	(1084, 918)	(1084, 929)	(1049, 928)
image	B3006		(1304, 955)	(1341, 956)	(1341, 968)	(1304, 967)
image	C4C3		(1702, 738)	(1810, 738)	(1810, 768)	(1702, 768)
image	B3005		(1454, 1050)	(1492, 1051)	(1492, 1062)	(1454, 1061)
image	0		(1744, 1384)	(1757, 1384)	(1757, 1403)	(1744, 1403)
image	Plán		(1753, 1436)	(1776, 1437)	(1776, 1448)	(1753, 1447)
image	č		(1778, 1436)	(1785, 1436)	(1785, 1447)	(1778, 1447)
image	.:		(1783, 1436)	(1791, 1436)	(1791, 1447)	(1783, 1447)
image	10		(1775, 1457)	(1793, 1457)	(1793, 1468)	(1775, 1468)
image	B3001		(1823, 823)	(1860, 823)	(1860, 834)	(1823, 834)
image	B3002		(1823, 879)	(1860, 879)	(1860, 888)	(1823, 888)
image	B3003		(1822, 930)	(1860, 928)	(1861, 941)	(1823, 943)
image	Záchranný		(1816, 1437)	(1872, 1437)	(1872, 1451)	(1816, 1451)
image	archeologický		(1877, 1437)	(1946, 1437)	(1946, 1451)	(1877, 1451)
image	výzkum		(1949, 1437)	(1986, 1437)	(1986, 1451)	(1949, 1451)
image	Praha		(1817, 1456)	(1864, 1456)	(1864, 1475)	(1817, 1475)
image	-		(1868, 1456)	(1875, 1456)	(1875, 1475)	(1868, 1475)
image	Bubeneč		(1880, 1456)	(1950, 1456)	(1950, 1475)	(1880, 1475)
image	,		(1950, 1456)	(1954, 1456)	(1954, 1475)	(1950, 1475)
image	Juarézova		(1959, 1456)	(2041, 1456)	(2041, 1475)	(1959, 1475)
image	ulice		(2047, 1456)	(2082, 1456)	(2082, 1475)	(2047, 1475)
image	,		(2083, 1456)	(2086, 1456)	(2086, 1475)	(2083, 1475)
image	ppč		(2092, 1456)	(2120, 1456)	(2120, 1475)	(2092, 1475)
image	.		(2122, 1456)	(2126, 1456)	(2126, 1475)	(2122, 1475)
image	1254		(2131, 1456)	(2171, 1456)	(2171, 1475)	(2131, 1475)
image	Zkoumal		(1759, 1487)	(1803, 1487)	(1803, 1502)	(1759, 1502)
image	:		(1803, 1487)	(1807, 1487)	(1807, 1502)	(1803, 1502)
image	Archeo		(1812, 1487)	(1871, 1487)	(1871, 1502)	(1812, 1502)
image	Pro		(1878, 1487)	(1906, 1487)	(1906, 1503)	(1878, 1503)
image	o.p.s.		(1912, 1488)	(1959, 1488)	(1959, 1503)	(1912, 1503)
image	sektor		(1971, 1485)	(2004, 1485)	(2004, 1495)	(1971, 1495)
image	č		(2005, 1485)	(2011, 1485)	(2011, 1495)	(2005, 1495)
image	.:		(2011, 1485)	(2018, 1485)	(2018, 1495)	(2011, 1495)
image	Měřil		(1760, 1516)	(1785, 1516)	(1785, 1526)	(1760, 1526)
image	:		(1784, 1516)	(1788, 1516)	(1788, 1526)	(1784, 1526)
image	M.		(1806, 1514)	(1829, 1514)	(1829, 1525)	(1806, 1525)
image	Pařez		(1834, 1514)	(1878, 1514)	(1878, 1525)	(1834, 1525)
image	sonda		(1971, 1511)	(2002, 1511)	(2002, 1522)	(1971, 1522)
image	č		(2004, 1511)	(2010, 1511)	(2010, 1522)	(2004, 1522)
image	.:		(2011, 1511)	(2018, 1511)	(2018, 1522)	(2011, 1522)
image	B3		(2025, 1511)	(2045, 1511)	(2045, 1522)	(2025, 1522)
image	Kreslil		(1759, 1540)	(1792, 1540)	(1792, 1554)	(1759, 1554)
image	:		(1791, 1540)	(1796, 1540)	(1796, 1554)	(1791, 1554)
image	L.		(1807, 1540)	(1822, 1540)	(1822, 1554)	(1807, 1554)
image	Drápela		(1827, 1540)	(1890, 1540)	(1890, 1554)	(1827, 1554)
image	objekt		(1972, 1538)	(2003, 1538)	(2003, 1551)	(1972, 1551)
image	č		(2005, 1538)	(2011, 1538)	(2011, 1550)	(2005, 1550)
image	.:		(2010, 1538)	(2017, 1538)	(2017, 1550)	(2010, 1550)
image	Zpracoval		(1759, 1564)	(1810, 1565)	(1810, 1580)	(1759, 1579)
image	:		(1810, 1564)	(1814, 1564)	(1814, 1579)	(1810, 1579)
image	Archeo		(1813, 1564)	(1873, 1565)	(1873, 1581)	(1813, 1580)
image	Pro		(1878, 1565)	(1907, 1565)	(1907, 1580)	(1878, 1580)
image	o.p.s.		(1914, 1565)	(1961, 1565)	(1961, 1580)	(1914, 1580)
image	Poznámka		(1760, 1590)	(1814, 1591)	(1814, 1603)	(1760, 1602)
image	:		(1813, 1592)	(1817, 1592)	(1817, 1603)	(1813, 1603)
image	C3		(2247, 892)	(2284, 892)	(2284, 913)	(2247, 913)
image	2		(2310, 1384)	(2325, 1384)	(2325, 1402)	(2310, 1402)
image	Výzkum		(2205, 1437)	(2247, 1437)	(2247, 1449)	(2205, 1449)
image	č		(2248, 1437)	(2255, 1437)	(2255, 1449)	(2248, 1449)
image	.:		(2255, 1437)	(2262, 1437)	(2262, 1449)	(2255, 1449)
image	27/12		(2212, 1459)	(2276, 1459)	(2276, 1475)	(2212, 1475)
image	AP		(2285, 1459)	(2311, 1459)	(2311, 1475)	(2285, 1475)
image	řez		(2191, 1514)	(2215, 1514)	(2215, 1524)	(2191, 1524)
image	Měřítko		(2111, 1543)	(2150, 1543)	(2150, 1553)	(2111, 1553)
image	:		(2148, 1543)	(2152, 1543)	(2152, 1553)	(2148, 1553)
image	1:20		(2191, 1541)	(2226, 1541)	(2226, 1551)	(2191, 1551)
image	Datum		(2111, 1569)	(2143, 1569)	(2143, 1579)	(2111, 1579)
image	:		(2144, 1569)	(2148, 1569)	(2148, 1579)	(2144, 1579)
image	06/2012		(2187, 1564)	(2254, 1565)	(2254, 1578)	(2187, 1577)
image	Souřadnicový		(2111, 1591)	(2180, 1590)	(2180, 1605)	(2111, 1606)
image	systém		(2182, 1590)	(2216, 1589)	(2216, 1603)	(2182, 1604)
image	:		(2217, 1590)	(2221, 1590)	(2221, 1604)	(2217, 1604)
image	S		(2235, 1590)	(2245, 1590)	(2245, 1604)	(2235, 1604)
image	-		(2246, 1589)	(2252, 1589)	(2252, 1603)	(2246, 1603)
image	JTSK		(2251, 1589)	(2288, 1588)	(2288, 1602)	(2251, 1603)
image	Výškový		(2111, 1617)	(2153, 1617)	(2153, 1628)	(2111, 1628)
image	systém		(2157, 1617)	(2191, 1617)	(2191, 1628)	(2157, 1628)
image	:		(2192, 1617)	(2195, 1617)	(2195, 1628)	(2192, 1628)
image	ČSJNS		(2217, 1615)	(2265, 1616)	(2265, 1631)	(2217, 1630)
image	/		(2265, 1615)	(2272, 1615)	(2272, 1630)	(2265, 1630)
image	Bpv		(2270, 1615)	(2297, 1615)	(2297, 1630)	(2270, 1630)
