IMAGE_NAME	DESCRIPTION	LANGUAGE	BBOX_1	BBOX_2	BBOX_3	BBOX_4
image	"201,00
200,00
199,00
198,00
197.00
£
0
ma
S03-01
S03-02
V06
S03-04
S03-05
0
S03-06
S03-11
S03-12
D
ma.
X
S03-RJ
D
ma.
0
2015/21
Sonda
Měřil, kreslil:
Digitalizoval:
Vedoucí výzkumu:
1,6 m
obrazová příloha č. 16
201,00
200,00
199,00
198,00
197,00
Národní památkový ústav - územní odborné pracoviště v hl. m. Praze
PRAHA 2 - NOVÉ MĚSTO
Albertov 3a, ppč. 1556, 1557
S03 Řez:
Měřítko:
E. Ditmar, J Švach
E. Ditmar Datum:
PhDr. J. Podliska, Ph.D. Výškový systém:
S03-RV
1:20
14.8.2015
ČSJNS/Bpv"	cs	(79, 38)	(1154, 38)	(1154, 1623)	(79, 1623)
image	201,00		(79, 206)	(127, 206)	(127, 219)	(79, 219)
image	200,00		(81, 490)	(130, 489)	(130, 502)	(81, 503)
image	199,00		(82, 773)	(130, 773)	(130, 786)	(82, 786)
image	198,00		(82, 1057)	(130, 1057)	(130, 1069)	(82, 1069)
image	197.00		(81, 1339)	(129, 1339)	(129, 1352)	(81, 1352)
image	£		(361, 49)	(377, 49)	(377, 91)	(361, 91)
image	0		(365, 1378)	(375, 1378)	(375, 1389)	(365, 1389)
image	ma		(533, 619)	(549, 619)	(549, 625)	(533, 625)
image	S03-01		(580, 295)	(617, 295)	(617, 305)	(580, 305)
image	S03-02		(581, 374)	(620, 376)	(619, 390)	(580, 388)
image	V06		(581, 409)	(616, 410)	(616, 427)	(581, 426)
image	S03-04		(581, 660)	(619, 660)	(619, 669)	(581, 669)
image	S03-05		(580, 809)	(619, 809)	(619, 818)	(580, 818)
image	0		(592, 914)	(593, 932)	(574, 933)	(573, 915)
image	S03-06		(581, 953)	(619, 955)	(618, 967)	(580, 965)
image	S03-11		(580, 1106)	(617, 1107)	(617, 1117)	(580, 1116)
image	S03-12		(580, 1290)	(620, 1290)	(620, 1299)	(580, 1299)
image	D		(625, 765)	(625, 748)	(637, 748)	(637, 765)
image	ma		(636, 898)	(652, 898)	(652, 904)	(636, 904)
image	.		(652, 898)	(656, 898)	(656, 904)	(652, 904)
image	X		(667, 1131)	(677, 1132)	(677, 1140)	(667, 1139)
image	S03		(696, 49)	(729, 54)	(726, 74)	(693, 70)
image	-		(723, 53)	(734, 55)	(731, 74)	(720, 73)
image	RJ		(728, 54)	(753, 58)	(750, 77)	(725, 74)
image	D		(687, 683)	(707, 684)	(706, 707)	(686, 706)
image	ma		(694, 795)	(711, 796)	(711, 806)	(694, 805)
image	.		(710, 795)	(714, 795)	(714, 805)	(710, 805)
image	0		(688, 1006)	(701, 1007)	(700, 1022)	(687, 1021)
image	2015/21		(649, 1496)	(735, 1496)	(735, 1513)	(649, 1513)
image	Sonda		(649, 1538)	(711, 1539)	(711, 1555)	(649, 1554)
image	Měřil		(645, 1565)	(673, 1565)	(673, 1575)	(645, 1575)
image	,		(673, 1565)	(676, 1565)	(676, 1575)	(673, 1575)
image	kreslil		(679, 1565)	(710, 1565)	(710, 1575)	(679, 1575)
image	:		(709, 1565)	(713, 1565)	(713, 1575)	(709, 1575)
image	Digitalizoval		(646, 1586)	(711, 1587)	(711, 1599)	(646, 1598)
image	:		(710, 1587)	(714, 1587)	(714, 1598)	(710, 1598)
image	Vedoucí		(646, 1608)	(691, 1609)	(691, 1620)	(646, 1619)
image	výzkumu		(693, 1609)	(740, 1610)	(740, 1621)	(693, 1620)
image	:		(741, 1610)	(745, 1610)	(745, 1620)	(741, 1620)
image	1,6		(809, 1378)	(829, 1378)	(829, 1389)	(809, 1389)
image	m		(834, 1378)	(848, 1378)	(848, 1389)	(834, 1389)
image	obrazová		(1030, 40)	(1080, 39)	(1080, 51)	(1030, 52)
image	příloha		(1082, 39)	(1119, 38)	(1119, 50)	(1082, 51)
image	č		(1122, 39)	(1128, 39)	(1128, 50)	(1122, 50)
image	.		(1128, 39)	(1131, 39)	(1131, 50)	(1128, 50)
image	16		(1137, 39)	(1154, 39)	(1154, 50)	(1137, 50)
image	201,00		(1067, 206)	(1116, 205)	(1116, 217)	(1067, 218)
image	200,00		(1069, 489)	(1116, 488)	(1116, 501)	(1069, 502)
image	199,00		(1070, 771)	(1117, 772)	(1117, 785)	(1070, 784)
image	198,00		(1070, 1055)	(1118, 1056)	(1118, 1070)	(1070, 1069)
image	197,00		(1070, 1338)	(1117, 1339)	(1117, 1353)	(1070, 1352)
image	Národní		(758, 1484)	(801, 1484)	(801, 1495)	(758, 1495)
image	památkový		(804, 1484)	(862, 1484)	(862, 1495)	(804, 1495)
image	ústav		(865, 1484)	(894, 1484)	(894, 1495)	(865, 1495)
image	-		(897, 1484)	(901, 1484)	(901, 1495)	(897, 1495)
image	územní		(905, 1484)	(944, 1484)	(944, 1495)	(905, 1495)
image	odborné		(947, 1484)	(991, 1484)	(991, 1495)	(947, 1495)
image	pracoviště		(995, 1484)	(1049, 1484)	(1049, 1495)	(995, 1495)
image	v		(1053, 1484)	(1059, 1484)	(1059, 1495)	(1053, 1495)
image	hl		(1062, 1484)	(1072, 1484)	(1072, 1495)	(1062, 1495)
image	.		(1072, 1484)	(1074, 1484)	(1074, 1495)	(1072, 1495)
image	m		(1078, 1484)	(1087, 1484)	(1087, 1495)	(1078, 1495)
image	.		(1089, 1484)	(1091, 1484)	(1091, 1495)	(1089, 1495)
image	Praze		(1095, 1484)	(1127, 1484)	(1127, 1495)	(1095, 1495)
image	PRAHA		(859, 1499)	(906, 1499)	(906, 1512)	(859, 1512)
image	2		(909, 1499)	(917, 1499)	(917, 1511)	(909, 1511)
image	-		(920, 1499)	(926, 1499)	(926, 1511)	(920, 1511)
image	NOVÉ		(930, 1499)	(969, 1499)	(969, 1511)	(930, 1511)
image	MĚSTO		(973, 1498)	(1022, 1498)	(1022, 1511)	(973, 1511)
image	Albertov		(851, 1516)	(903, 1516)	(903, 1529)	(851, 1529)
image	3a		(907, 1516)	(922, 1516)	(922, 1529)	(907, 1529)
image	,		(923, 1516)	(926, 1516)	(926, 1529)	(923, 1529)
image	ppč		(931, 1516)	(953, 1516)	(953, 1529)	(931, 1529)
image	.		(954, 1516)	(957, 1516)	(957, 1529)	(954, 1529)
image	1556		(962, 1516)	(991, 1516)	(991, 1529)	(962, 1529)
image	,		(992, 1516)	(995, 1516)	(995, 1529)	(992, 1529)
image	1557		(1001, 1516)	(1030, 1516)	(1030, 1529)	(1001, 1529)
image	S03		(906, 1537)	(940, 1536)	(941, 1555)	(907, 1556)
image	Řez		(955, 1536)	(990, 1535)	(991, 1553)	(956, 1554)
image	:		(992, 1534)	(998, 1534)	(999, 1552)	(993, 1552)
image	Měřítko		(956, 1565)	(996, 1565)	(996, 1574)	(956, 1574)
image	:		(996, 1565)	(1000, 1565)	(1000, 1574)	(996, 1574)
image	E.		(839, 1564)	(850, 1564)	(850, 1576)	(839, 1576)
image	Ditmar		(853, 1564)	(888, 1564)	(888, 1575)	(853, 1575)
image	,		(888, 1564)	(891, 1564)	(891, 1575)	(888, 1575)
image	J		(894, 1564)	(900, 1564)	(900, 1575)	(894, 1575)
image	Švach		(905, 1564)	(937, 1564)	(937, 1575)	(905, 1575)
image	E.		(890, 1588)	(902, 1588)	(902, 1597)	(890, 1597)
image	Ditmar		(905, 1588)	(941, 1588)	(941, 1597)	(905, 1597)
image	Datum		(956, 1589)	(990, 1589)	(990, 1598)	(956, 1598)
image	:		(991, 1589)	(995, 1589)	(995, 1598)	(991, 1598)
image	PhDr		(814, 1610)	(842, 1610)	(842, 1620)	(814, 1620)
image	.		(841, 1610)	(844, 1610)	(844, 1620)	(841, 1620)
image	J.		(847, 1610)	(857, 1610)	(857, 1620)	(847, 1620)
image	Podliska		(860, 1610)	(905, 1610)	(905, 1620)	(860, 1620)
image	,		(906, 1610)	(909, 1610)	(909, 1620)	(906, 1620)
image	Ph.D.		(912, 1610)	(942, 1610)	(942, 1620)	(912, 1620)
image	Výškový		(957, 1610)	(1001, 1610)	(1001, 1622)	(957, 1622)
image	systém		(1004, 1610)	(1041, 1610)	(1041, 1621)	(1004, 1621)
image	:		(1042, 1610)	(1046, 1610)	(1046, 1621)	(1042, 1621)
image	S03		(1060, 1539)	(1094, 1539)	(1094, 1554)	(1060, 1554)
image	-		(1095, 1539)	(1102, 1539)	(1102, 1554)	(1095, 1554)
image	RV		(1101, 1539)	(1129, 1539)	(1129, 1554)	(1101, 1554)
image	1:20		(1106, 1566)	(1130, 1566)	(1130, 1575)	(1106, 1575)
image	14.8.2015		(1078, 1588)	(1132, 1589)	(1132, 1598)	(1078, 1597)
image	ČSJNS		(1067, 1608)	(1105, 1609)	(1105, 1621)	(1067, 1620)
image	/		(1105, 1610)	(1110, 1610)	(1110, 1621)	(1105, 1621)
image	Bpv		(1109, 1610)	(1130, 1611)	(1130, 1622)	(1109, 1621)
