IMAGE_NAME	DESCRIPTION	LANGUAGE	BBOX_1	BBOX_2	BBOX_3	BBOX_4
image	"Čáslav - Skála 2003
poč| KONTEXT ČÁST VRSTV
328 sekt.2321 J
329 sekt.2400
330 sekt.2400 halda
331 sekt.2402
332 sekt.2402
333 sekt.2404
334 sekt.2404
335 sekt.2404
336 sekt.2406
337 sekt.2406
338 sekt.2406
339 sekt.2406
340 sekt.2406
341 sekt.2416
342 sekt.2416
343 sekt.2416
344 sekt.2416
345 sekt.2416
346 sekt.2416
347 sekt.2416
348 sekt.2416
349 sekt.2416
350 sekt.2416
351 sekt.2416
352 2466
353 2466
354 2466
J
PŘIR_Č
A
15-30 327/03
328/03
329/03
0-20 330/03
30-40 331/03
0-20 332/03
0-20 333/03
10-20 334/03
0-20 335/03
0-20
336/03
20-40 337/03
20-40 338/03
40-50 339/03
0-10 340/03
0-20 341/03
0-20 342/03
0-20 343/03
0-20 344/03
0-20 345/03
0-20 346/03
20-40 347/03
20-40 348/03
40-60 349/03
60-70 350/03
povrch 351/03
povrch 352/03
0-5 353/03
K_ATY K ZDK_PR K_N K_SU BI
P
OB OF AD
ΜΑ
2
0
0
1
0
1
0
2
52
23
110
13
29
70
6
44
27
6
27
28
29
0
30
27
16
33
30
19
13
68
1
6
53
1
0
4
0
1
2
3
0
0
3
OON OOO
0
1 11
0
6
0
0
2
3
0
7 0
0
základní zpracování
0
1
6
0
2
13
1
6
15
0
4
7
3
3
1
5
0 7
3
2
1
2
4
0
0
8
0
3
0
0
0
0
0
0
0
0
0
0
0
0
0
1
0
0
0
0
0
0
0
0
0
C
0
4
59
26
129
15
35
89
6
1
35
34
26
17
3
7
76
0
56
33
10
35
33
35 0
2
0
56
0
OOOOOOOOO
0
0
0
0
0
0
0
0
18 0
34
34
0
Oo o
0
0
0
0
0
0
0
0
DOO OC
0
0
0
0
ŠI mlýn BR
0
0
0
0
0
0
0
0
0
0
0
0
0
0
0
0
0
0
0
0
0
0
0
0
0
0
0
0
oooooo
0
0
0
0
0
0
0
0
0
0
0
0
0
0
0
0
0
0
0
0
0
0
0
0
0
0
0
0
0
0
0
0
0
0
0
0
0
0
OOO O
0
0
0
0
0
0
0
0
0
0
0
KA ΜΑ KO
58
0
0
0 60
15
2 165
34
27
65
0
1
0
6
0
3
0
0
2
0
3
3
0
2
1
1
3
0
1
0
0
0
0
0
0
80
35
102
17
5
40
0
108
35
13
8
105
72
15
8
2
0
0
260
8
30
20
2
31
20
0
12
8
0
5
5
5
12
4
12
2
62
0
0
0
U
15 ano
0
ne
7
ne
ne
ne
ne
ne
ne
ne
5
12 290 ne
ne
ne
ne
ne
ano
ne
ne
ne
ne
ne
ne
ne
ne
ne
ne
ne
ano
KI
0
0
0
0
0
0
0
0
0
0
0
0
0
0
0
0
0
0
0
0
0
0
0
0
0
0
0
Dto bron
z
0
0
0
0
0
0
0
0
0
1
0
0
0
0
0
0
0
0
0
0
0
0
0
0
0
0
0
0
0
0
0
0
1
0
0
0
0
0
0
0
0
0
0
0
0
0
0
0
0
0
0 0
0
0
Fe
0
0
0
0
0
0
0
0
0
0
0
OOO O O O O O O O O O
0
0
0
0
0
0
0
0
0
0
0
0
0
0
0
0
Str
0
0
0
0
0
0
0
0
0
0
0
0
0
0
0
0
0
BR střed./ml
BR střed./ml.
BR střed./ml.
BR střed./ml.
BR střed./ml.
BR střed./ml.
BR střed./ml.
BR,int.neolitu?
0
O rudnina? BR střed./ml.
0 surovina
BR střed./ml.
0
BR střed./ml.
BR střed./ml.
BR střed./ml.
BR střed./ml
0
0
0
0
0
jiné
0
DATACE
BR střed./ml.
BR střed./ml.
BR střed./ml.
BR střed./ml.
BR střed./ml.
BR střed./ml.
BR střed./ml.
BR střed./ml.
BR střed./ml.
BR střed./ml.
BR střed./ml.
BR střed./ml.
BR střed./ml
nožka
poznámka
miska na nožce
přetav.keramika
přetav.keramika"	und	(57, 73)	(1491, 73)	(1491, 1167)	(57, 1167)
image	Čáslav		(57, 73)	(113, 74)	(113, 92)	(57, 91)
image	-		(117, 74)	(128, 74)	(128, 91)	(117, 91)
image	Skála		(134, 74)	(180, 75)	(180, 93)	(134, 92)
image	2003		(185, 75)	(230, 76)	(230, 94)	(185, 93)
image	poč		(61, 177)	(85, 177)	(85, 191)	(61, 191)
image	|		(85, 177)	(91, 177)	(91, 190)	(85, 190)
image	KONTEXT		(98, 177)	(161, 177)	(161, 190)	(98, 190)
image	ČÁST		(182, 175)	(215, 175)	(215, 189)	(182, 189)
image	VRSTV		(233, 178)	(276, 178)	(276, 189)	(233, 189)
image	328		(62, 219)	(86, 219)	(86, 230)	(62, 230)
image	sekt.2321		(94, 219)	(156, 219)	(156, 230)	(94, 230)
image	J		(172, 220)	(180, 220)	(180, 231)	(172, 231)
image	329		(62, 250)	(85, 250)	(85, 262)	(62, 262)
image	sekt.2400		(94, 250)	(157, 251)	(157, 263)	(94, 262)
image	330		(61, 281)	(86, 281)	(86, 294)	(61, 294)
image	sekt.2400		(93, 281)	(156, 280)	(156, 293)	(93, 294)
image	halda		(174, 281)	(211, 282)	(211, 294)	(174, 293)
image	331		(62, 312)	(86, 312)	(86, 323)	(62, 323)
image	sekt.2402		(94, 312)	(157, 312)	(157, 323)	(94, 323)
image	332		(62, 344)	(87, 344)	(87, 355)	(62, 355)
image	sekt.2402		(94, 344)	(157, 344)	(157, 355)	(94, 355)
image	333		(62, 375)	(85, 375)	(85, 387)	(62, 387)
image	sekt.2404		(93, 375)	(157, 374)	(157, 385)	(93, 386)
image	334		(62, 408)	(87, 408)	(87, 420)	(62, 420)
image	sekt.2404		(94, 408)	(157, 408)	(157, 420)	(94, 420)
image	335		(62, 439)	(86, 439)	(86, 450)	(62, 450)
image	sekt.2404		(94, 439)	(157, 439)	(157, 450)	(94, 450)
image	336		(62, 471)	(85, 471)	(85, 483)	(62, 483)
image	sekt.2406		(94, 471)	(157, 471)	(157, 483)	(94, 483)
image	337		(62, 502)	(85, 502)	(85, 514)	(62, 514)
image	sekt.2406		(94, 502)	(157, 502)	(157, 514)	(94, 514)
image	338		(62, 532)	(86, 532)	(86, 545)	(62, 545)
image	sekt.2406		(93, 532)	(157, 531)	(157, 543)	(93, 544)
image	339		(62, 564)	(86, 564)	(86, 576)	(62, 576)
image	sekt.2406		(94, 564)	(158, 564)	(158, 576)	(94, 576)
image	340		(62, 596)	(86, 596)	(86, 608)	(62, 608)
image	sekt.2406		(94, 596)	(158, 596)	(158, 608)	(94, 608)
image	341		(62, 628)	(86, 628)	(86, 640)	(62, 640)
image	sekt.2416		(94, 628)	(158, 628)	(158, 640)	(94, 640)
image	342		(62, 659)	(86, 659)	(86, 671)	(62, 671)
image	sekt.2416		(94, 659)	(158, 659)	(158, 671)	(94, 671)
image	343		(62, 691)	(86, 691)	(86, 702)	(62, 702)
image	sekt.2416		(94, 691)	(157, 691)	(157, 702)	(94, 702)
image	344		(62, 721)	(86, 721)	(86, 734)	(62, 734)
image	sekt.2416		(94, 721)	(157, 722)	(157, 735)	(94, 734)
image	345		(62, 755)	(85, 755)	(85, 767)	(62, 767)
image	sekt.2416		(94, 755)	(156, 755)	(156, 767)	(94, 767)
image	346		(62, 786)	(85, 786)	(85, 798)	(62, 798)
image	sekt.2416		(94, 786)	(156, 786)	(156, 798)	(94, 798)
image	347		(62, 817)	(86, 817)	(86, 829)	(62, 829)
image	sekt.2416		(94, 817)	(158, 817)	(158, 829)	(94, 829)
image	348		(62, 849)	(86, 849)	(86, 861)	(62, 861)
image	sekt.2416		(94, 849)	(158, 849)	(158, 861)	(94, 861)
image	349		(62, 881)	(85, 881)	(85, 893)	(62, 893)
image	sekt.2416		(94, 881)	(157, 881)	(157, 893)	(94, 893)
image	350		(62, 911)	(86, 911)	(86, 923)	(62, 923)
image	sekt.2416		(94, 911)	(158, 911)	(158, 923)	(94, 923)
image	351		(62, 943)	(86, 943)	(86, 954)	(62, 954)
image	sekt.2416		(94, 943)	(157, 943)	(157, 954)	(94, 954)
image	352		(62, 975)	(85, 975)	(85, 986)	(62, 986)
image	2466		(94, 975)	(126, 975)	(126, 986)	(94, 986)
image	353		(62, 1007)	(85, 1007)	(85, 1018)	(62, 1018)
image	2466		(93, 1007)	(127, 1007)	(127, 1018)	(93, 1018)
image	354		(62, 1038)	(85, 1038)	(85, 1049)	(62, 1049)
image	2466		(93, 1038)	(127, 1038)	(127, 1049)	(93, 1049)
image	J		(172, 1038)	(180, 1038)	(180, 1049)	(172, 1049)
image	PŘIR_Č		(303, 174)	(349, 175)	(349, 191)	(303, 190)
image	A		(249, 198)	(261, 198)	(261, 209)	(249, 209)
image	15-30		(231, 217)	(275, 217)	(275, 231)	(231, 231)
image	327/03		(286, 217)	(334, 217)	(334, 230)	(286, 230)
image	328/03		(287, 250)	(335, 250)	(335, 262)	(287, 262)
image	329/03		(287, 281)	(334, 280)	(334, 295)	(287, 296)
image	0-20		(230, 314)	(268, 314)	(268, 324)	(230, 324)
image	330/03		(287, 313)	(334, 313)	(334, 326)	(287, 326)
image	30-40		(231, 344)	(276, 344)	(276, 356)	(231, 356)
image	331/03		(287, 344)	(334, 344)	(334, 356)	(287, 356)
image	0-20		(230, 376)	(268, 376)	(268, 386)	(230, 386)
image	332/03		(287, 376)	(335, 376)	(335, 388)	(287, 388)
image	0-20		(230, 409)	(268, 409)	(268, 419)	(230, 419)
image	333/03		(287, 408)	(335, 408)	(335, 421)	(287, 421)
image	10-20		(231, 439)	(274, 439)	(274, 451)	(231, 451)
image	334/03		(287, 439)	(335, 439)	(335, 451)	(287, 451)
image	0-20		(230, 471)	(267, 471)	(267, 481)	(230, 481)
image	335/03		(287, 471)	(334, 471)	(334, 483)	(287, 483)
image	0-20		(230, 502)	(267, 501)	(267, 513)	(230, 514)
image	336/03		(288, 501)	(335, 502)	(335, 515)	(288, 514)
image	20-40		(231, 533)	(276, 533)	(276, 545)	(231, 545)
image	337/03		(287, 533)	(334, 533)	(334, 545)	(287, 545)
image	20-40		(231, 564)	(276, 564)	(276, 576)	(231, 576)
image	338/03		(287, 564)	(335, 564)	(335, 576)	(287, 576)
image	40-50		(231, 596)	(275, 596)	(275, 608)	(231, 608)
image	339/03		(288, 596)	(335, 596)	(335, 608)	(288, 608)
image	0-10		(231, 629)	(268, 629)	(268, 640)	(231, 640)
image	340/03		(287, 630)	(334, 630)	(334, 642)	(287, 642)
image	0-20		(230, 660)	(268, 660)	(268, 671)	(230, 671)
image	341/03		(287, 660)	(334, 660)	(334, 672)	(287, 672)
image	0-20		(230, 691)	(268, 691)	(268, 701)	(230, 701)
image	342/03		(287, 691)	(334, 691)	(334, 703)	(287, 703)
image	0-20		(230, 723)	(268, 723)	(268, 733)	(230, 733)
image	343/03		(287, 723)	(335, 723)	(335, 736)	(287, 736)
image	0-20		(230, 755)	(268, 755)	(268, 765)	(230, 765)
image	344/03		(287, 755)	(334, 755)	(334, 767)	(287, 767)
image	0-20		(230, 786)	(268, 786)	(268, 796)	(230, 796)
image	345/03		(287, 786)	(334, 786)	(334, 798)	(287, 798)
image	0-20		(230, 817)	(268, 817)	(268, 828)	(230, 828)
image	346/03		(287, 817)	(335, 817)	(335, 830)	(287, 830)
image	20-40		(231, 850)	(275, 851)	(275, 862)	(231, 861)
image	347/03		(287, 849)	(335, 849)	(335, 861)	(287, 861)
image	20-40		(231, 880)	(276, 880)	(276, 892)	(231, 892)
image	348/03		(287, 880)	(335, 880)	(335, 892)	(287, 892)
image	40-60		(231, 911)	(276, 912)	(276, 924)	(231, 923)
image	349/03		(288, 911)	(334, 912)	(334, 925)	(288, 924)
image	60-70		(231, 942)	(275, 942)	(275, 955)	(231, 955)
image	350/03		(288, 942)	(335, 942)	(335, 955)	(288, 955)
image	povrch		(231, 975)	(276, 975)	(276, 988)	(231, 988)
image	351/03		(287, 975)	(334, 975)	(334, 988)	(287, 988)
image	povrch		(231, 1005)	(274, 1005)	(274, 1020)	(231, 1020)
image	352/03		(286, 1005)	(334, 1005)	(334, 1019)	(286, 1019)
image	0-5		(230, 1038)	(259, 1038)	(259, 1048)	(230, 1048)
image	353/03		(287, 1036)	(334, 1037)	(334, 1050)	(287, 1049)
image	K_ATY		(376, 178)	(419, 178)	(419, 191)	(376, 191)
image	K		(429, 178)	(439, 178)	(439, 191)	(429, 191)
image	ZDK_PR		(445, 178)	(506, 178)	(506, 191)	(445, 191)
image	K_N		(518, 178)	(545, 178)	(545, 191)	(518, 191)
image	K_SU		(563, 178)	(598, 178)	(598, 191)	(563, 191)
image	BI		(623, 178)	(638, 178)	(638, 190)	(623, 190)
image	P		(392, 199)	(402, 199)	(402, 209)	(392, 209)
image	OB		(437, 198)	(457, 198)	(457, 209)	(437, 209)
image	OF		(480, 198)	(498, 198)	(498, 209)	(480, 209)
image	AD		(521, 197)	(541, 197)	(541, 208)	(521, 208)
image	ΜΑ		(568, 196)	(591, 196)	(591, 211)	(568, 211)
image	2		(454, 219)	(465, 219)	(465, 230)	(454, 230)
image	0		(498, 220)	(506, 220)	(506, 230)	(498, 230)
image	0		(540, 219)	(549, 219)	(549, 230)	(540, 230)
image	1		(455, 250)	(464, 250)	(464, 262)	(455, 262)
image	0		(540, 251)	(549, 251)	(549, 262)	(540, 262)
image	1		(456, 282)	(464, 282)	(464, 293)	(456, 293)
image	0		(540, 282)	(549, 282)	(549, 293)	(540, 293)
image	2		(412, 219)	(422, 219)	(422, 230)	(412, 230)
image	52		(405, 250)	(420, 250)	(420, 262)	(405, 262)
image	23		(404, 282)	(421, 282)	(421, 293)	(404, 293)
image	110		(397, 313)	(421, 313)	(421, 324)	(397, 324)
image	13		(405, 345)	(421, 345)	(421, 356)	(405, 356)
image	29		(405, 377)	(420, 377)	(420, 387)	(405, 387)
image	70		(405, 409)	(420, 409)	(420, 419)	(405, 419)
image	6		(413, 439)	(422, 439)	(422, 449)	(413, 449)
image	44		(405, 471)	(420, 471)	(420, 481)	(405, 481)
image	27		(404, 502)	(420, 502)	(420, 513)	(404, 513)
image	6		(413, 534)	(422, 534)	(422, 544)	(413, 544)
image	27		(405, 566)	(420, 566)	(420, 576)	(405, 576)
image	28		(405, 597)	(421, 597)	(421, 607)	(405, 607)
image	29		(405, 629)	(420, 629)	(420, 640)	(405, 640)
image	0		(412, 660)	(421, 660)	(421, 671)	(412, 671)
image	30		(405, 692)	(421, 692)	(421, 702)	(405, 702)
image	27		(405, 724)	(420, 724)	(420, 734)	(405, 734)
image	16		(405, 755)	(420, 755)	(420, 766)	(405, 766)
image	33		(405, 786)	(421, 786)	(421, 797)	(405, 797)
image	30		(405, 818)	(422, 818)	(422, 828)	(405, 828)
image	19		(405, 850)	(421, 850)	(421, 861)	(405, 861)
image	13		(405, 881)	(422, 881)	(422, 893)	(405, 893)
image	68		(405, 975)	(421, 975)	(421, 986)	(405, 986)
image	1		(413, 1007)	(423, 1007)	(423, 1018)	(413, 1018)
image	6		(455, 314)	(463, 314)	(463, 324)	(455, 324)
image	53		(405, 1038)	(421, 1038)	(421, 1048)	(405, 1048)
image	1		(456, 345)	(464, 345)	(464, 355)	(456, 355)
image	0		(455, 377)	(464, 377)	(464, 387)	(455, 387)
image	4		(455, 409)	(463, 409)	(463, 419)	(455, 419)
image	0		(455, 440)	(464, 440)	(464, 450)	(455, 450)
image	1		(456, 565)	(464, 565)	(464, 575)	(456, 575)
image	2		(455, 598)	(464, 598)	(464, 608)	(455, 608)
image	3		(455, 629)	(464, 629)	(464, 640)	(455, 640)
image	0		(455, 660)	(464, 660)	(464, 671)	(455, 671)
image	0		(455, 692)	(464, 692)	(464, 702)	(455, 702)
image	3		(455, 723)	(464, 723)	(464, 734)	(455, 734)
image	OON		(452, 752)	(461, 752)	(461, 827)	(452, 827)
image	OOO		(452, 846)	(461, 846)	(461, 922)	(452, 922)
image	0		(455, 756)	(464, 756)	(464, 766)	(455, 766)
image	1		(455, 471)	(464, 471)	(464, 482)	(455, 482)
image	11		(490, 471)	(506, 471)	(506, 481)	(490, 481)
image	0		(455, 502)	(464, 502)	(464, 514)	(455, 514)
image	6		(498, 502)	(507, 502)	(507, 513)	(498, 513)
image	0		(455, 534)	(463, 534)	(463, 545)	(455, 545)
image	0		(455, 787)	(464, 787)	(464, 797)	(455, 797)
image	2		(455, 818)	(465, 818)	(465, 828)	(455, 828)
image	3		(412, 911)	(423, 911)	(423, 923)	(412, 923)
image	0		(455, 913)	(464, 913)	(464, 924)	(455, 924)
image	7		(412, 943)	(422, 943)	(422, 954)	(412, 954)
image	0		(455, 943)	(464, 943)	(464, 953)	(455, 953)
image	0		(455, 881)	(464, 881)	(464, 892)	(455, 892)
image	základní		(470, 74)	(545, 75)	(545, 94)	(470, 93)
image	zpracování		(548, 75)	(646, 76)	(646, 95)	(548, 94)
image	0		(455, 976)	(463, 976)	(463, 987)	(455, 987)
image	1		(456, 1007)	(464, 1007)	(464, 1017)	(456, 1017)
image	6		(498, 250)	(507, 250)	(507, 261)	(498, 261)
image	0		(455, 1039)	(464, 1039)	(464, 1050)	(455, 1050)
image	2		(497, 282)	(506, 282)	(506, 292)	(497, 292)
image	13		(490, 314)	(505, 314)	(505, 325)	(490, 325)
image	1		(498, 345)	(505, 345)	(505, 355)	(498, 355)
image	6		(498, 377)	(506, 377)	(506, 387)	(498, 387)
image	15		(490, 409)	(505, 409)	(505, 419)	(490, 419)
image	0		(497, 440)	(506, 440)	(506, 450)	(497, 450)
image	4		(497, 535)	(505, 535)	(505, 545)	(497, 545)
image	7		(498, 565)	(507, 565)	(507, 576)	(498, 576)
image	3		(497, 597)	(507, 597)	(507, 607)	(497, 607)
image	3		(498, 629)	(507, 629)	(507, 639)	(498, 639)
image	1		(498, 660)	(506, 660)	(506, 670)	(498, 670)
image	5		(497, 692)	(506, 692)	(506, 702)	(497, 702)
image	0		(455, 849)	(465, 849)	(465, 860)	(455, 860)
image	7		(498, 849)	(507, 849)	(507, 859)	(498, 859)
image	3		(498, 723)	(507, 723)	(507, 733)	(498, 733)
image	2		(497, 756)	(506, 756)	(506, 766)	(497, 766)
image	1		(498, 786)	(506, 786)	(506, 796)	(498, 796)
image	2		(498, 818)	(507, 818)	(507, 828)	(498, 828)
image	4		(498, 882)	(505, 882)	(505, 891)	(498, 891)
image	0		(498, 913)	(506, 913)	(506, 923)	(498, 923)
image	0		(498, 943)	(506, 943)	(506, 953)	(498, 953)
image	8		(497, 976)	(507, 976)	(507, 986)	(497, 986)
image	0		(498, 1007)	(506, 1007)	(506, 1017)	(498, 1017)
image	3		(498, 1038)	(507, 1038)	(507, 1049)	(498, 1049)
image	0		(540, 314)	(549, 314)	(549, 324)	(540, 324)
image	0		(540, 346)	(549, 346)	(549, 356)	(540, 356)
image	0		(540, 377)	(549, 377)	(549, 387)	(540, 387)
image	0		(540, 409)	(549, 409)	(549, 419)	(540, 419)
image	0		(540, 440)	(549, 440)	(549, 450)	(540, 450)
image	0		(540, 471)	(549, 471)	(549, 482)	(540, 482)
image	0		(540, 503)	(549, 503)	(549, 514)	(540, 514)
image	0		(540, 535)	(549, 535)	(549, 546)	(540, 546)
image	0		(540, 566)	(549, 566)	(549, 576)	(540, 576)
image	0		(540, 598)	(549, 598)	(549, 608)	(540, 608)
image	0		(540, 630)	(549, 630)	(549, 640)	(540, 640)
image	0		(540, 661)	(549, 661)	(549, 671)	(540, 671)
image	0		(540, 692)	(549, 692)	(549, 702)	(540, 702)
image	1		(541, 723)	(549, 723)	(549, 734)	(541, 734)
image	0		(540, 756)	(549, 756)	(549, 766)	(540, 766)
image	0		(540, 787)	(549, 787)	(549, 797)	(540, 797)
image	0		(540, 818)	(549, 818)	(549, 828)	(540, 828)
image	0		(540, 850)	(548, 850)	(548, 860)	(540, 860)
image	0		(540, 882)	(549, 882)	(549, 892)	(540, 892)
image	0		(540, 913)	(549, 913)	(549, 923)	(540, 923)
image	0		(540, 943)	(549, 943)	(549, 954)	(540, 954)
image	0		(540, 976)	(549, 976)	(549, 986)	(540, 986)
image	0		(540, 1008)	(549, 1008)	(549, 1018)	(540, 1018)
image	C		(540, 1036)	(547, 1036)	(547, 1044)	(540, 1044)
image	0		(540, 1038)	(549, 1038)	(549, 1049)	(540, 1049)
image	4		(597, 219)	(606, 219)	(606, 230)	(597, 230)
image	59		(589, 250)	(605, 250)	(605, 261)	(589, 261)
image	26		(588, 282)	(605, 282)	(605, 293)	(588, 293)
image	129		(582, 313)	(605, 313)	(605, 323)	(582, 323)
image	15		(589, 345)	(605, 345)	(605, 356)	(589, 356)
image	35		(589, 375)	(607, 375)	(607, 387)	(589, 387)
image	89		(589, 408)	(606, 408)	(606, 419)	(589, 419)
image	6		(597, 440)	(605, 440)	(605, 450)	(597, 450)
image	1		(598, 660)	(606, 660)	(606, 670)	(598, 670)
image	35		(589, 691)	(606, 691)	(606, 702)	(589, 702)
image	34		(589, 723)	(604, 723)	(604, 733)	(589, 733)
image	26		(588, 849)	(605, 849)	(605, 859)	(588, 859)
image	17		(589, 881)	(606, 881)	(606, 892)	(589, 892)
image	3		(597, 912)	(606, 912)	(606, 923)	(597, 923)
image	7		(596, 943)	(606, 943)	(606, 954)	(596, 954)
image	76		(589, 975)	(604, 975)	(604, 986)	(589, 986)
image	0		(639, 219)	(648, 219)	(648, 230)	(639, 230)
image	56		(589, 471)	(605, 471)	(605, 482)	(589, 482)
image	33		(589, 502)	(606, 502)	(606, 513)	(589, 513)
image	10		(589, 534)	(605, 534)	(605, 545)	(589, 545)
image	35		(589, 564)	(606, 564)	(606, 576)	(589, 576)
image	33		(589, 597)	(606, 597)	(606, 608)	(589, 608)
image	35		(589, 628)	(606, 628)	(606, 640)	(589, 640)
image	0		(639, 629)	(648, 629)	(648, 639)	(639, 639)
image	2		(596, 1007)	(606, 1007)	(606, 1017)	(596, 1017)
image	0		(639, 250)	(648, 250)	(648, 260)	(639, 260)
image	56		(589, 1038)	(605, 1038)	(605, 1049)	(589, 1049)
image	0		(640, 282)	(649, 282)	(649, 292)	(640, 292)
image	OOOOOOOOO		(640, 577)	(640, 283)	(648, 283)	(648, 577)
image	0		(639, 313)	(648, 313)	(648, 323)	(639, 323)
image	0		(639, 345)	(648, 345)	(648, 355)	(639, 355)
image	0		(640, 376)	(649, 376)	(649, 386)	(640, 386)
image	0		(640, 408)	(648, 408)	(648, 418)	(640, 418)
image	0		(640, 439)	(649, 439)	(649, 449)	(640, 449)
image	0		(639, 471)	(648, 471)	(648, 482)	(639, 482)
image	0		(640, 534)	(649, 534)	(649, 544)	(640, 544)
image	0		(639, 565)	(648, 565)	(648, 575)	(639, 575)
image	18		(589, 755)	(606, 755)	(606, 766)	(589, 766)
image	0		(639, 755)	(648, 755)	(648, 765)	(639, 765)
image	34		(589, 786)	(606, 786)	(606, 797)	(589, 797)
image	34		(589, 817)	(604, 817)	(604, 828)	(589, 828)
image	0		(640, 597)	(649, 597)	(649, 607)	(640, 607)
image	Oo		(638, 657)	(646, 657)	(646, 701)	(638, 701)
image	o		(638, 720)	(646, 720)	(646, 734)	(638, 734)
image	0		(640, 660)	(649, 660)	(649, 670)	(640, 670)
image	0		(640, 691)	(649, 691)	(649, 701)	(640, 701)
image	0		(639, 723)	(648, 723)	(648, 733)	(639, 733)
image	0		(640, 786)	(649, 786)	(649, 796)	(640, 796)
image	0		(639, 818)	(648, 818)	(648, 828)	(639, 828)
image	0		(639, 849)	(648, 849)	(648, 860)	(639, 860)
image	0		(639, 881)	(648, 881)	(648, 891)	(639, 891)
image	0		(640, 912)	(649, 912)	(649, 922)	(640, 922)
image	DOO		(637, 916)	(646, 916)	(646, 984)	(637, 984)
image	OC		(637, 1004)	(646, 1004)	(646, 1047)	(637, 1047)
image	0		(640, 943)	(649, 943)	(649, 953)	(640, 953)
image	0		(639, 975)	(648, 975)	(648, 985)	(639, 985)
image	0		(640, 1007)	(648, 1007)	(648, 1017)	(640, 1017)
image	0		(639, 1038)	(648, 1038)	(648, 1049)	(639, 1049)
image	ŠI		(667, 177)	(679, 177)	(679, 190)	(667, 190)
image	mlýn		(700, 177)	(732, 177)	(732, 192)	(700, 192)
image	BR		(748, 177)	(767, 177)	(767, 191)	(748, 191)
image	0		(682, 219)	(691, 219)	(691, 230)	(682, 230)
image	0		(682, 250)	(691, 250)	(691, 261)	(682, 261)
image	0		(682, 282)	(692, 282)	(692, 293)	(682, 293)
image	0		(682, 313)	(691, 313)	(691, 324)	(682, 324)
image	0		(682, 345)	(691, 345)	(691, 356)	(682, 356)
image	0		(682, 377)	(691, 377)	(691, 388)	(682, 388)
image	0		(682, 409)	(691, 409)	(691, 420)	(682, 420)
image	0		(682, 439)	(691, 439)	(691, 450)	(682, 450)
image	0		(682, 471)	(691, 471)	(691, 482)	(682, 482)
image	0		(682, 502)	(691, 502)	(691, 512)	(682, 512)
image	0		(682, 534)	(691, 534)	(691, 544)	(682, 544)
image	0		(682, 566)	(691, 566)	(691, 576)	(682, 576)
image	0		(682, 597)	(691, 597)	(691, 608)	(682, 608)
image	0		(682, 630)	(691, 630)	(691, 641)	(682, 641)
image	0		(682, 661)	(691, 661)	(691, 672)	(682, 672)
image	0		(682, 691)	(691, 691)	(691, 702)	(682, 702)
image	0		(682, 723)	(691, 723)	(691, 734)	(682, 734)
image	0		(682, 755)	(691, 755)	(691, 766)	(682, 766)
image	0		(682, 787)	(691, 787)	(691, 797)	(682, 797)
image	0		(682, 818)	(691, 818)	(691, 828)	(682, 828)
image	0		(682, 850)	(691, 850)	(691, 860)	(682, 860)
image	0		(682, 882)	(691, 882)	(691, 892)	(682, 892)
image	0		(682, 912)	(691, 912)	(691, 923)	(682, 923)
image	0		(682, 944)	(691, 944)	(691, 954)	(682, 954)
image	0		(682, 976)	(691, 976)	(691, 986)	(682, 986)
image	0		(682, 1007)	(691, 1007)	(691, 1018)	(682, 1018)
image	0		(682, 1039)	(691, 1039)	(691, 1049)	(682, 1049)
image	0		(724, 219)	(734, 219)	(734, 231)	(724, 231)
image	oooooo		(724, 221)	(732, 221)	(732, 386)	(724, 386)
image	0		(725, 250)	(734, 250)	(734, 261)	(725, 261)
image	0		(725, 283)	(734, 283)	(734, 293)	(725, 293)
image	0		(725, 314)	(734, 314)	(734, 324)	(725, 324)
image	0		(725, 345)	(734, 345)	(734, 355)	(725, 355)
image	0		(725, 377)	(734, 377)	(734, 387)	(725, 387)
image	0		(724, 409)	(733, 409)	(733, 419)	(724, 419)
image	0		(725, 440)	(734, 440)	(734, 450)	(725, 450)
image	0		(725, 471)	(734, 471)	(734, 482)	(725, 482)
image	0		(725, 502)	(734, 502)	(734, 512)	(725, 512)
image	0		(725, 535)	(734, 535)	(734, 545)	(725, 545)
image	0		(725, 566)	(734, 566)	(734, 576)	(725, 576)
image	0		(725, 598)	(734, 598)	(734, 608)	(725, 608)
image	0		(725, 629)	(734, 629)	(734, 639)	(725, 639)
image	0		(725, 660)	(734, 660)	(734, 670)	(725, 670)
image	0		(724, 692)	(733, 692)	(733, 702)	(724, 702)
image	0		(724, 724)	(733, 724)	(733, 734)	(724, 734)
image	0		(725, 755)	(734, 755)	(734, 765)	(725, 765)
image	0		(725, 786)	(733, 786)	(733, 796)	(725, 796)
image	0		(725, 818)	(733, 818)	(733, 828)	(725, 828)
image	0		(725, 850)	(733, 850)	(733, 860)	(725, 860)
image	0		(725, 882)	(733, 882)	(733, 893)	(725, 893)
image	0		(725, 912)	(733, 912)	(733, 922)	(725, 922)
image	0		(725, 943)	(734, 943)	(734, 953)	(725, 953)
image	0		(724, 976)	(733, 976)	(733, 986)	(724, 986)
image	0		(725, 1007)	(734, 1007)	(734, 1017)	(725, 1017)
image	0		(725, 1038)	(734, 1038)	(734, 1048)	(725, 1048)
image	0		(767, 220)	(776, 220)	(776, 231)	(767, 231)
image	0		(767, 250)	(776, 250)	(776, 261)	(767, 261)
image	0		(767, 283)	(776, 283)	(776, 293)	(767, 293)
image	0		(767, 313)	(776, 313)	(776, 323)	(767, 323)
image	0		(767, 345)	(776, 345)	(776, 355)	(767, 355)
image	0		(767, 377)	(776, 377)	(776, 387)	(767, 387)
image	0		(767, 408)	(775, 408)	(775, 418)	(767, 418)
image	0		(767, 439)	(775, 439)	(775, 449)	(767, 449)
image	0		(767, 471)	(777, 471)	(777, 482)	(767, 482)
image	0		(767, 503)	(776, 503)	(776, 513)	(767, 513)
image	0		(767, 535)	(776, 535)	(776, 546)	(767, 546)
image	0		(767, 565)	(776, 565)	(776, 575)	(767, 575)
image	OOO		(774, 596)	(774, 670)	(767, 670)	(767, 596)
image	O		(774, 689)	(774, 701)	(767, 701)	(767, 689)
image	0		(767, 723)	(775, 723)	(775, 733)	(767, 733)
image	0		(767, 755)	(775, 755)	(775, 765)	(767, 765)
image	0		(767, 786)	(776, 786)	(776, 796)	(767, 796)
image	0		(767, 818)	(775, 818)	(775, 828)	(767, 828)
image	0		(767, 849)	(776, 849)	(776, 859)	(767, 859)
image	0		(767, 881)	(776, 881)	(776, 891)	(767, 891)
image	0		(767, 913)	(776, 913)	(776, 923)	(767, 923)
image	0		(767, 943)	(775, 943)	(775, 953)	(767, 953)
image	0		(767, 975)	(775, 975)	(775, 985)	(767, 985)
image	0		(767, 1007)	(776, 1007)	(776, 1017)	(767, 1017)
image	0		(767, 1039)	(776, 1039)	(776, 1049)	(767, 1049)
image	KA		(792, 178)	(811, 178)	(811, 189)	(792, 189)
image	ΜΑ		(830, 176)	(852, 176)	(852, 192)	(830, 192)
image	KO		(877, 178)	(894, 178)	(894, 189)	(877, 189)
image	58		(782, 1154)	(801, 1154)	(801, 1167)	(782, 1167)
image	0		(809, 219)	(818, 219)	(818, 230)	(809, 230)
image	0		(852, 219)	(861, 219)	(861, 230)	(852, 230)
image	0		(809, 250)	(818, 250)	(818, 261)	(809, 261)
image	60		(845, 250)	(861, 250)	(861, 262)	(845, 262)
image	15		(845, 282)	(861, 282)	(861, 294)	(845, 294)
image	2		(809, 313)	(818, 313)	(818, 323)	(809, 323)
image	165		(837, 313)	(862, 313)	(862, 324)	(837, 324)
image	34		(844, 345)	(862, 345)	(862, 356)	(844, 356)
image	27		(844, 376)	(861, 376)	(861, 387)	(844, 387)
image	65		(844, 408)	(861, 408)	(861, 419)	(844, 419)
image	0		(810, 282)	(818, 282)	(818, 292)	(810, 292)
image	1		(810, 346)	(818, 346)	(818, 357)	(810, 357)
image	0		(809, 377)	(818, 377)	(818, 387)	(809, 387)
image	6		(809, 408)	(818, 408)	(818, 418)	(809, 418)
image	0		(809, 440)	(818, 440)	(818, 450)	(809, 450)
image	3		(809, 471)	(818, 471)	(818, 482)	(809, 482)
image	0		(809, 503)	(818, 503)	(818, 513)	(809, 513)
image	0		(809, 535)	(818, 535)	(818, 545)	(809, 545)
image	2		(810, 566)	(818, 566)	(818, 576)	(810, 576)
image	0		(810, 598)	(818, 598)	(818, 609)	(810, 609)
image	3		(809, 629)	(818, 629)	(818, 640)	(809, 640)
image	3		(809, 660)	(818, 660)	(818, 671)	(809, 671)
image	0		(809, 691)	(818, 691)	(818, 702)	(809, 702)
image	2		(809, 724)	(818, 724)	(818, 735)	(809, 735)
image	1		(810, 755)	(819, 755)	(819, 766)	(810, 766)
image	1		(810, 787)	(818, 787)	(818, 797)	(810, 797)
image	3		(809, 818)	(817, 818)	(817, 828)	(809, 828)
image	0		(810, 849)	(818, 849)	(818, 859)	(810, 859)
image	1		(810, 881)	(818, 881)	(818, 892)	(810, 892)
image	0		(809, 913)	(818, 913)	(818, 924)	(809, 924)
image	0		(809, 944)	(818, 944)	(818, 954)	(809, 954)
image	0		(809, 976)	(818, 976)	(818, 986)	(809, 986)
image	0		(809, 1008)	(818, 1008)	(818, 1019)	(809, 1019)
image	0		(809, 1038)	(818, 1038)	(818, 1048)	(809, 1048)
image	0		(852, 440)	(860, 440)	(860, 450)	(852, 450)
image	80		(844, 471)	(861, 471)	(861, 482)	(844, 482)
image	35		(844, 502)	(862, 502)	(862, 514)	(844, 514)
image	102		(836, 534)	(862, 534)	(862, 545)	(836, 545)
image	17		(845, 565)	(860, 565)	(860, 576)	(845, 576)
image	5		(852, 598)	(860, 598)	(860, 608)	(852, 608)
image	40		(844, 629)	(861, 629)	(861, 640)	(844, 640)
image	0		(852, 660)	(861, 660)	(861, 670)	(852, 670)
image	108		(836, 691)	(863, 691)	(863, 702)	(836, 702)
image	35		(844, 722)	(861, 722)	(861, 734)	(844, 734)
image	13		(844, 755)	(860, 755)	(860, 766)	(844, 766)
image	8		(852, 787)	(862, 787)	(862, 797)	(852, 797)
image	105		(837, 850)	(862, 850)	(862, 861)	(837, 861)
image	72		(844, 881)	(861, 881)	(861, 892)	(844, 892)
image	15		(845, 912)	(862, 912)	(862, 923)	(845, 923)
image	8		(852, 944)	(863, 944)	(863, 955)	(852, 955)
image	2		(852, 976)	(861, 976)	(861, 987)	(852, 987)
image	0		(852, 1008)	(861, 1008)	(861, 1018)	(852, 1018)
image	0		(895, 219)	(904, 219)	(904, 230)	(895, 230)
image	260		(836, 1038)	(861, 1038)	(861, 1049)	(836, 1049)
image	8		(894, 251)	(904, 251)	(904, 261)	(894, 261)
image	30		(887, 283)	(903, 283)	(903, 293)	(887, 293)
image	20		(887, 314)	(904, 314)	(904, 324)	(887, 324)
image	2		(894, 346)	(903, 346)	(903, 356)	(894, 356)
image	31		(887, 377)	(901, 377)	(901, 387)	(887, 387)
image	20		(887, 409)	(902, 409)	(902, 419)	(887, 419)
image	0		(895, 439)	(904, 439)	(904, 449)	(895, 449)
image	12		(887, 471)	(903, 471)	(903, 481)	(887, 481)
image	8		(895, 503)	(905, 503)	(905, 513)	(895, 513)
image	0		(894, 535)	(903, 535)	(903, 545)	(894, 545)
image	5		(895, 598)	(903, 598)	(903, 608)	(895, 608)
image	5		(895, 630)	(904, 630)	(904, 641)	(895, 641)
image	5		(895, 661)	(903, 661)	(903, 671)	(895, 671)
image	12		(887, 691)	(902, 691)	(902, 702)	(887, 702)
image	4		(895, 724)	(903, 724)	(903, 733)	(895, 733)
image	12		(887, 755)	(902, 755)	(902, 765)	(887, 765)
image	2		(894, 850)	(903, 850)	(903, 860)	(894, 860)
image	62		(887, 882)	(902, 882)	(902, 892)	(887, 892)
image	0		(895, 912)	(904, 912)	(904, 922)	(895, 922)
image	0		(895, 943)	(904, 943)	(904, 953)	(895, 953)
image	0		(895, 975)	(904, 975)	(904, 985)	(895, 985)
image	U		(923, 178)	(935, 178)	(935, 189)	(923, 189)
image	15		(888, 566)	(903, 566)	(903, 576)	(888, 576)
image	ano		(921, 568)	(946, 568)	(946, 576)	(921, 576)
image	0		(895, 1007)	(904, 1007)	(904, 1017)	(895, 1017)
image	ne		(930, 222)	(946, 222)	(946, 230)	(930, 230)
image	7		(894, 1038)	(904, 1038)	(904, 1049)	(894, 1049)
image	ne		(929, 253)	(947, 253)	(947, 262)	(929, 262)
image	ne		(930, 285)	(946, 285)	(946, 293)	(930, 293)
image	ne		(930, 316)	(946, 316)	(946, 324)	(930, 324)
image	ne		(930, 348)	(945, 348)	(945, 356)	(930, 356)
image	ne		(930, 379)	(946, 379)	(946, 386)	(930, 386)
image	ne		(930, 411)	(945, 411)	(945, 418)	(930, 418)
image	ne		(930, 442)	(945, 442)	(945, 450)	(930, 450)
image	5		(895, 787)	(904, 787)	(904, 798)	(895, 798)
image	12		(844, 817)	(860, 817)	(860, 828)	(844, 828)
image	290		(879, 817)	(903, 817)	(903, 828)	(879, 828)
image	ne		(930, 820)	(946, 820)	(946, 828)	(930, 828)
image	ne		(930, 474)	(946, 474)	(946, 481)	(930, 481)
image	ne		(930, 505)	(947, 505)	(947, 513)	(930, 513)
image	ne		(930, 537)	(947, 537)	(947, 545)	(930, 545)
image	ne		(930, 600)	(946, 600)	(946, 608)	(930, 608)
image	ano		(922, 632)	(945, 632)	(945, 640)	(922, 640)
image	ne		(930, 663)	(946, 663)	(946, 670)	(930, 670)
image	ne		(930, 694)	(945, 694)	(945, 702)	(930, 702)
image	ne		(930, 726)	(946, 726)	(946, 734)	(930, 734)
image	ne		(930, 758)	(946, 758)	(946, 766)	(930, 766)
image	ne		(930, 789)	(946, 789)	(946, 797)	(930, 797)
image	ne		(930, 852)	(946, 852)	(946, 860)	(930, 860)
image	ne		(930, 884)	(947, 884)	(947, 892)	(930, 892)
image	ne		(930, 915)	(945, 915)	(945, 922)	(930, 922)
image	ne		(930, 946)	(945, 946)	(945, 954)	(930, 954)
image	ne		(930, 978)	(946, 978)	(946, 986)	(930, 986)
image	ne		(930, 1010)	(946, 1010)	(946, 1018)	(930, 1018)
image	ano		(921, 1041)	(945, 1041)	(945, 1049)	(921, 1049)
image	KI		(965, 178)	(978, 178)	(978, 189)	(965, 189)
image	0		(980, 219)	(990, 219)	(990, 230)	(980, 230)
image	0		(979, 250)	(989, 250)	(989, 261)	(979, 261)
image	0		(979, 282)	(989, 282)	(989, 293)	(979, 293)
image	0		(979, 313)	(988, 313)	(988, 323)	(979, 323)
image	0		(979, 345)	(988, 345)	(988, 355)	(979, 355)
image	0		(979, 376)	(988, 376)	(988, 386)	(979, 386)
image	0		(980, 408)	(989, 408)	(989, 418)	(980, 418)
image	0		(979, 439)	(988, 439)	(988, 449)	(979, 449)
image	0		(980, 471)	(989, 471)	(989, 481)	(980, 481)
image	0		(979, 501)	(989, 501)	(989, 512)	(979, 512)
image	0		(979, 533)	(989, 533)	(989, 544)	(979, 544)
image	0		(979, 565)	(988, 565)	(988, 576)	(979, 576)
image	0		(979, 597)	(988, 597)	(988, 607)	(979, 607)
image	0		(979, 629)	(988, 629)	(988, 639)	(979, 639)
image	0		(979, 660)	(988, 660)	(988, 670)	(979, 670)
image	0		(979, 691)	(988, 691)	(988, 701)	(979, 701)
image	0		(979, 723)	(988, 723)	(988, 733)	(979, 733)
image	0		(979, 755)	(988, 755)	(988, 765)	(979, 765)
image	0		(979, 786)	(988, 786)	(988, 796)	(979, 796)
image	0		(980, 818)	(989, 818)	(989, 828)	(980, 828)
image	0		(979, 849)	(988, 849)	(988, 859)	(979, 859)
image	0		(979, 881)	(988, 881)	(988, 891)	(979, 891)
image	0		(979, 912)	(988, 912)	(988, 922)	(979, 922)
image	0		(979, 943)	(988, 943)	(988, 953)	(979, 953)
image	0		(979, 975)	(988, 975)	(988, 985)	(979, 985)
image	0		(980, 1007)	(989, 1007)	(989, 1017)	(980, 1017)
image	0		(979, 1038)	(989, 1038)	(989, 1048)	(979, 1048)
image	Dto		(1001, 178)	(1026, 178)	(1026, 189)	(1001, 189)
image	bron		(1039, 178)	(1071, 178)	(1071, 189)	(1039, 189)
image	z		(1052, 201)	(1060, 201)	(1060, 209)	(1052, 209)
image	0		(1022, 219)	(1031, 219)	(1031, 230)	(1022, 230)
image	0		(1022, 250)	(1031, 250)	(1031, 261)	(1022, 261)
image	0		(1022, 283)	(1030, 283)	(1030, 294)	(1022, 294)
image	0		(1022, 314)	(1031, 314)	(1031, 324)	(1022, 324)
image	0		(1022, 345)	(1031, 345)	(1031, 355)	(1022, 355)
image	0		(1022, 377)	(1031, 377)	(1031, 387)	(1022, 387)
image	0		(1022, 409)	(1031, 409)	(1031, 419)	(1022, 419)
image	0		(1022, 439)	(1031, 439)	(1031, 449)	(1022, 449)
image	0		(1022, 471)	(1031, 471)	(1031, 482)	(1022, 482)
image	1		(1022, 503)	(1031, 503)	(1031, 514)	(1022, 514)
image	0		(1022, 534)	(1031, 534)	(1031, 545)	(1022, 545)
image	0		(1022, 565)	(1031, 565)	(1031, 575)	(1022, 575)
image	0		(1022, 598)	(1031, 598)	(1031, 608)	(1022, 608)
image	0		(1022, 630)	(1031, 630)	(1031, 640)	(1022, 640)
image	0		(1022, 661)	(1031, 661)	(1031, 671)	(1022, 671)
image	0		(1022, 691)	(1031, 691)	(1031, 701)	(1022, 701)
image	0		(1022, 724)	(1031, 724)	(1031, 734)	(1022, 734)
image	0		(1022, 756)	(1031, 756)	(1031, 766)	(1022, 766)
image	0		(1022, 786)	(1031, 786)	(1031, 796)	(1022, 796)
image	0		(1022, 817)	(1030, 817)	(1030, 827)	(1022, 827)
image	0		(1022, 850)	(1031, 850)	(1031, 860)	(1022, 860)
image	0		(1022, 882)	(1031, 882)	(1031, 892)	(1022, 892)
image	0		(1022, 913)	(1031, 913)	(1031, 923)	(1022, 923)
image	0		(1022, 943)	(1031, 943)	(1031, 953)	(1022, 953)
image	0		(1022, 976)	(1031, 976)	(1031, 986)	(1022, 986)
image	0		(1022, 1007)	(1031, 1007)	(1031, 1017)	(1022, 1017)
image	0		(1022, 1039)	(1031, 1039)	(1031, 1049)	(1022, 1049)
image	0		(1064, 219)	(1074, 219)	(1074, 230)	(1064, 230)
image	0		(1065, 250)	(1074, 250)	(1074, 261)	(1065, 261)
image	0		(1064, 282)	(1073, 282)	(1073, 293)	(1064, 293)
image	0		(1065, 313)	(1074, 313)	(1074, 324)	(1065, 324)
image	0		(1065, 345)	(1074, 345)	(1074, 356)	(1065, 356)
image	1		(1065, 376)	(1074, 376)	(1074, 387)	(1065, 387)
image	0		(1064, 409)	(1073, 409)	(1073, 419)	(1064, 419)
image	0		(1065, 440)	(1073, 440)	(1073, 450)	(1065, 450)
image	0		(1064, 471)	(1073, 471)	(1073, 481)	(1064, 481)
image	0		(1064, 502)	(1073, 502)	(1073, 513)	(1064, 513)
image	0		(1064, 534)	(1073, 534)	(1073, 545)	(1064, 545)
image	0		(1065, 565)	(1074, 565)	(1074, 576)	(1065, 576)
image	0		(1065, 629)	(1074, 629)	(1074, 640)	(1065, 640)
image	0		(1065, 661)	(1073, 661)	(1073, 672)	(1065, 672)
image	0		(1065, 691)	(1073, 691)	(1073, 701)	(1065, 701)
image	0		(1065, 723)	(1073, 723)	(1073, 733)	(1065, 733)
image	0		(1065, 756)	(1074, 756)	(1074, 766)	(1065, 766)
image	0		(1065, 787)	(1073, 787)	(1073, 797)	(1065, 797)
image	0		(1065, 818)	(1073, 818)	(1073, 827)	(1065, 827)
image	0		(1065, 849)	(1073, 849)	(1073, 859)	(1065, 859)
image	0		(1065, 881)	(1074, 881)	(1074, 892)	(1065, 892)
image	0		(1064, 913)	(1073, 913)	(1073, 923)	(1064, 923)
image	0		(1065, 943)	(1073, 943)	(1073, 953)	(1065, 953)
image	0		(1065, 597)	(1074, 597)	(1074, 608)	(1065, 608)
image	0		(1107, 598)	(1115, 598)	(1115, 608)	(1107, 608)
image	0		(1065, 975)	(1074, 975)	(1074, 985)	(1065, 985)
image	0		(1065, 1007)	(1074, 1007)	(1074, 1017)	(1065, 1017)
image	Fe		(1090, 177)	(1107, 177)	(1107, 189)	(1090, 189)
image	0		(1065, 1038)	(1073, 1038)	(1073, 1048)	(1065, 1048)
image	0		(1107, 219)	(1116, 219)	(1116, 230)	(1107, 230)
image	0		(1107, 251)	(1115, 251)	(1115, 261)	(1107, 261)
image	0		(1108, 282)	(1116, 282)	(1116, 292)	(1108, 292)
image	0		(1107, 314)	(1115, 314)	(1115, 324)	(1107, 324)
image	0		(1107, 345)	(1115, 345)	(1115, 356)	(1107, 356)
image	0		(1107, 377)	(1115, 377)	(1115, 387)	(1107, 387)
image	0		(1107, 408)	(1116, 408)	(1116, 419)	(1107, 419)
image	0		(1107, 440)	(1115, 440)	(1115, 451)	(1107, 451)
image	0		(1107, 471)	(1116, 471)	(1116, 482)	(1107, 482)
image	0		(1107, 503)	(1115, 503)	(1115, 513)	(1107, 513)
image	OOO		(1105, 533)	(1114, 533)	(1114, 609)	(1105, 609)
image	O		(1105, 628)	(1114, 628)	(1114, 641)	(1105, 641)
image	O		(1105, 659)	(1114, 659)	(1114, 672)	(1105, 672)
image	O		(1105, 690)	(1114, 690)	(1114, 703)	(1105, 703)
image	O		(1105, 722)	(1114, 722)	(1114, 735)	(1105, 735)
image	O		(1105, 754)	(1114, 754)	(1114, 767)	(1105, 767)
image	O		(1105, 785)	(1114, 785)	(1114, 798)	(1105, 798)
image	O		(1105, 816)	(1114, 816)	(1114, 829)	(1105, 829)
image	O		(1105, 848)	(1114, 848)	(1114, 861)	(1105, 861)
image	O		(1105, 881)	(1114, 881)	(1114, 893)	(1105, 893)
image	0		(1108, 534)	(1116, 534)	(1116, 544)	(1108, 544)
image	0		(1108, 565)	(1116, 565)	(1116, 575)	(1108, 575)
image	0		(1107, 630)	(1115, 630)	(1115, 640)	(1107, 640)
image	0		(1107, 661)	(1115, 661)	(1115, 671)	(1107, 671)
image	0		(1108, 692)	(1116, 692)	(1116, 703)	(1108, 703)
image	0		(1107, 724)	(1115, 724)	(1115, 734)	(1107, 734)
image	0		(1107, 756)	(1115, 756)	(1115, 766)	(1107, 766)
image	0		(1107, 787)	(1116, 787)	(1116, 797)	(1107, 797)
image	0		(1107, 817)	(1115, 817)	(1115, 828)	(1107, 828)
image	0		(1107, 850)	(1116, 850)	(1116, 860)	(1107, 860)
image	0		(1108, 882)	(1116, 882)	(1116, 893)	(1108, 893)
image	0		(1108, 913)	(1116, 913)	(1116, 924)	(1108, 924)
image	0		(1108, 944)	(1116, 944)	(1116, 955)	(1108, 955)
image	0		(1107, 976)	(1115, 976)	(1115, 986)	(1107, 986)
image	0		(1107, 1008)	(1115, 1008)	(1115, 1018)	(1107, 1018)
image	0		(1107, 1038)	(1116, 1038)	(1116, 1048)	(1107, 1048)
image	Str		(1131, 178)	(1151, 178)	(1151, 189)	(1131, 189)
image	0		(1150, 220)	(1159, 220)	(1159, 231)	(1150, 231)
image	0		(1150, 250)	(1159, 250)	(1159, 261)	(1150, 261)
image	0		(1150, 282)	(1160, 282)	(1160, 293)	(1150, 293)
image	0		(1150, 314)	(1158, 314)	(1158, 324)	(1150, 324)
image	0		(1150, 346)	(1159, 346)	(1159, 356)	(1150, 356)
image	0		(1150, 377)	(1159, 377)	(1159, 386)	(1150, 386)
image	0		(1150, 409)	(1158, 409)	(1158, 419)	(1150, 419)
image	0		(1150, 440)	(1158, 440)	(1158, 450)	(1150, 450)
image	0		(1150, 471)	(1159, 471)	(1159, 482)	(1150, 482)
image	0		(1150, 503)	(1159, 503)	(1159, 513)	(1150, 513)
image	0		(1150, 535)	(1159, 535)	(1159, 545)	(1150, 545)
image	0		(1150, 566)	(1158, 566)	(1158, 576)	(1150, 576)
image	0		(1150, 597)	(1159, 597)	(1159, 607)	(1150, 607)
image	0		(1150, 629)	(1159, 629)	(1159, 639)	(1150, 639)
image	0		(1150, 661)	(1159, 661)	(1159, 670)	(1150, 670)
image	0		(1150, 692)	(1158, 692)	(1158, 702)	(1150, 702)
image	0		(1150, 724)	(1159, 724)	(1159, 734)	(1150, 734)
image	BR		(1238, 628)	(1254, 628)	(1254, 641)	(1238, 641)
image	střed		(1258, 628)	(1289, 628)	(1289, 641)	(1258, 641)
image	.		(1292, 628)	(1296, 628)	(1296, 641)	(1292, 641)
image	/		(1294, 628)	(1301, 628)	(1301, 641)	(1294, 641)
image	ml		(1302, 628)	(1318, 628)	(1318, 641)	(1302, 641)
image	BR		(1238, 658)	(1254, 658)	(1254, 671)	(1238, 671)
image	střed		(1258, 657)	(1290, 658)	(1290, 672)	(1258, 671)
image	.		(1292, 659)	(1296, 659)	(1296, 672)	(1292, 672)
image	/		(1295, 659)	(1302, 659)	(1302, 672)	(1295, 672)
image	ml		(1302, 659)	(1319, 659)	(1319, 672)	(1302, 672)
image	.		(1319, 659)	(1322, 659)	(1322, 672)	(1319, 672)
image	BR		(1238, 691)	(1254, 691)	(1254, 703)	(1238, 703)
image	střed		(1258, 691)	(1291, 691)	(1291, 703)	(1258, 703)
image	.		(1292, 691)	(1296, 691)	(1296, 703)	(1292, 703)
image	/		(1295, 691)	(1302, 691)	(1302, 703)	(1295, 703)
image	ml		(1302, 691)	(1319, 691)	(1319, 703)	(1302, 703)
image	.		(1319, 691)	(1322, 691)	(1322, 703)	(1319, 703)
image	BR		(1238, 723)	(1254, 723)	(1254, 735)	(1238, 735)
image	střed		(1258, 723)	(1291, 723)	(1291, 735)	(1258, 735)
image	.		(1292, 723)	(1296, 723)	(1296, 735)	(1292, 735)
image	/		(1295, 723)	(1302, 723)	(1302, 735)	(1295, 735)
image	ml		(1302, 723)	(1319, 723)	(1319, 735)	(1302, 735)
image	.		(1319, 723)	(1322, 723)	(1322, 735)	(1319, 735)
image	BR		(1238, 755)	(1253, 755)	(1253, 766)	(1238, 766)
image	střed		(1258, 755)	(1290, 755)	(1290, 766)	(1258, 766)
image	.		(1292, 755)	(1296, 755)	(1296, 766)	(1292, 766)
image	/		(1295, 755)	(1302, 755)	(1302, 766)	(1295, 766)
image	ml		(1302, 755)	(1319, 755)	(1319, 766)	(1302, 766)
image	.		(1319, 755)	(1322, 755)	(1322, 766)	(1319, 766)
image	BR		(1238, 786)	(1254, 786)	(1254, 798)	(1238, 798)
image	střed		(1258, 786)	(1291, 786)	(1291, 798)	(1258, 798)
image	.		(1292, 786)	(1296, 786)	(1296, 798)	(1292, 798)
image	/		(1295, 786)	(1302, 786)	(1302, 798)	(1295, 798)
image	ml		(1302, 786)	(1318, 786)	(1318, 798)	(1302, 798)
image	.		(1319, 786)	(1322, 786)	(1322, 798)	(1319, 798)
image	BR		(1238, 817)	(1254, 817)	(1254, 830)	(1238, 830)
image	střed		(1258, 817)	(1290, 817)	(1290, 830)	(1258, 830)
image	.		(1292, 817)	(1295, 817)	(1295, 830)	(1292, 830)
image	/		(1295, 817)	(1302, 817)	(1302, 830)	(1295, 830)
image	ml		(1302, 817)	(1319, 817)	(1319, 830)	(1302, 830)
image	.		(1319, 817)	(1322, 817)	(1322, 830)	(1319, 830)
image	BR		(1238, 849)	(1254, 849)	(1254, 861)	(1238, 861)
image	,		(1255, 849)	(1259, 849)	(1259, 861)	(1255, 861)
image	int.neolitu		(1258, 849)	(1324, 849)	(1324, 861)	(1258, 861)
image	?		(1326, 849)	(1333, 849)	(1333, 861)	(1326, 861)
image	0		(1150, 850)	(1158, 850)	(1158, 860)	(1150, 860)
image	O		(1150, 879)	(1158, 879)	(1158, 892)	(1150, 892)
image	rudnina		(1166, 879)	(1216, 879)	(1216, 892)	(1166, 892)
image	?		(1218, 879)	(1225, 879)	(1225, 892)	(1218, 892)
image	BR		(1238, 879)	(1255, 879)	(1255, 892)	(1238, 892)
image	střed		(1258, 880)	(1289, 880)	(1289, 893)	(1258, 893)
image	.		(1293, 880)	(1297, 880)	(1297, 893)	(1293, 893)
image	/		(1294, 880)	(1301, 880)	(1301, 893)	(1294, 893)
image	ml		(1302, 880)	(1319, 880)	(1319, 893)	(1302, 893)
image	.		(1319, 880)	(1322, 880)	(1322, 893)	(1319, 893)
image	0		(1150, 912)	(1158, 912)	(1158, 923)	(1150, 923)
image	surovina		(1166, 911)	(1222, 912)	(1222, 924)	(1166, 923)
image	BR		(1238, 910)	(1254, 910)	(1254, 923)	(1238, 923)
image	střed		(1258, 910)	(1290, 911)	(1290, 924)	(1258, 923)
image	.		(1292, 910)	(1296, 910)	(1296, 923)	(1292, 923)
image	/		(1294, 911)	(1301, 911)	(1301, 924)	(1294, 924)
image	ml		(1302, 911)	(1318, 911)	(1318, 924)	(1302, 924)
image	.		(1319, 911)	(1322, 911)	(1322, 924)	(1319, 924)
image	0		(1150, 943)	(1159, 943)	(1159, 953)	(1150, 953)
image	BR		(1238, 943)	(1254, 943)	(1254, 955)	(1238, 955)
image	střed		(1258, 943)	(1291, 943)	(1291, 955)	(1258, 955)
image	.		(1292, 943)	(1296, 943)	(1296, 955)	(1292, 955)
image	/		(1295, 943)	(1302, 943)	(1302, 955)	(1295, 955)
image	ml		(1302, 943)	(1319, 943)	(1319, 955)	(1302, 955)
image	.		(1319, 943)	(1322, 943)	(1322, 955)	(1319, 955)
image	BR		(1238, 974)	(1254, 974)	(1254, 987)	(1238, 987)
image	střed		(1258, 974)	(1290, 974)	(1290, 987)	(1258, 987)
image	.		(1292, 974)	(1295, 974)	(1295, 987)	(1292, 987)
image	/		(1295, 974)	(1302, 974)	(1302, 987)	(1295, 987)
image	ml		(1302, 974)	(1319, 974)	(1319, 987)	(1302, 987)
image	.		(1319, 974)	(1322, 974)	(1322, 987)	(1319, 987)
image	BR		(1238, 1007)	(1253, 1007)	(1253, 1018)	(1238, 1018)
image	střed		(1258, 1007)	(1289, 1007)	(1289, 1018)	(1258, 1018)
image	.		(1292, 1007)	(1296, 1007)	(1296, 1018)	(1292, 1018)
image	/		(1294, 1007)	(1301, 1007)	(1301, 1018)	(1294, 1018)
image	ml		(1302, 1007)	(1319, 1007)	(1319, 1018)	(1302, 1018)
image	.		(1319, 1007)	(1322, 1007)	(1322, 1018)	(1319, 1018)
image	BR		(1238, 1038)	(1254, 1038)	(1254, 1050)	(1238, 1050)
image	střed		(1258, 1038)	(1290, 1038)	(1290, 1050)	(1258, 1050)
image	.		(1292, 1038)	(1296, 1038)	(1296, 1050)	(1292, 1050)
image	/		(1295, 1038)	(1302, 1038)	(1302, 1050)	(1295, 1050)
image	ml		(1302, 1038)	(1319, 1038)	(1319, 1050)	(1302, 1050)
image	0		(1150, 756)	(1158, 756)	(1158, 766)	(1150, 766)
image	0		(1150, 786)	(1159, 786)	(1159, 796)	(1150, 796)
image	0		(1150, 818)	(1158, 818)	(1158, 828)	(1150, 828)
image	0		(1150, 976)	(1159, 976)	(1159, 986)	(1150, 986)
image	0		(1150, 1007)	(1159, 1007)	(1159, 1017)	(1150, 1017)
image	jiné		(1184, 177)	(1209, 177)	(1209, 191)	(1184, 191)
image	0		(1150, 1039)	(1159, 1039)	(1159, 1049)	(1150, 1049)
image	DATACE		(1270, 178)	(1322, 178)	(1322, 189)	(1270, 189)
image	BR		(1238, 217)	(1253, 217)	(1253, 231)	(1238, 231)
image	střed		(1257, 217)	(1290, 217)	(1290, 230)	(1257, 230)
image	.		(1291, 217)	(1295, 217)	(1295, 230)	(1291, 230)
image	/		(1294, 217)	(1301, 217)	(1301, 230)	(1294, 230)
image	ml		(1301, 217)	(1318, 217)	(1318, 230)	(1301, 230)
image	.		(1318, 217)	(1322, 217)	(1322, 230)	(1318, 230)
image	BR		(1237, 249)	(1254, 249)	(1254, 261)	(1237, 261)
image	střed		(1258, 249)	(1290, 249)	(1290, 261)	(1258, 261)
image	.		(1292, 249)	(1296, 249)	(1296, 261)	(1292, 261)
image	/		(1294, 249)	(1301, 249)	(1301, 261)	(1294, 261)
image	ml		(1301, 249)	(1319, 249)	(1319, 261)	(1301, 261)
image	.		(1319, 249)	(1323, 249)	(1323, 261)	(1319, 261)
image	BR		(1238, 281)	(1254, 281)	(1254, 295)	(1238, 295)
image	střed		(1258, 281)	(1289, 281)	(1289, 295)	(1258, 295)
image	.		(1292, 281)	(1296, 281)	(1296, 295)	(1292, 295)
image	/		(1295, 281)	(1302, 281)	(1302, 295)	(1295, 295)
image	ml		(1302, 281)	(1319, 281)	(1319, 295)	(1302, 295)
image	.		(1319, 281)	(1323, 281)	(1323, 295)	(1319, 295)
image	BR		(1238, 312)	(1254, 312)	(1254, 325)	(1238, 325)
image	střed		(1258, 312)	(1289, 312)	(1289, 325)	(1258, 325)
image	.		(1293, 312)	(1297, 312)	(1297, 325)	(1293, 325)
image	/		(1294, 312)	(1301, 312)	(1301, 325)	(1294, 325)
image	ml		(1302, 312)	(1318, 312)	(1318, 325)	(1302, 325)
image	.		(1319, 312)	(1322, 312)	(1322, 325)	(1319, 325)
image	BR		(1238, 344)	(1254, 344)	(1254, 357)	(1238, 357)
image	střed		(1258, 344)	(1289, 344)	(1289, 357)	(1258, 357)
image	.		(1293, 344)	(1297, 344)	(1297, 357)	(1293, 357)
image	/		(1294, 344)	(1301, 344)	(1301, 357)	(1294, 357)
image	ml		(1302, 344)	(1318, 344)	(1318, 357)	(1302, 357)
image	.		(1319, 344)	(1322, 344)	(1322, 357)	(1319, 357)
image	BR		(1238, 375)	(1254, 375)	(1254, 388)	(1238, 388)
image	střed		(1258, 375)	(1290, 375)	(1290, 388)	(1258, 388)
image	.		(1292, 375)	(1295, 375)	(1295, 388)	(1292, 388)
image	/		(1295, 375)	(1302, 375)	(1302, 388)	(1295, 388)
image	ml		(1302, 375)	(1319, 375)	(1319, 388)	(1302, 388)
image	.		(1319, 375)	(1322, 375)	(1322, 388)	(1319, 388)
image	BR		(1238, 407)	(1254, 407)	(1254, 420)	(1238, 420)
image	střed		(1258, 407)	(1290, 407)	(1290, 420)	(1258, 420)
image	.		(1292, 407)	(1295, 407)	(1295, 420)	(1292, 420)
image	/		(1296, 407)	(1303, 407)	(1303, 420)	(1296, 420)
image	ml		(1302, 407)	(1318, 407)	(1318, 421)	(1302, 421)
image	.		(1319, 408)	(1322, 408)	(1322, 421)	(1319, 421)
image	BR		(1238, 438)	(1253, 438)	(1253, 451)	(1238, 451)
image	střed		(1257, 438)	(1289, 438)	(1289, 450)	(1257, 450)
image	.		(1291, 438)	(1294, 438)	(1294, 450)	(1291, 450)
image	/		(1295, 438)	(1301, 438)	(1301, 450)	(1295, 450)
image	ml		(1301, 438)	(1318, 438)	(1318, 450)	(1301, 450)
image	.		(1318, 438)	(1321, 438)	(1321, 450)	(1318, 450)
image	BR		(1238, 470)	(1254, 470)	(1254, 483)	(1238, 483)
image	střed		(1258, 470)	(1289, 470)	(1289, 483)	(1258, 483)
image	.		(1292, 470)	(1296, 470)	(1296, 483)	(1292, 483)
image	/		(1294, 470)	(1301, 470)	(1301, 483)	(1294, 483)
image	ml		(1302, 470)	(1318, 470)	(1318, 483)	(1302, 483)
image	.		(1319, 470)	(1323, 470)	(1323, 483)	(1319, 483)
image	BR		(1238, 501)	(1254, 501)	(1254, 514)	(1238, 514)
image	střed		(1257, 501)	(1291, 501)	(1291, 514)	(1257, 514)
image	.		(1292, 501)	(1296, 501)	(1296, 514)	(1292, 514)
image	/		(1295, 501)	(1302, 501)	(1302, 514)	(1295, 514)
image	ml		(1302, 501)	(1319, 501)	(1319, 514)	(1302, 514)
image	.		(1319, 501)	(1323, 501)	(1323, 514)	(1319, 514)
image	BR		(1238, 533)	(1254, 533)	(1254, 546)	(1238, 546)
image	střed		(1258, 533)	(1291, 533)	(1291, 546)	(1258, 546)
image	.		(1292, 533)	(1296, 533)	(1296, 546)	(1292, 546)
image	/		(1295, 533)	(1302, 533)	(1302, 546)	(1295, 546)
image	ml		(1302, 533)	(1319, 533)	(1319, 546)	(1302, 546)
image	.		(1319, 533)	(1323, 533)	(1323, 546)	(1319, 546)
image	BR		(1238, 564)	(1254, 564)	(1254, 577)	(1238, 577)
image	střed		(1258, 564)	(1290, 564)	(1290, 577)	(1258, 577)
image	.		(1292, 564)	(1295, 564)	(1295, 577)	(1292, 577)
image	/		(1296, 564)	(1303, 564)	(1303, 577)	(1296, 577)
image	ml		(1302, 564)	(1318, 564)	(1318, 578)	(1302, 578)
image	.		(1319, 565)	(1322, 565)	(1322, 578)	(1319, 578)
image	BR		(1238, 593)	(1255, 594)	(1255, 608)	(1238, 607)
image	střed		(1258, 593)	(1291, 594)	(1291, 608)	(1258, 607)
image	.		(1292, 594)	(1296, 594)	(1296, 608)	(1292, 608)
image	/		(1295, 594)	(1303, 594)	(1303, 608)	(1295, 608)
image	ml		(1301, 594)	(1320, 595)	(1320, 610)	(1301, 609)
image	nožka		(1365, 596)	(1403, 596)	(1403, 607)	(1365, 607)
image	poznámka		(1424, 177)	(1491, 177)	(1491, 191)	(1424, 191)
image	miska		(1365, 723)	(1402, 723)	(1402, 734)	(1365, 734)
image	na		(1406, 723)	(1422, 723)	(1422, 734)	(1406, 734)
image	nožce		(1426, 723)	(1464, 723)	(1464, 734)	(1426, 734)
image	přetav.keramika		(1365, 974)	(1470, 973)	(1470, 987)	(1365, 988)
image	přetav.keramika		(1365, 1038)	(1471, 1038)	(1471, 1051)	(1365, 1051)
