IMAGE_NAME	DESCRIPTION	LANGUAGE	BBOX_1	BBOX_2	BBOX_3	BBOX_4
image	"Jméno: N-1016-013;označení objektu/kontextu: 2466;popis:
CASLAV SKALA
OBJ 2467
Čáslav-Skála 2003
celek od JZ
OBJEKT 2967
Jméno: N-1016-015;označení objektu/kontextu: 2467;popis:
detail vrstvy 0-10
Jméno: N-1016-017;označení objektu/kontextu: 2467;popis:
detail vrstvy 10-20
103
CASLAV SKALA
14 07 03
OBJ 2467
Jméno: N-1016-014;označení objektu/kontextu: 2467;popis:
detail vrstvy 0-10
CASLAV SKALA
14 07 03
OBJ 2467
Jméno: N-1016-016;označení objektu/kontextu: 2467;popis:
detail vrstvy 0-10
Jméno: N-1016-018;označení objektu/kontextu: 2467; popis:
detail vrstvy 10-20"	cs	(79, 93)	(1112, 93)	(1112, 1626)	(79, 1626)
image	Jméno		(79, 601)	(133, 601)	(133, 617)	(79, 617)
image	:		(134, 601)	(139, 601)	(139, 617)	(134, 617)
image	N		(144, 601)	(155, 601)	(155, 617)	(144, 617)
image	-		(157, 601)	(163, 601)	(163, 617)	(157, 617)
image	1016-013		(163, 601)	(237, 601)	(237, 617)	(163, 617)
image	;		(238, 601)	(241, 601)	(241, 617)	(238, 617)
image	označení		(243, 601)	(317, 601)	(317, 617)	(243, 617)
image	objektu		(321, 601)	(377, 601)	(377, 618)	(321, 618)
image	/		(377, 602)	(384, 602)	(384, 618)	(377, 618)
image	kontextu		(383, 602)	(450, 602)	(450, 618)	(383, 618)
image	:		(453, 602)	(458, 602)	(458, 618)	(453, 618)
image	2466		(461, 602)	(500, 602)	(500, 618)	(461, 618)
image	;		(502, 602)	(507, 602)	(507, 618)	(502, 618)
image	popis		(507, 602)	(549, 602)	(549, 618)	(507, 618)
image	:		(550, 602)	(556, 602)	(556, 618)	(550, 618)
image	CASLAV		(144, 857)	(171, 856)	(171, 866)	(144, 867)
image	SKALA		(172, 856)	(197, 855)	(197, 864)	(172, 865)
image	OBJ		(147, 882)	(164, 881)	(164, 888)	(147, 889)
image	2467		(170, 881)	(192, 880)	(192, 887)	(170, 888)
image	Čáslav		(388, 93)	(538, 94)	(538, 137)	(388, 136)
image	-		(542, 95)	(556, 95)	(556, 137)	(542, 137)
image	Skála		(559, 95)	(682, 96)	(682, 138)	(559, 137)
image	2003		(697, 96)	(803, 97)	(803, 140)	(697, 139)
image	celek		(271, 624)	(313, 624)	(313, 637)	(271, 637)
image	od		(318, 624)	(337, 624)	(337, 637)	(318, 637)
image	JZ		(343, 624)	(363, 624)	(363, 637)	(343, 637)
image	OBJEKT		(189, 1423)	(218, 1426)	(217, 1436)	(188, 1433)
image	2967		(222, 1427)	(241, 1429)	(240, 1438)	(221, 1436)
image	Jméno		(79, 1062)	(134, 1062)	(134, 1079)	(79, 1079)
image	:		(134, 1062)	(139, 1062)	(139, 1079)	(134, 1079)
image	N		(144, 1062)	(155, 1062)	(155, 1079)	(144, 1079)
image	-		(157, 1062)	(163, 1062)	(163, 1079)	(157, 1079)
image	1016-015		(164, 1062)	(238, 1062)	(238, 1079)	(164, 1079)
image	;		(238, 1062)	(241, 1062)	(241, 1079)	(238, 1079)
image	označení		(243, 1063)	(315, 1063)	(315, 1080)	(243, 1080)
image	objektu		(321, 1063)	(377, 1063)	(377, 1080)	(321, 1080)
image	/		(378, 1063)	(385, 1063)	(385, 1080)	(378, 1080)
image	kontextu		(384, 1063)	(449, 1063)	(449, 1081)	(384, 1081)
image	:		(452, 1064)	(456, 1064)	(456, 1081)	(452, 1081)
image	2467		(461, 1064)	(501, 1064)	(501, 1081)	(461, 1081)
image	;		(502, 1064)	(507, 1064)	(507, 1081)	(502, 1081)
image	popis		(507, 1064)	(549, 1064)	(549, 1081)	(507, 1081)
image	:		(549, 1064)	(554, 1064)	(554, 1081)	(549, 1081)
image	detail		(249, 1085)	(293, 1085)	(293, 1102)	(249, 1102)
image	vrstvy		(297, 1085)	(346, 1085)	(346, 1102)	(297, 1102)
image	0-10		(348, 1085)	(384, 1085)	(384, 1103)	(348, 1103)
image	Jméno		(79, 1523)	(134, 1523)	(134, 1540)	(79, 1540)
image	:		(133, 1523)	(138, 1523)	(138, 1540)	(133, 1540)
image	N		(143, 1523)	(154, 1523)	(154, 1540)	(143, 1540)
image	-		(156, 1523)	(162, 1523)	(162, 1540)	(156, 1540)
image	1016-017		(163, 1523)	(236, 1523)	(236, 1540)	(163, 1540)
image	;		(238, 1523)	(242, 1523)	(242, 1540)	(238, 1540)
image	označení		(243, 1523)	(317, 1523)	(317, 1540)	(243, 1540)
image	objektu		(321, 1523)	(377, 1523)	(377, 1541)	(321, 1541)
image	/		(378, 1524)	(384, 1524)	(384, 1541)	(378, 1541)
image	kontextu		(385, 1524)	(451, 1524)	(451, 1541)	(385, 1541)
image	:		(452, 1524)	(457, 1524)	(457, 1541)	(452, 1541)
image	2467		(461, 1524)	(501, 1524)	(501, 1541)	(461, 1541)
image	;		(502, 1524)	(506, 1524)	(506, 1541)	(502, 1541)
image	popis		(506, 1524)	(549, 1524)	(549, 1541)	(506, 1541)
image	:		(550, 1524)	(555, 1524)	(555, 1541)	(550, 1541)
image	detail		(243, 1547)	(288, 1547)	(288, 1563)	(243, 1563)
image	vrstvy		(291, 1547)	(340, 1547)	(340, 1563)	(291, 1563)
image	10-20		(345, 1547)	(390, 1547)	(390, 1563)	(345, 1563)
image	103		(582, 1614)	(609, 1614)	(609, 1626)	(582, 1626)
image	CASLAV		(650, 433)	(708, 435)	(708, 449)	(650, 447)
image	SKALA		(711, 435)	(762, 436)	(762, 449)	(711, 448)
image	14		(661, 455)	(677, 455)	(677, 466)	(661, 466)
image	07		(691, 455)	(713, 455)	(713, 466)	(691, 466)
image	03		(723, 456)	(745, 456)	(745, 467)	(723, 467)
image	OBJ		(649, 480)	(683, 480)	(683, 492)	(649, 492)
image	2467		(700, 480)	(742, 481)	(742, 494)	(700, 493)
image	Jméno		(636, 601)	(690, 601)	(690, 616)	(636, 616)
image	:		(691, 601)	(696, 601)	(696, 616)	(691, 616)
image	N		(701, 601)	(712, 601)	(712, 616)	(701, 616)
image	-		(713, 601)	(719, 601)	(719, 616)	(713, 616)
image	1016-014		(720, 601)	(793, 601)	(793, 616)	(720, 616)
image	;		(795, 601)	(799, 601)	(799, 616)	(795, 616)
image	označení		(799, 601)	(873, 601)	(873, 616)	(799, 616)
image	objektu		(878, 601)	(934, 601)	(934, 617)	(878, 617)
image	/		(935, 602)	(941, 602)	(941, 617)	(935, 617)
image	kontextu		(940, 602)	(1007, 602)	(1007, 617)	(940, 617)
image	:		(1010, 602)	(1014, 602)	(1014, 617)	(1010, 617)
image	2467		(1018, 602)	(1058, 602)	(1058, 617)	(1018, 617)
image	;		(1058, 602)	(1062, 602)	(1062, 617)	(1058, 617)
image	popis		(1064, 602)	(1105, 602)	(1105, 617)	(1064, 617)
image	:		(1106, 602)	(1110, 602)	(1110, 617)	(1106, 617)
image	detail		(806, 623)	(850, 623)	(850, 640)	(806, 640)
image	vrstvy		(854, 623)	(902, 623)	(902, 640)	(854, 640)
image	0-10		(905, 623)	(941, 623)	(941, 640)	(905, 640)
image	CASLAV		(813, 951)	(845, 947)	(846, 956)	(814, 960)
image	SKALA		(846, 947)	(874, 944)	(875, 953)	(847, 956)
image	14		(823, 962)	(832, 961)	(833, 970)	(824, 971)
image	07		(839, 961)	(851, 960)	(852, 968)	(840, 969)
image	03		(856, 959)	(869, 958)	(870, 966)	(857, 967)
image	OBJ		(822, 978)	(840, 976)	(841, 986)	(823, 988)
image	2467		(849, 975)	(872, 972)	(873, 982)	(850, 985)
image	Jméno		(636, 1061)	(690, 1061)	(690, 1078)	(636, 1078)
image	:		(690, 1061)	(695, 1061)	(695, 1078)	(690, 1078)
image	N		(701, 1061)	(712, 1061)	(712, 1078)	(701, 1078)
image	-		(714, 1061)	(720, 1061)	(720, 1078)	(714, 1078)
image	1016-016		(720, 1061)	(793, 1061)	(793, 1078)	(720, 1078)
image	;		(795, 1061)	(799, 1061)	(799, 1078)	(795, 1078)
image	označení		(800, 1061)	(873, 1061)	(873, 1079)	(800, 1079)
image	objektu		(878, 1062)	(935, 1062)	(935, 1079)	(878, 1079)
image	/		(935, 1062)	(942, 1062)	(942, 1079)	(935, 1079)
image	kontextu		(941, 1062)	(1007, 1062)	(1007, 1079)	(941, 1079)
image	:		(1009, 1063)	(1013, 1063)	(1013, 1080)	(1009, 1080)
image	2467		(1019, 1063)	(1057, 1063)	(1057, 1080)	(1019, 1080)
image	;		(1059, 1063)	(1064, 1063)	(1064, 1080)	(1059, 1080)
image	popis		(1064, 1063)	(1106, 1063)	(1106, 1080)	(1064, 1080)
image	:		(1106, 1063)	(1111, 1063)	(1111, 1080)	(1106, 1080)
image	detail		(806, 1085)	(850, 1085)	(850, 1102)	(806, 1102)
image	vrstvy		(854, 1085)	(902, 1085)	(902, 1102)	(854, 1102)
image	0-10		(905, 1085)	(941, 1085)	(941, 1102)	(905, 1102)
image	Jméno		(636, 1524)	(690, 1524)	(690, 1540)	(636, 1540)
image	:		(691, 1524)	(696, 1524)	(696, 1540)	(691, 1540)
image	N		(700, 1524)	(711, 1524)	(711, 1540)	(700, 1540)
image	-		(714, 1524)	(720, 1524)	(720, 1540)	(714, 1540)
image	1016-018		(719, 1524)	(794, 1524)	(794, 1540)	(719, 1540)
image	;		(795, 1524)	(799, 1524)	(799, 1540)	(795, 1540)
image	označení		(800, 1524)	(873, 1524)	(873, 1540)	(800, 1540)
image	objektu		(878, 1525)	(934, 1525)	(934, 1541)	(878, 1541)
image	/		(934, 1525)	(941, 1525)	(941, 1541)	(934, 1541)
image	kontextu		(940, 1525)	(1008, 1525)	(1008, 1541)	(940, 1541)
image	:		(1009, 1525)	(1014, 1525)	(1014, 1541)	(1009, 1541)
image	2467		(1018, 1525)	(1058, 1525)	(1058, 1541)	(1018, 1541)
image	;		(1059, 1525)	(1063, 1525)	(1063, 1541)	(1059, 1541)
image	popis		(1064, 1525)	(1106, 1525)	(1106, 1541)	(1064, 1541)
image	:		(1107, 1525)	(1112, 1525)	(1112, 1541)	(1107, 1541)
image	detail		(801, 1546)	(844, 1546)	(844, 1563)	(801, 1563)
image	vrstvy		(848, 1546)	(895, 1546)	(895, 1562)	(848, 1562)
image	10-20		(901, 1546)	(946, 1546)	(946, 1562)	(901, 1562)
