IMAGE_NAME	DESCRIPTION	LANGUAGE	BBOX_1	BBOX_2	BBOX_3	BBOX_4
image	"F062 Sonda S01, spodní část řezu S01-RV, pohled od Z
F066 Sonda S02, pohled na dno a zeď Z02 pohled od J
F065 Sonda S02, pohled na dno od J
F067 Sonda S02, řez S02-RJ, pohled od S
výběr z fotodokumentace
Výzkum 2015/21, PRAHA 2 - NOVÉ MĚSTO, Albertov 3a, ppč. 1556, 1557
obrazová příloha č. 38"	cs	(224, 235)	(1649, 235)	(1649, 1160)	(224, 1160)
image	F062		(224, 591)	(263, 591)	(263, 608)	(224, 608)
image	Sonda		(269, 591)	(319, 591)	(319, 608)	(269, 608)
image	S01		(324, 591)	(354, 591)	(354, 608)	(324, 608)
image	,		(356, 591)	(360, 591)	(360, 608)	(356, 608)
image	spodní		(365, 591)	(419, 591)	(419, 608)	(365, 608)
image	část		(423, 591)	(455, 591)	(455, 608)	(423, 608)
image	řezu		(461, 591)	(494, 591)	(494, 608)	(461, 608)
image	S01		(499, 591)	(528, 591)	(528, 608)	(499, 608)
image	-		(530, 591)	(536, 591)	(536, 608)	(530, 608)
image	RV		(536, 591)	(561, 591)	(561, 608)	(536, 608)
image	,		(559, 591)	(563, 591)	(563, 608)	(559, 608)
image	pohled		(569, 591)	(620, 591)	(620, 608)	(569, 608)
image	od		(626, 591)	(646, 591)	(646, 608)	(626, 608)
image	Z		(650, 591)	(661, 591)	(661, 608)	(650, 608)
image	F066		(236, 1135)	(276, 1135)	(276, 1152)	(236, 1152)
image	Sonda		(281, 1135)	(332, 1135)	(332, 1152)	(281, 1152)
image	S02		(337, 1135)	(368, 1135)	(368, 1152)	(337, 1152)
image	,		(369, 1135)	(373, 1135)	(373, 1152)	(369, 1152)
image	pohled		(379, 1135)	(430, 1135)	(430, 1152)	(379, 1152)
image	na		(436, 1135)	(454, 1135)	(454, 1152)	(436, 1152)
image	dno		(460, 1135)	(489, 1135)	(489, 1152)	(460, 1152)
image	a		(495, 1135)	(504, 1135)	(504, 1152)	(495, 1152)
image	zeď		(509, 1135)	(537, 1135)	(537, 1152)	(509, 1152)
image	Z02		(543, 1135)	(573, 1135)	(573, 1152)	(543, 1152)
image	pohled		(579, 1135)	(630, 1135)	(630, 1152)	(579, 1152)
image	od		(636, 1135)	(655, 1135)	(655, 1152)	(636, 1152)
image	J		(660, 1135)	(670, 1135)	(670, 1152)	(660, 1152)
image	F065		(1092, 590)	(1133, 590)	(1133, 606)	(1092, 606)
image	Sonda		(1138, 590)	(1189, 590)	(1189, 606)	(1138, 606)
image	S02		(1194, 590)	(1224, 590)	(1224, 606)	(1194, 606)
image	,		(1226, 590)	(1229, 590)	(1229, 606)	(1226, 606)
image	pohled		(1235, 590)	(1286, 590)	(1286, 606)	(1235, 606)
image	na		(1293, 590)	(1312, 590)	(1312, 607)	(1293, 607)
image	dno		(1317, 591)	(1346, 591)	(1346, 607)	(1317, 607)
image	od		(1351, 591)	(1369, 591)	(1369, 607)	(1351, 607)
image	J		(1375, 591)	(1384, 591)	(1384, 607)	(1375, 607)
image	F067		(1080, 1134)	(1121, 1134)	(1121, 1152)	(1080, 1152)
image	Sonda		(1124, 1134)	(1176, 1134)	(1176, 1152)	(1124, 1152)
image	S02		(1181, 1134)	(1211, 1134)	(1211, 1152)	(1181, 1152)
image	,		(1213, 1134)	(1217, 1134)	(1217, 1152)	(1213, 1152)
image	řez		(1221, 1134)	(1246, 1134)	(1246, 1152)	(1221, 1152)
image	S02		(1252, 1134)	(1282, 1134)	(1282, 1152)	(1252, 1152)
image	-		(1282, 1134)	(1288, 1134)	(1288, 1152)	(1282, 1152)
image	RJ		(1289, 1134)	(1309, 1134)	(1309, 1152)	(1289, 1152)
image	,		(1310, 1134)	(1313, 1134)	(1313, 1152)	(1310, 1152)
image	pohled		(1320, 1134)	(1372, 1134)	(1372, 1152)	(1320, 1152)
image	od		(1377, 1134)	(1396, 1134)	(1396, 1152)	(1377, 1152)
image	S		(1401, 1134)	(1413, 1134)	(1413, 1152)	(1401, 1152)
image	výběr		(1601, 498)	(1601, 557)	(1581, 557)	(1581, 498)
image	z		(1601, 563)	(1601, 574)	(1581, 574)	(1581, 563)
image	fotodokumentace		(1601, 581)	(1602, 765)	(1581, 765)	(1580, 581)
image	Výzkum		(1632, 235)	(1632, 320)	(1607, 320)	(1607, 235)
image	2015/21		(1632, 327)	(1632, 412)	(1607, 412)	(1607, 327)
image	,		(1632, 416)	(1632, 421)	(1607, 421)	(1607, 416)
image	PRAHA		(1632, 429)	(1632, 511)	(1607, 511)	(1607, 429)
image	2		(1632, 516)	(1632, 528)	(1607, 528)	(1607, 516)
image	-		(1632, 535)	(1632, 544)	(1607, 544)	(1607, 535)
image	NOVÉ		(1632, 552)	(1632, 617)	(1607, 617)	(1607, 552)
image	MĚSTO		(1632, 626)	(1632, 709)	(1607, 709)	(1607, 626)
image	,		(1632, 710)	(1632, 716)	(1607, 716)	(1607, 710)
image	Albertov		(1632, 721)	(1632, 809)	(1607, 809)	(1607, 721)
image	3a		(1632, 818)	(1632, 842)	(1607, 842)	(1607, 818)
image	,		(1632, 845)	(1632, 849)	(1607, 849)	(1607, 845)
image	ppč		(1632, 858)	(1632, 894)	(1607, 894)	(1607, 858)
image	.		(1632, 896)	(1632, 900)	(1607, 900)	(1607, 896)
image	1556		(1632, 910)	(1632, 961)	(1607, 961)	(1607, 910)
image	,		(1632, 963)	(1632, 968)	(1607, 968)	(1607, 963)
image	1557		(1632, 976)	(1632, 1028)	(1607, 1028)	(1607, 976)
image	obrazová		(1646, 1037)	(1647, 1086)	(1635, 1086)	(1634, 1037)
image	příloha		(1647, 1089)	(1648, 1127)	(1636, 1127)	(1635, 1089)
image	č		(1647, 1129)	(1647, 1135)	(1636, 1135)	(1636, 1129)
image	.		(1648, 1135)	(1648, 1139)	(1637, 1139)	(1637, 1135)
image	38		(1648, 1143)	(1648, 1160)	(1637, 1160)	(1637, 1143)
