IMAGE_NAME	DESCRIPTION	LANGUAGE	BBOX_1	BBOX_2	BBOX_3	BBOX_4
image	"C3
200,01
řez
C3B3
B3001
B3002
B3004
B3003
B3009
B3011
B3
200,01
B3008
B3004
B3
B3011
řez B3B4
B3001
-B3002-
B3003
B3009
B3008
B3004
0
B3005
1
Plán č.:
Záchranný archeologický výzkum
11 Praha - Bubeneč, Juarézova ulice, ppč. 1254
Zkoumal: Archeo Pro o.p.s. sektor č.:
Měřil:
sonda č.: B3
objekt č.:
M. Pařez
Kreslil: L. Drápela
Zpracoval: Archeo Pro o.p.s.
Poznámka:
B4
2
Výzkum č.:
27/12 AP
řez
Měřítko:
1:20
Datum:
06/2012
Souřadnicový systém: S-JTSK
ČSJNS/Bpv
Výškový systém:"	cs	(69, 108)	(2325, 108)	(2325, 1636)	(69, 1636)
image	C3		(85, 260)	(122, 261)	(121, 283)	(84, 282)
image	200,01		(69, 287)	(104, 287)	(104, 297)	(69, 297)
image	řez		(563, 111)	(626, 111)	(626, 137)	(563, 137)
image	C3B3		(684, 108)	(792, 108)	(792, 138)	(684, 138)
image	B3001		(707, 196)	(743, 196)	(743, 207)	(707, 207)
image	B3002		(706, 267)	(745, 267)	(745, 277)	(706, 277)
image	B3004		(672, 590)	(709, 590)	(709, 599)	(672, 599)
image	B3003		(842, 341)	(878, 341)	(878, 350)	(842, 350)
image	B3009		(847, 428)	(884, 426)	(884, 437)	(848, 439)
image	B3011		(974, 613)	(1012, 614)	(1012, 624)	(974, 623)
image	B3		(1004, 871)	(1042, 871)	(1042, 894)	(1004, 894)
image	200,01		(995, 898)	(1030, 898)	(1030, 908)	(995, 908)
image	B3008		(1096, 520)	(1133, 520)	(1133, 530)	(1096, 530)
image	B3004		(1158, 599)	(1195, 599)	(1195, 611)	(1158, 611)
image	B3		(1260, 260)	(1294, 260)	(1294, 281)	(1260, 281)
image	B3011		(1306, 1286)	(1342, 1286)	(1342, 1296)	(1306, 1296)
image	řez		(1490, 722)	(1551, 723)	(1551, 748)	(1490, 747)
image	B3B4		(1610, 718)	(1717, 718)	(1717, 747)	(1610, 747)
image	B3001		(1497, 844)	(1533, 844)	(1533, 854)	(1497, 854)
image	-B3002		(1484, 905)	(1524, 905)	(1524, 914)	(1484, 914)
image	B3003		(1489, 966)	(1526, 966)	(1526, 977)	(1489, 977)
image	B3009		(1488, 1056)	(1527, 1056)	(1527, 1066)	(1488, 1066)
image	B3008		(1478, 1172)	(1517, 1172)	(1517, 1182)	(1478, 1182)
image	B3004		(1507, 1287)	(1545, 1287)	(1545, 1297)	(1507, 1297)
image	0		(1745, 1388)	(1759, 1388)	(1759, 1408)	(1745, 1408)
image	B3005		(1857, 1212)	(1895, 1210)	(1895, 1222)	(1857, 1224)
image	1		(2029, 1388)	(2040, 1388)	(2040, 1407)	(2029, 1407)
image	Plán		(1753, 1441)	(1774, 1441)	(1774, 1453)	(1753, 1453)
image	č		(1778, 1441)	(1784, 1441)	(1784, 1452)	(1778, 1452)
image	.:		(1783, 1441)	(1790, 1441)	(1790, 1452)	(1783, 1452)
image	Záchranný		(1816, 1443)	(1872, 1443)	(1872, 1455)	(1816, 1455)
image	archeologický		(1877, 1443)	(1946, 1443)	(1946, 1455)	(1877, 1455)
image	výzkum		(1949, 1443)	(1986, 1443)	(1986, 1455)	(1949, 1455)
image	11		(1767, 1462)	(1785, 1462)	(1785, 1473)	(1767, 1473)
image	Praha		(1817, 1461)	(1865, 1461)	(1865, 1480)	(1817, 1480)
image	-		(1868, 1461)	(1876, 1461)	(1876, 1480)	(1868, 1480)
image	Bubeneč		(1879, 1461)	(1950, 1461)	(1950, 1480)	(1879, 1480)
image	,		(1951, 1461)	(1954, 1461)	(1954, 1480)	(1951, 1480)
image	Juarézova		(1960, 1461)	(2041, 1461)	(2041, 1480)	(1960, 1480)
image	ulice		(2047, 1461)	(2083, 1461)	(2083, 1480)	(2047, 1480)
image	,		(2083, 1461)	(2087, 1461)	(2087, 1480)	(2083, 1480)
image	ppč		(2093, 1461)	(2121, 1461)	(2121, 1480)	(2093, 1480)
image	.		(2122, 1461)	(2127, 1461)	(2127, 1480)	(2122, 1480)
image	1254		(2131, 1461)	(2170, 1461)	(2170, 1480)	(2131, 1480)
image	Zkoumal		(1759, 1492)	(1802, 1492)	(1802, 1510)	(1759, 1510)
image	:		(1803, 1492)	(1808, 1492)	(1808, 1509)	(1803, 1509)
image	Archeo		(1812, 1492)	(1870, 1491)	(1870, 1508)	(1812, 1509)
image	Pro		(1877, 1491)	(1905, 1491)	(1905, 1508)	(1877, 1508)
image	o.p.s.		(1911, 1491)	(1958, 1491)	(1958, 1508)	(1911, 1508)
image	sektor		(1970, 1490)	(2003, 1490)	(2003, 1507)	(1970, 1507)
image	č		(2004, 1490)	(2011, 1490)	(2011, 1507)	(2004, 1507)
image	.:		(2009, 1490)	(2016, 1490)	(2016, 1507)	(2009, 1507)
image	Měřil		(1759, 1520)	(1784, 1518)	(1785, 1530)	(1760, 1532)
image	:		(1783, 1518)	(1787, 1518)	(1788, 1529)	(1784, 1529)
image	sonda		(1971, 1515)	(2002, 1515)	(2002, 1526)	(1971, 1526)
image	č		(2004, 1515)	(2010, 1515)	(2010, 1526)	(2004, 1526)
image	.:		(2011, 1515)	(2017, 1515)	(2017, 1526)	(2011, 1526)
image	B3		(2025, 1515)	(2045, 1515)	(2045, 1526)	(2025, 1526)
image	objekt		(1972, 1542)	(2003, 1542)	(2003, 1556)	(1972, 1556)
image	č		(2004, 1542)	(2010, 1542)	(2010, 1555)	(2004, 1555)
image	.:		(2010, 1542)	(2016, 1542)	(2016, 1555)	(2010, 1555)
image	M.		(1806, 1518)	(1829, 1518)	(1829, 1531)	(1806, 1531)
image	Pařez		(1835, 1518)	(1880, 1518)	(1880, 1531)	(1835, 1531)
image	Kreslil		(1759, 1544)	(1792, 1544)	(1792, 1558)	(1759, 1558)
image	:		(1791, 1544)	(1796, 1544)	(1796, 1558)	(1791, 1558)
image	L.		(1807, 1544)	(1821, 1544)	(1821, 1558)	(1807, 1558)
image	Drápela		(1828, 1544)	(1890, 1544)	(1890, 1558)	(1828, 1558)
image	Zpracoval		(1759, 1568)	(1810, 1569)	(1810, 1584)	(1759, 1583)
image	:		(1810, 1569)	(1814, 1569)	(1814, 1583)	(1810, 1583)
image	Archeo		(1814, 1569)	(1873, 1570)	(1873, 1585)	(1814, 1584)
image	Pro		(1878, 1570)	(1907, 1570)	(1907, 1584)	(1878, 1584)
image	o.p.s.		(1914, 1570)	(1961, 1571)	(1961, 1586)	(1914, 1585)
image	Poznámka		(1760, 1596)	(1814, 1596)	(1814, 1607)	(1760, 1607)
image	:		(1813, 1596)	(1817, 1596)	(1817, 1607)	(1813, 1607)
image	B4		(2185, 871)	(2224, 871)	(2224, 893)	(2185, 893)
image	2		(2310, 1388)	(2325, 1388)	(2325, 1406)	(2310, 1406)
image	Výzkum		(2205, 1440)	(2246, 1441)	(2246, 1454)	(2205, 1453)
image	č		(2249, 1441)	(2255, 1441)	(2255, 1453)	(2249, 1453)
image	.:		(2254, 1441)	(2262, 1441)	(2262, 1453)	(2254, 1453)
image	27/12		(2212, 1463)	(2275, 1463)	(2275, 1480)	(2212, 1480)
image	AP		(2285, 1463)	(2312, 1463)	(2312, 1480)	(2285, 1480)
image	řez		(2192, 1519)	(2216, 1519)	(2216, 1529)	(2192, 1529)
image	Měřítko		(2111, 1547)	(2149, 1547)	(2149, 1557)	(2111, 1557)
image	:		(2149, 1547)	(2153, 1547)	(2153, 1557)	(2149, 1557)
image	1:20		(2192, 1546)	(2227, 1546)	(2227, 1557)	(2192, 1557)
image	Datum		(2111, 1573)	(2145, 1573)	(2145, 1584)	(2111, 1584)
image	:		(2144, 1573)	(2149, 1573)	(2149, 1584)	(2144, 1584)
image	06/2012		(2187, 1570)	(2253, 1570)	(2253, 1581)	(2187, 1581)
image	Souřadnicový		(2111, 1596)	(2181, 1595)	(2181, 1608)	(2111, 1609)
image	systém		(2182, 1596)	(2217, 1596)	(2217, 1608)	(2182, 1608)
image	:		(2217, 1596)	(2221, 1596)	(2221, 1608)	(2217, 1608)
image	S		(2235, 1595)	(2245, 1595)	(2245, 1607)	(2235, 1607)
image	-		(2246, 1595)	(2252, 1595)	(2252, 1607)	(2246, 1607)
image	JTSK		(2252, 1595)	(2288, 1595)	(2288, 1607)	(2252, 1607)
image	ČSJNS		(2217, 1618)	(2266, 1619)	(2266, 1635)	(2217, 1634)
image	/		(2265, 1620)	(2272, 1620)	(2272, 1635)	(2265, 1635)
image	Bpv		(2270, 1620)	(2298, 1621)	(2298, 1636)	(2270, 1635)
image	Výškový		(2111, 1620)	(2155, 1620)	(2155, 1633)	(2111, 1633)
image	systém		(2158, 1620)	(2192, 1620)	(2192, 1633)	(2158, 1633)
image	:		(2192, 1620)	(2195, 1620)	(2195, 1633)	(2192, 1633)
