IMAGE_NAME	DESCRIPTION	LANGUAGE	BBOX_1	BBOX_2	BBOX_3	BBOX_4
image	"Čáslav - Skála 2003
poč| KONTEXT ČÁST VRSTV
A
5-10 354/03
10-15 355/03
15-20 356/03
20-25 357/03
25-35
358/03
-dno 359/03
povrch 360/03
10-20 361/03
0-20
0-20
362/03
363/03
20-40 364/03
365/03
366/03
povrch 367/03
0-5 368/03
5-10
369/03
0-10 370/03
10-20 371/03
10-20 372/03
10-15 373/03
15-20 374/03
0-10 375/03
20-25 376/03
20-30 377/03
20-30 378/03
20-30 379/03
20-30 380/03
355 2466
356 2466
357 2466
358 2466
359 2466
360 2466
361 2466
362 2466
363 2466
364 2466
365 2466
366 2466
367 2466
368 2467
369 2467
370 2467
371 2467
372 2467
373 2467
374 2467
375 2467
376 2467
377 2467
378 2467
379 2467
380 2467
381 2467
J
J
J
J
J
J
S
S
S
S
S
S
Z
Z
Z
Z
40
- 40
PŘIR_Č
K_ATY K ZDK_PR K_N K_SU BI ŠI mlýn BR
P OB OF AD MA
24
2
2
0
31
2
0
7
0
0
9 0
D
25
32
14
12
75
24
5 0
1
3
3
23
4
29
14
58
19
39
10
26
35
13
41
1
5
0
0
39
0
0
0
0
0
0
1
1
0 0
0
0
1
0
základní zpracování
2
0
2
4
1
2
5
5
0
1
3
7
1
1
7
1
0
0
15
2
3
1 12
2
ONO O
0
4
7
0
0
3
0
0
0
0
0
0
0
0
0
0
0
0
0
0
0
0 62
0
0
0
0
0
0
0
28
37
8
11
31
37
14
13
8
83
28
4
30
5
29
14
74
22
42
12
27
48
62
17
50
5
44
0 1
ܘ
ܘ
ܘ
ܘ
ܘ
ܘ
܂
ܘ
ܘ
ܘ
ܘ
ܘ
ܘ
ܘ
ܘ
ܘ
ܘ
ܘ
ܘ
0 0
0
0
0
0
0
0
0
0
0
0
0
0
0
0
0
0
0
DOO O
0
0
1
0
To
0
1
0
0
0
0
0
0 0
0
0
0
0
0
0
0
0
0 0
0
0
0
0
0
0
0
O O O O O
0
0
0
0
0
0
0
0
0
0
0
0
0
0
0
0
0
0
0
0
0
0
0
0
0
0
0
0
0
0
0
0
0
0
0
0
0
0
0
OOO OOO OO
0
0
0
0
0
0
0
0
0
0
0
0
0
0
KA ΜΑ KO
59
1 107
226
45
0
0
0
42
0 70
0 207
0
0
0
3
0 162
0 360
1 28
0 213
0
3
1 750
0 28
0
213
260
0
0
10
0
0
0
1 100 13
0
11
0 60
0
0 153
0 10
0 282
0
1
500
1
15 ano
3
3
o w w
13
3
0
1
0
5
18
0
10
6
50
5
10
10
10
6
0
כן
8
U
0
5
ne
ne
ne
ano
ano
ne
ne
ne
ne
ne 0
ne
ne
ne
ne
ne
ne
ano
ne
ne
ne
ne
4 ne
ne
ano
ne
KI Dto bron
Z
ne
0
0
0
0
0
0
0
0
0
0
0
0
0
0
0
0
0
0
0
0
0
0
0
0
0
0
0
0
0
0
0
0
0
0
0
0
0
0
0
0
0
0
0
0
0
0
0
0
0
0
0
0
C
0
0 0
oc
0
0
0 0
0
0
0
0
0
0
0
0
ooooooo
0
0
0
0
0
0
0
0
0
0
Fe Str
0
Oc
0
0
0
0
0
0
0
0
0
0
0 0 10
ܘ ܘ ܘ ܘ ܘ ܘ ܘ ܘ ܘ ܘ ܘ ܘ ܘ
0
0
0
0
0
0
0
0
0
0
BR střed./ml.
BR střed./ml.
BR střed./ml.
BR střed./ml.
BR střed./ml.
BR střed./ml.
BR střed./ml.
BR střed./ml.
BR střed./ml.
BR střed./ml.
BR střed./ml.
BR střed./ml.
BR střed./ml.
BR střed./ml.
BR střed./ml.
BR střed./ml.
0 slitek str. BR střed./ml.
BR střed./ml.
BR střed./ml.
BR střed./ml.
BR střed./ml.
BR střed./ml.
BR střed./ml.
BR střed./ml.
BR střed./ml.
BR střed./ml.
BR střed./ml.
0
0
7
0
0
0
0
0
0
0
0
0
0
0
0
0
0
0
0
0
0
jiné
0
DATACE
poznámka
přetav.mazanice
maz.s glazurou
přetav.keramika
maz.s natav.,přetav.ker.
přeslen,spál.kosti
části nádob
část cedníku
přetav.keramika"	und	(57, 73)	(1520, 73)	(1520, 1166)	(57, 1166)
image	Čáslav		(57, 73)	(113, 74)	(113, 92)	(57, 91)
image	-		(117, 74)	(128, 74)	(128, 91)	(117, 91)
image	Skála		(134, 74)	(180, 75)	(180, 93)	(134, 92)
image	2003		(185, 75)	(230, 76)	(230, 94)	(185, 93)
image	poč		(61, 177)	(87, 177)	(87, 191)	(61, 191)
image	|		(85, 177)	(93, 177)	(93, 191)	(85, 191)
image	KONTEXT		(99, 177)	(163, 177)	(163, 191)	(99, 191)
image	ČÁST		(182, 175)	(215, 175)	(215, 189)	(182, 189)
image	VRSTV		(233, 177)	(275, 176)	(275, 189)	(233, 190)
image	A		(249, 198)	(261, 198)	(261, 209)	(249, 209)
image	5-10		(230, 218)	(268, 219)	(268, 230)	(230, 229)
image	354/03		(287, 218)	(333, 218)	(333, 231)	(287, 231)
image	10-15		(232, 248)	(276, 249)	(276, 262)	(232, 261)
image	355/03		(288, 248)	(335, 249)	(335, 263)	(288, 262)
image	15-20		(232, 279)	(276, 280)	(276, 295)	(232, 294)
image	356/03		(288, 280)	(335, 281)	(335, 296)	(288, 295)
image	20-25		(231, 313)	(275, 313)	(275, 325)	(231, 325)
image	357/03		(288, 313)	(334, 313)	(334, 325)	(288, 325)
image	25-35		(231, 345)	(274, 345)	(274, 357)	(231, 357)
image	358/03		(287, 345)	(334, 345)	(334, 357)	(287, 357)
image	-dno		(231, 376)	(261, 376)	(261, 387)	(231, 387)
image	359/03		(287, 376)	(334, 376)	(334, 388)	(287, 388)
image	povrch		(231, 407)	(274, 407)	(274, 421)	(231, 421)
image	360/03		(286, 407)	(334, 407)	(334, 420)	(286, 420)
image	10-20		(231, 439)	(276, 439)	(276, 451)	(231, 451)
image	361/03		(287, 439)	(335, 439)	(335, 451)	(287, 451)
image	0-20		(231, 470)	(268, 471)	(268, 483)	(231, 482)
image	0-20		(230, 502)	(267, 501)	(267, 513)	(230, 514)
image	362/03		(287, 471)	(335, 471)	(335, 483)	(287, 483)
image	363/03		(287, 502)	(335, 502)	(335, 515)	(287, 515)
image	20-40		(231, 534)	(275, 534)	(275, 546)	(231, 546)
image	364/03		(286, 534)	(335, 534)	(335, 546)	(286, 546)
image	365/03		(287, 566)	(335, 566)	(335, 579)	(287, 579)
image	366/03		(287, 596)	(335, 596)	(335, 609)	(287, 609)
image	povrch		(231, 628)	(276, 628)	(276, 642)	(231, 642)
image	367/03		(287, 628)	(336, 628)	(336, 642)	(287, 642)
image	0-5		(230, 660)	(260, 660)	(260, 672)	(230, 672)
image	368/03		(287, 660)	(334, 660)	(334, 672)	(287, 672)
image	5-10		(230, 691)	(268, 691)	(268, 702)	(230, 702)
image	369/03		(287, 691)	(335, 691)	(335, 703)	(287, 703)
image	0-10		(230, 723)	(266, 723)	(266, 733)	(230, 733)
image	370/03		(287, 723)	(335, 723)	(335, 736)	(287, 736)
image	10-20		(231, 754)	(275, 754)	(275, 766)	(231, 766)
image	371/03		(288, 754)	(335, 754)	(335, 766)	(288, 766)
image	10-20		(231, 786)	(274, 786)	(274, 798)	(231, 798)
image	372/03		(286, 786)	(335, 786)	(335, 798)	(286, 798)
image	10-15		(231, 814)	(275, 815)	(275, 829)	(231, 828)
image	373/03		(287, 815)	(335, 816)	(335, 830)	(287, 829)
image	15-20		(231, 849)	(275, 849)	(275, 861)	(231, 861)
image	374/03		(287, 849)	(335, 849)	(335, 861)	(287, 861)
image	0-10		(231, 881)	(267, 881)	(267, 891)	(231, 891)
image	375/03		(287, 882)	(334, 882)	(334, 894)	(287, 894)
image	20-25		(231, 911)	(276, 911)	(276, 924)	(231, 924)
image	376/03		(287, 911)	(335, 911)	(335, 924)	(287, 924)
image	20-30		(231, 943)	(275, 943)	(275, 955)	(231, 955)
image	377/03		(287, 943)	(334, 943)	(334, 955)	(287, 955)
image	20-30		(231, 974)	(276, 974)	(276, 986)	(231, 986)
image	378/03		(288, 974)	(335, 974)	(335, 986)	(288, 986)
image	20-30		(231, 1006)	(276, 1006)	(276, 1018)	(231, 1018)
image	379/03		(288, 1006)	(335, 1006)	(335, 1018)	(288, 1018)
image	20-30		(231, 1037)	(276, 1037)	(276, 1049)	(231, 1049)
image	380/03		(287, 1037)	(335, 1037)	(335, 1049)	(287, 1049)
image	355		(62, 219)	(85, 219)	(85, 230)	(62, 230)
image	2466		(93, 219)	(125, 219)	(125, 229)	(93, 229)
image	356		(62, 250)	(86, 250)	(86, 261)	(62, 261)
image	2466		(92, 250)	(127, 250)	(127, 261)	(92, 261)
image	357		(61, 282)	(86, 282)	(86, 293)	(61, 293)
image	2466		(93, 282)	(125, 282)	(125, 293)	(93, 293)
image	358		(62, 313)	(87, 313)	(87, 323)	(62, 323)
image	2466		(94, 313)	(126, 313)	(126, 323)	(94, 323)
image	359		(62, 345)	(86, 345)	(86, 356)	(62, 356)
image	2466		(94, 345)	(126, 345)	(126, 356)	(94, 356)
image	360		(62, 375)	(86, 376)	(86, 387)	(62, 386)
image	2466		(94, 375)	(127, 376)	(127, 388)	(94, 387)
image	361		(62, 408)	(85, 408)	(85, 419)	(62, 419)
image	2466		(93, 408)	(125, 408)	(125, 418)	(93, 418)
image	362		(62, 438)	(85, 438)	(85, 450)	(62, 450)
image	2466		(93, 438)	(125, 438)	(125, 449)	(93, 449)
image	363		(62, 471)	(86, 471)	(86, 481)	(62, 481)
image	2466		(93, 471)	(126, 471)	(126, 481)	(93, 481)
image	364		(62, 500)	(87, 501)	(87, 513)	(62, 512)
image	2466		(93, 500)	(127, 501)	(127, 514)	(93, 513)
image	365		(62, 535)	(86, 535)	(86, 546)	(62, 546)
image	2466		(93, 535)	(127, 535)	(127, 546)	(93, 546)
image	366		(62, 564)	(85, 564)	(85, 576)	(62, 576)
image	2466		(93, 564)	(125, 564)	(125, 575)	(93, 575)
image	367		(62, 596)	(85, 596)	(85, 608)	(62, 608)
image	2466		(93, 596)	(126, 596)	(126, 607)	(93, 607)
image	368		(62, 629)	(85, 629)	(85, 639)	(62, 639)
image	2467		(93, 629)	(126, 629)	(126, 639)	(93, 639)
image	369		(62, 659)	(86, 659)	(86, 670)	(62, 670)
image	2467		(94, 659)	(127, 660)	(127, 672)	(94, 671)
image	370		(62, 690)	(86, 691)	(86, 703)	(62, 702)
image	2467		(94, 690)	(127, 691)	(127, 704)	(94, 703)
image	371		(62, 723)	(85, 723)	(85, 734)	(62, 734)
image	2467		(94, 723)	(126, 724)	(126, 736)	(94, 735)
image	372		(62, 755)	(85, 755)	(85, 766)	(62, 766)
image	2467		(93, 755)	(127, 755)	(127, 766)	(93, 766)
image	373		(62, 786)	(85, 786)	(85, 797)	(62, 797)
image	2467		(93, 786)	(127, 786)	(127, 797)	(93, 797)
image	374		(62, 817)	(86, 817)	(86, 827)	(62, 827)
image	2467		(94, 817)	(127, 817)	(127, 827)	(94, 827)
image	375		(62, 848)	(85, 848)	(85, 861)	(62, 861)
image	2467		(93, 848)	(126, 848)	(126, 860)	(93, 860)
image	376		(62, 881)	(85, 881)	(85, 892)	(62, 892)
image	2467		(94, 881)	(127, 881)	(127, 892)	(94, 892)
image	377		(62, 912)	(85, 912)	(85, 924)	(62, 924)
image	2467		(93, 912)	(127, 912)	(127, 924)	(93, 924)
image	378		(62, 942)	(86, 942)	(86, 954)	(62, 954)
image	2467		(94, 942)	(126, 943)	(126, 956)	(94, 955)
image	379		(62, 975)	(85, 975)	(85, 987)	(62, 987)
image	2467		(93, 975)	(127, 975)	(127, 987)	(93, 987)
image	380		(62, 1007)	(87, 1007)	(87, 1018)	(62, 1018)
image	2467		(94, 1007)	(127, 1007)	(127, 1018)	(94, 1018)
image	381		(62, 1038)	(85, 1038)	(85, 1049)	(62, 1049)
image	2467		(93, 1038)	(127, 1038)	(127, 1049)	(93, 1049)
image	J		(171, 219)	(181, 219)	(181, 231)	(171, 231)
image	J		(171, 250)	(182, 250)	(182, 262)	(171, 262)
image	J		(172, 282)	(181, 282)	(181, 293)	(172, 293)
image	J		(172, 314)	(180, 314)	(180, 324)	(172, 324)
image	J		(172, 346)	(180, 346)	(180, 356)	(172, 356)
image	J		(172, 377)	(180, 377)	(180, 387)	(172, 387)
image	S		(173, 408)	(182, 408)	(182, 418)	(173, 418)
image	S		(173, 471)	(182, 471)	(182, 482)	(173, 482)
image	S		(173, 503)	(182, 503)	(182, 514)	(173, 514)
image	S		(173, 535)	(182, 535)	(182, 546)	(173, 546)
image	S		(173, 565)	(182, 565)	(182, 576)	(173, 576)
image	S		(173, 597)	(182, 597)	(182, 608)	(173, 608)
image	Z		(173, 661)	(182, 661)	(182, 672)	(173, 672)
image	Z		(172, 692)	(182, 692)	(182, 703)	(172, 703)
image	Z		(173, 818)	(182, 818)	(182, 828)	(173, 828)
image	Z		(173, 850)	(182, 850)	(182, 860)	(173, 860)
image	40		(239, 566)	(255, 566)	(255, 576)	(239, 576)
image	-		(230, 597)	(236, 597)	(236, 607)	(230, 607)
image	40		(238, 597)	(256, 597)	(256, 607)	(238, 607)
image	PŘIR_Č		(303, 174)	(349, 175)	(349, 191)	(303, 190)
image	K_ATY		(376, 178)	(419, 178)	(419, 191)	(376, 191)
image	K		(429, 178)	(439, 178)	(439, 191)	(429, 191)
image	ZDK_PR		(445, 178)	(506, 178)	(506, 191)	(445, 191)
image	K_N		(518, 178)	(545, 178)	(545, 191)	(518, 191)
image	K_SU		(563, 178)	(598, 178)	(598, 191)	(563, 191)
image	BI		(624, 178)	(637, 178)	(637, 189)	(624, 189)
image	ŠI		(667, 177)	(679, 177)	(679, 190)	(667, 190)
image	mlýn		(700, 177)	(732, 177)	(732, 192)	(700, 192)
image	BR		(748, 177)	(767, 177)	(767, 191)	(748, 191)
image	P		(392, 199)	(402, 199)	(402, 209)	(392, 209)
image	OB		(437, 198)	(457, 198)	(457, 209)	(437, 209)
image	OF		(479, 198)	(498, 198)	(498, 209)	(479, 209)
image	AD		(521, 197)	(541, 197)	(541, 208)	(521, 208)
image	MA		(570, 198)	(593, 198)	(593, 209)	(570, 209)
image	24		(405, 219)	(422, 219)	(422, 230)	(405, 230)
image	2		(455, 219)	(465, 219)	(465, 230)	(455, 230)
image	2		(497, 219)	(507, 219)	(507, 229)	(497, 229)
image	0		(540, 219)	(549, 219)	(549, 230)	(540, 230)
image	31		(405, 250)	(422, 250)	(422, 262)	(405, 262)
image	2		(455, 250)	(464, 250)	(464, 261)	(455, 261)
image	0		(540, 251)	(548, 251)	(548, 262)	(540, 262)
image	7		(412, 282)	(422, 282)	(422, 293)	(412, 293)
image	0		(455, 282)	(464, 282)	(464, 294)	(455, 294)
image	0		(540, 282)	(549, 282)	(549, 293)	(540, 293)
image	9		(412, 313)	(422, 313)	(422, 324)	(412, 324)
image	0		(455, 314)	(463, 314)	(463, 324)	(455, 324)
image	D		(412, 321)	(412, 310)	(421, 310)	(421, 321)
image	25		(405, 346)	(420, 346)	(420, 356)	(405, 356)
image	32		(405, 376)	(421, 376)	(421, 387)	(405, 387)
image	14		(405, 409)	(422, 409)	(422, 419)	(405, 419)
image	12		(405, 440)	(422, 440)	(422, 450)	(405, 450)
image	75		(405, 502)	(420, 502)	(420, 512)	(405, 512)
image	24		(405, 535)	(420, 535)	(420, 545)	(405, 545)
image	5		(412, 471)	(422, 471)	(422, 483)	(412, 483)
image	0		(455, 471)	(464, 471)	(464, 482)	(455, 482)
image	1		(456, 502)	(465, 502)	(465, 513)	(456, 513)
image	3		(455, 534)	(465, 534)	(465, 546)	(455, 546)
image	3		(412, 565)	(422, 565)	(422, 576)	(412, 576)
image	23		(405, 597)	(421, 597)	(421, 608)	(405, 608)
image	4		(412, 629)	(421, 629)	(421, 639)	(412, 639)
image	29		(405, 661)	(420, 661)	(420, 671)	(405, 671)
image	14		(405, 692)	(422, 692)	(422, 702)	(405, 702)
image	58		(405, 724)	(421, 724)	(421, 734)	(405, 734)
image	19		(405, 755)	(422, 755)	(422, 766)	(405, 766)
image	39		(405, 787)	(422, 787)	(422, 798)	(405, 798)
image	10		(405, 817)	(421, 817)	(421, 828)	(405, 828)
image	26		(404, 850)	(422, 850)	(422, 861)	(404, 861)
image	35		(405, 881)	(420, 881)	(420, 891)	(405, 891)
image	13		(405, 943)	(421, 943)	(421, 954)	(405, 954)
image	41		(404, 975)	(420, 975)	(420, 985)	(404, 985)
image	1		(456, 345)	(464, 345)	(464, 355)	(456, 355)
image	5		(412, 1007)	(423, 1007)	(423, 1018)	(412, 1018)
image	0		(455, 377)	(464, 377)	(464, 388)	(455, 388)
image	0		(455, 409)	(464, 409)	(464, 420)	(455, 420)
image	39		(405, 1039)	(420, 1039)	(420, 1049)	(405, 1049)
image	0		(455, 440)	(464, 440)	(464, 450)	(455, 450)
image	0		(455, 566)	(464, 566)	(464, 576)	(455, 576)
image	0		(455, 598)	(464, 598)	(464, 608)	(455, 608)
image	0		(455, 630)	(463, 630)	(463, 641)	(455, 641)
image	0		(455, 661)	(464, 661)	(464, 671)	(455, 671)
image	0		(455, 692)	(464, 692)	(464, 702)	(455, 702)
image	1		(455, 723)	(463, 723)	(463, 734)	(455, 734)
image	1		(456, 756)	(464, 756)	(464, 767)	(456, 767)
image	0		(412, 912)	(422, 912)	(422, 923)	(412, 923)
image	0		(455, 913)	(463, 913)	(463, 924)	(455, 924)
image	0		(455, 787)	(463, 787)	(463, 798)	(455, 798)
image	0		(455, 818)	(463, 818)	(463, 829)	(455, 829)
image	1		(456, 849)	(464, 849)	(464, 860)	(456, 860)
image	0		(455, 944)	(464, 944)	(464, 954)	(455, 954)
image	základní		(470, 74)	(545, 75)	(545, 94)	(470, 93)
image	zpracování		(548, 75)	(646, 76)	(646, 95)	(548, 94)
image	2		(455, 976)	(465, 976)	(465, 987)	(455, 987)
image	0		(455, 1008)	(464, 1008)	(464, 1018)	(455, 1018)
image	2		(454, 1038)	(464, 1038)	(464, 1049)	(454, 1049)
image	4		(497, 250)	(505, 250)	(505, 261)	(497, 261)
image	1		(498, 282)	(508, 282)	(508, 294)	(498, 294)
image	2		(497, 314)	(506, 314)	(506, 324)	(497, 324)
image	5		(498, 346)	(506, 346)	(506, 356)	(498, 356)
image	5		(498, 377)	(506, 377)	(506, 387)	(498, 387)
image	0		(498, 408)	(506, 408)	(506, 418)	(498, 418)
image	1		(498, 440)	(506, 440)	(506, 450)	(498, 450)
image	3		(498, 471)	(507, 471)	(507, 483)	(498, 483)
image	7		(498, 502)	(507, 502)	(507, 513)	(498, 513)
image	1		(498, 534)	(507, 534)	(507, 546)	(498, 546)
image	1		(498, 565)	(506, 565)	(506, 575)	(498, 575)
image	7		(498, 597)	(507, 597)	(507, 607)	(498, 607)
image	1		(498, 629)	(506, 629)	(506, 639)	(498, 639)
image	0		(498, 660)	(506, 660)	(506, 670)	(498, 670)
image	0		(498, 691)	(507, 691)	(507, 701)	(498, 701)
image	15		(490, 724)	(505, 724)	(505, 734)	(490, 734)
image	2		(497, 756)	(506, 756)	(506, 766)	(497, 766)
image	3		(498, 786)	(507, 786)	(507, 796)	(498, 796)
image	1		(456, 881)	(464, 881)	(464, 892)	(456, 892)
image	12		(490, 882)	(505, 882)	(505, 892)	(490, 892)
image	2		(498, 818)	(507, 818)	(507, 828)	(498, 828)
image	ONO		(494, 848)	(504, 848)	(505, 924)	(495, 924)
image	O		(496, 1006)	(505, 1006)	(505, 1016)	(496, 1016)
image	0		(498, 849)	(507, 849)	(507, 859)	(498, 859)
image	4		(498, 944)	(506, 944)	(506, 954)	(498, 954)
image	7		(498, 975)	(508, 975)	(508, 985)	(498, 985)
image	0		(498, 1007)	(506, 1007)	(506, 1017)	(498, 1017)
image	0		(540, 314)	(549, 314)	(549, 324)	(540, 324)
image	3		(498, 1038)	(507, 1038)	(507, 1049)	(498, 1049)
image	0		(540, 345)	(549, 345)	(549, 355)	(540, 355)
image	0		(540, 377)	(549, 377)	(549, 387)	(540, 387)
image	0		(540, 409)	(549, 409)	(549, 419)	(540, 419)
image	0		(540, 440)	(548, 440)	(548, 451)	(540, 451)
image	0		(540, 471)	(549, 471)	(549, 482)	(540, 482)
image	0		(540, 502)	(549, 502)	(549, 513)	(540, 513)
image	0		(540, 535)	(549, 535)	(549, 546)	(540, 546)
image	0		(540, 566)	(549, 566)	(549, 576)	(540, 576)
image	0		(540, 598)	(549, 598)	(549, 608)	(540, 608)
image	0		(540, 630)	(549, 630)	(549, 640)	(540, 640)
image	0		(540, 661)	(549, 661)	(549, 671)	(540, 671)
image	0		(540, 692)	(549, 692)	(549, 702)	(540, 702)
image	0		(540, 724)	(549, 724)	(549, 734)	(540, 734)
image	0		(540, 756)	(549, 756)	(549, 766)	(540, 766)
image	0		(540, 787)	(549, 787)	(549, 797)	(540, 797)
image	0		(498, 912)	(507, 912)	(507, 922)	(498, 922)
image	62		(533, 913)	(548, 913)	(548, 923)	(533, 923)
image	0		(540, 818)	(549, 818)	(549, 828)	(540, 828)
image	0		(540, 850)	(548, 850)	(548, 860)	(540, 860)
image	0		(540, 882)	(549, 882)	(549, 892)	(540, 892)
image	0		(540, 944)	(549, 944)	(549, 954)	(540, 954)
image	0		(540, 976)	(549, 976)	(549, 986)	(540, 986)
image	0		(540, 1008)	(549, 1008)	(549, 1018)	(540, 1018)
image	0		(540, 1038)	(549, 1038)	(549, 1049)	(540, 1049)
image	28		(588, 219)	(607, 219)	(607, 230)	(588, 230)
image	37		(589, 250)	(605, 250)	(605, 261)	(589, 261)
image	8		(596, 283)	(607, 283)	(607, 294)	(596, 294)
image	11		(589, 314)	(606, 314)	(606, 324)	(589, 324)
image	31		(589, 345)	(606, 345)	(606, 356)	(589, 356)
image	37		(589, 376)	(606, 376)	(606, 387)	(589, 387)
image	14		(589, 409)	(605, 409)	(605, 420)	(589, 420)
image	13		(589, 439)	(606, 439)	(606, 451)	(589, 451)
image	8		(596, 471)	(608, 471)	(608, 482)	(596, 482)
image	83		(588, 502)	(606, 502)	(606, 513)	(588, 513)
image	28		(588, 534)	(606, 534)	(606, 545)	(588, 545)
image	4		(597, 566)	(605, 566)	(605, 575)	(597, 575)
image	30		(589, 597)	(605, 597)	(605, 608)	(589, 608)
image	5		(597, 629)	(606, 629)	(606, 639)	(597, 639)
image	29		(588, 661)	(606, 661)	(606, 672)	(588, 672)
image	14		(589, 692)	(605, 692)	(605, 703)	(589, 703)
image	74		(589, 723)	(606, 723)	(606, 734)	(589, 734)
image	22		(588, 755)	(605, 755)	(605, 765)	(588, 765)
image	42		(588, 786)	(605, 786)	(605, 797)	(588, 797)
image	12		(589, 817)	(605, 817)	(605, 827)	(589, 827)
image	27		(588, 849)	(605, 849)	(605, 859)	(588, 859)
image	48		(588, 881)	(606, 881)	(606, 892)	(588, 892)
image	62		(588, 912)	(606, 912)	(606, 923)	(588, 923)
image	17		(589, 943)	(606, 943)	(606, 954)	(589, 954)
image	50		(589, 975)	(606, 975)	(606, 986)	(589, 986)
image	5		(597, 1008)	(606, 1008)	(606, 1018)	(597, 1018)
image	44		(589, 1038)	(605, 1038)	(605, 1048)	(589, 1048)
image	0		(639, 219)	(649, 219)	(649, 230)	(639, 230)
image	1		(682, 219)	(690, 219)	(690, 230)	(682, 230)
image	ܘ		(636, 760)	(653, 760)	(653, 765)	(636, 765)
image	ܘ		(636, 726)	(653, 726)	(653, 731)	(636, 731)
image	ܘ		(636, 694)	(653, 694)	(653, 699)	(636, 699)
image	ܘ		(636, 664)	(653, 664)	(653, 669)	(636, 669)
image	ܘ		(636, 634)	(653, 634)	(653, 639)	(636, 639)
image	ܘ		(636, 600)	(653, 600)	(653, 605)	(636, 605)
image	܂		(636, 586)	(653, 586)	(653, 591)	(636, 591)
image	ܘ		(636, 568)	(653, 568)	(653, 573)	(636, 573)
image	ܘ		(636, 538)	(653, 538)	(653, 543)	(636, 543)
image	ܘ		(636, 506)	(653, 506)	(653, 511)	(636, 511)
image	ܘ		(636, 476)	(653, 476)	(653, 481)	(636, 481)
image	ܘ		(636, 442)	(653, 442)	(653, 447)	(636, 447)
image	ܘ		(636, 412)	(653, 412)	(653, 417)	(636, 417)
image	ܘ		(636, 380)	(653, 380)	(653, 385)	(636, 385)
image	ܘ		(636, 350)	(653, 350)	(653, 355)	(636, 355)
image	ܘ		(636, 318)	(653, 318)	(653, 323)	(636, 323)
image	ܘ		(636, 286)	(653, 286)	(653, 291)	(636, 291)
image	ܘ		(636, 254)	(653, 254)	(653, 259)	(636, 259)
image	ܘ		(636, 224)	(653, 224)	(653, 229)	(636, 229)
image	0		(640, 250)	(649, 250)	(649, 260)	(640, 260)
image	0		(682, 250)	(691, 250)	(691, 261)	(682, 261)
image	0		(639, 283)	(648, 283)	(648, 293)	(639, 293)
image	0		(639, 313)	(648, 313)	(648, 323)	(639, 323)
image	0		(639, 345)	(648, 345)	(648, 355)	(639, 355)
image	0		(640, 376)	(649, 376)	(649, 386)	(640, 386)
image	0		(640, 408)	(648, 408)	(648, 418)	(640, 418)
image	0		(640, 440)	(648, 440)	(648, 450)	(640, 450)
image	0		(640, 471)	(649, 471)	(649, 481)	(640, 481)
image	0		(640, 502)	(649, 502)	(649, 512)	(640, 512)
image	0		(639, 597)	(648, 597)	(648, 607)	(639, 607)
image	0		(640, 629)	(649, 629)	(649, 639)	(640, 639)
image	0		(640, 660)	(649, 660)	(649, 670)	(640, 670)
image	0		(639, 723)	(648, 723)	(648, 733)	(639, 733)
image	0		(639, 755)	(648, 755)	(648, 765)	(639, 765)
image	0		(640, 786)	(649, 786)	(649, 796)	(640, 796)
image	0		(639, 818)	(648, 818)	(648, 828)	(639, 828)
image	0		(639, 850)	(648, 850)	(648, 860)	(639, 860)
image	0		(639, 881)	(648, 881)	(648, 891)	(639, 891)
image	DOO		(647, 919)	(648, 985)	(639, 985)	(638, 919)
image	O		(647, 1005)	(647, 1018)	(638, 1018)	(638, 1005)
image	0		(639, 975)	(648, 975)	(648, 985)	(639, 985)
image	0		(639, 1007)	(648, 1007)	(648, 1017)	(639, 1017)
image	1		(683, 282)	(691, 282)	(691, 292)	(683, 292)
image	0		(639, 1038)	(649, 1038)	(649, 1048)	(639, 1048)
image	To		(694, 303)	(694, 324)	(683, 324)	(683, 303)
image	0		(682, 313)	(691, 313)	(691, 324)	(682, 324)
image	1		(682, 345)	(691, 345)	(691, 355)	(682, 355)
image	0		(682, 408)	(691, 408)	(691, 419)	(682, 419)
image	0		(682, 439)	(691, 439)	(691, 450)	(682, 450)
image	0		(682, 471)	(691, 471)	(691, 482)	(682, 482)
image	0		(682, 502)	(692, 502)	(692, 513)	(682, 513)
image	0		(682, 534)	(691, 534)	(691, 544)	(682, 544)
image	0		(682, 376)	(691, 376)	(691, 387)	(682, 387)
image	0		(724, 377)	(733, 377)	(733, 387)	(724, 387)
image	0		(682, 565)	(691, 565)	(691, 575)	(682, 575)
image	0		(682, 597)	(691, 597)	(691, 608)	(682, 608)
image	0		(682, 630)	(691, 630)	(691, 641)	(682, 641)
image	0		(682, 661)	(691, 661)	(691, 672)	(682, 672)
image	0		(682, 691)	(691, 691)	(691, 702)	(682, 702)
image	0		(682, 723)	(691, 723)	(691, 734)	(682, 734)
image	0		(682, 755)	(691, 755)	(691, 766)	(682, 766)
image	0		(682, 787)	(691, 787)	(691, 797)	(682, 797)
image	0		(640, 912)	(649, 912)	(649, 922)	(640, 922)
image	0		(682, 912)	(691, 912)	(691, 923)	(682, 923)
image	0		(682, 943)	(691, 943)	(691, 954)	(682, 954)
image	0		(682, 975)	(691, 975)	(691, 986)	(682, 986)
image	0		(682, 1007)	(691, 1007)	(691, 1018)	(682, 1018)
image	0		(682, 818)	(691, 818)	(691, 828)	(682, 828)
image	0		(682, 850)	(691, 850)	(691, 860)	(682, 860)
image	0		(682, 882)	(691, 882)	(691, 892)	(682, 892)
image	0		(724, 219)	(733, 219)	(733, 230)	(724, 230)
image	O		(723, 219)	(732, 219)	(732, 230)	(723, 230)
image	O		(723, 247)	(732, 247)	(732, 259)	(723, 259)
image	O		(723, 279)	(732, 279)	(732, 291)	(723, 291)
image	O		(722, 310)	(731, 310)	(731, 324)	(722, 324)
image	O		(722, 342)	(731, 342)	(731, 356)	(722, 356)
image	0		(682, 1039)	(691, 1039)	(691, 1049)	(682, 1049)
image	0		(725, 250)	(734, 250)	(734, 261)	(725, 261)
image	0		(725, 283)	(733, 283)	(733, 293)	(725, 293)
image	0		(725, 314)	(733, 314)	(733, 325)	(725, 325)
image	0		(725, 345)	(734, 345)	(734, 355)	(725, 355)
image	0		(725, 409)	(733, 409)	(733, 419)	(725, 419)
image	0		(724, 440)	(733, 440)	(733, 450)	(724, 450)
image	0		(725, 471)	(734, 471)	(734, 482)	(725, 482)
image	0		(725, 502)	(734, 502)	(734, 512)	(725, 512)
image	0		(725, 534)	(734, 534)	(734, 544)	(725, 544)
image	0		(725, 566)	(734, 566)	(734, 576)	(725, 576)
image	0		(724, 598)	(733, 598)	(733, 608)	(724, 608)
image	0		(725, 629)	(733, 629)	(733, 639)	(725, 639)
image	0		(725, 660)	(733, 660)	(733, 670)	(725, 670)
image	0		(725, 692)	(733, 692)	(733, 702)	(725, 702)
image	0		(725, 723)	(734, 723)	(734, 733)	(725, 733)
image	0		(725, 755)	(734, 755)	(734, 765)	(725, 765)
image	0		(725, 786)	(733, 786)	(733, 796)	(725, 796)
image	0		(725, 818)	(733, 818)	(733, 828)	(725, 828)
image	0		(725, 850)	(733, 850)	(733, 860)	(725, 860)
image	0		(725, 882)	(733, 882)	(733, 893)	(725, 893)
image	0		(725, 912)	(733, 912)	(733, 922)	(725, 922)
image	0		(725, 943)	(734, 943)	(734, 953)	(725, 953)
image	0		(724, 976)	(733, 976)	(733, 986)	(724, 986)
image	0		(725, 1007)	(734, 1007)	(734, 1017)	(725, 1017)
image	0		(725, 1038)	(734, 1038)	(734, 1048)	(725, 1048)
image	0		(767, 220)	(776, 220)	(776, 230)	(767, 230)
image	0		(767, 250)	(776, 250)	(776, 261)	(767, 261)
image	0		(767, 283)	(776, 283)	(776, 294)	(767, 294)
image	0		(767, 313)	(776, 313)	(776, 323)	(767, 323)
image	0		(767, 345)	(776, 345)	(776, 355)	(767, 355)
image	0		(767, 376)	(776, 376)	(776, 386)	(767, 386)
image	0		(767, 408)	(775, 408)	(775, 418)	(767, 418)
image	0		(767, 439)	(775, 439)	(775, 449)	(767, 449)
image	0		(767, 471)	(776, 471)	(776, 482)	(767, 482)
image	0		(767, 503)	(776, 503)	(776, 513)	(767, 513)
image	0		(767, 535)	(776, 535)	(776, 546)	(767, 546)
image	0		(767, 565)	(776, 565)	(776, 575)	(767, 575)
image	0		(767, 597)	(776, 597)	(776, 607)	(767, 607)
image	OOO		(766, 628)	(773, 628)	(773, 703)	(766, 703)
image	OOO		(766, 722)	(773, 722)	(773, 798)	(766, 798)
image	OO		(766, 816)	(773, 816)	(773, 860)	(766, 860)
image	0		(767, 629)	(776, 629)	(776, 639)	(767, 639)
image	0		(767, 660)	(775, 660)	(775, 670)	(767, 670)
image	0		(767, 691)	(775, 691)	(775, 701)	(767, 701)
image	0		(767, 724)	(775, 724)	(775, 734)	(767, 734)
image	0		(767, 755)	(775, 755)	(775, 765)	(767, 765)
image	0		(767, 786)	(776, 786)	(776, 796)	(767, 796)
image	0		(767, 818)	(776, 818)	(776, 828)	(767, 828)
image	0		(767, 850)	(776, 850)	(776, 860)	(767, 860)
image	0		(767, 881)	(776, 881)	(776, 891)	(767, 891)
image	0		(767, 913)	(776, 913)	(776, 923)	(767, 923)
image	0		(767, 943)	(776, 943)	(776, 953)	(767, 953)
image	0		(767, 975)	(775, 975)	(775, 985)	(767, 985)
image	0		(767, 1007)	(776, 1007)	(776, 1017)	(767, 1017)
image	0		(767, 1038)	(776, 1038)	(776, 1048)	(767, 1048)
image	KA		(792, 178)	(811, 178)	(811, 189)	(792, 189)
image	ΜΑ		(830, 176)	(852, 176)	(852, 192)	(830, 192)
image	KO		(877, 178)	(894, 178)	(894, 189)	(877, 189)
image	59		(783, 1154)	(801, 1154)	(801, 1166)	(783, 1166)
image	1		(810, 219)	(819, 219)	(819, 231)	(810, 231)
image	107		(837, 219)	(861, 219)	(861, 230)	(837, 230)
image	226		(836, 248)	(862, 249)	(861, 263)	(835, 262)
image	45		(844, 282)	(860, 282)	(860, 292)	(844, 292)
image	0		(809, 251)	(818, 251)	(818, 261)	(809, 261)
image	0		(810, 282)	(818, 282)	(818, 292)	(810, 292)
image	0		(809, 314)	(818, 314)	(818, 325)	(809, 325)
image	42		(844, 313)	(859, 313)	(859, 324)	(844, 324)
image	0		(809, 346)	(818, 346)	(818, 357)	(809, 357)
image	70		(845, 346)	(860, 346)	(860, 357)	(845, 357)
image	0		(809, 377)	(818, 377)	(818, 388)	(809, 388)
image	207		(836, 375)	(860, 375)	(860, 387)	(836, 387)
image	0		(810, 409)	(819, 409)	(819, 419)	(810, 419)
image	0		(809, 535)	(817, 535)	(817, 545)	(809, 545)
image	0		(809, 566)	(818, 566)	(818, 576)	(809, 576)
image	3		(852, 408)	(860, 408)	(860, 418)	(852, 418)
image	0		(809, 756)	(818, 756)	(818, 766)	(809, 766)
image	162		(836, 755)	(860, 755)	(860, 766)	(836, 766)
image	0		(809, 786)	(818, 786)	(818, 796)	(809, 796)
image	360		(836, 786)	(861, 786)	(861, 797)	(836, 797)
image	1		(810, 817)	(818, 817)	(818, 828)	(810, 828)
image	28		(844, 817)	(861, 817)	(861, 827)	(844, 827)
image	0		(809, 850)	(818, 850)	(818, 860)	(809, 860)
image	213		(836, 850)	(862, 850)	(862, 860)	(836, 860)
image	0		(809, 975)	(818, 975)	(818, 985)	(809, 985)
image	3		(852, 629)	(861, 629)	(861, 639)	(852, 639)
image	1		(810, 882)	(819, 882)	(819, 893)	(810, 893)
image	750		(837, 881)	(861, 881)	(861, 892)	(837, 892)
image	0		(809, 913)	(818, 913)	(818, 923)	(809, 923)
image	28		(843, 912)	(862, 912)	(862, 923)	(843, 923)
image	0		(809, 943)	(818, 943)	(818, 953)	(809, 953)
image	213		(836, 943)	(861, 943)	(861, 954)	(836, 954)
image	260		(836, 975)	(861, 975)	(861, 986)	(836, 986)
image	0		(810, 1007)	(818, 1007)	(818, 1017)	(810, 1017)
image	0		(809, 440)	(818, 440)	(818, 451)	(809, 451)
image	10		(845, 439)	(861, 439)	(861, 450)	(845, 450)
image	0		(809, 471)	(818, 471)	(818, 482)	(809, 482)
image	0		(852, 471)	(861, 471)	(861, 482)	(852, 482)
image	0		(894, 471)	(903, 471)	(903, 482)	(894, 482)
image	1		(810, 503)	(819, 503)	(819, 514)	(810, 514)
image	100		(837, 502)	(862, 502)	(862, 513)	(837, 513)
image	13		(887, 502)	(904, 502)	(904, 513)	(887, 513)
image	0		(852, 534)	(861, 534)	(861, 545)	(852, 545)
image	11		(845, 565)	(860, 565)	(860, 576)	(845, 576)
image	0		(810, 598)	(818, 598)	(818, 609)	(810, 609)
image	60		(844, 597)	(861, 597)	(861, 608)	(844, 608)
image	0		(810, 629)	(819, 629)	(819, 640)	(810, 640)
image	0		(809, 661)	(818, 661)	(818, 672)	(809, 672)
image	153		(836, 660)	(862, 660)	(862, 671)	(836, 671)
image	0		(809, 692)	(818, 692)	(818, 702)	(809, 702)
image	10		(845, 691)	(860, 691)	(860, 702)	(845, 702)
image	0		(809, 723)	(818, 723)	(818, 733)	(809, 733)
image	282		(836, 723)	(861, 723)	(861, 734)	(836, 734)
image	0		(809, 1039)	(818, 1039)	(818, 1049)	(809, 1049)
image	1		(853, 1007)	(861, 1007)	(861, 1018)	(853, 1018)
image	500		(836, 1038)	(861, 1038)	(861, 1048)	(836, 1048)
image	1		(895, 282)	(904, 282)	(904, 293)	(895, 293)
image	15		(887, 219)	(904, 219)	(904, 230)	(887, 230)
image	ano		(921, 221)	(945, 221)	(945, 230)	(921, 230)
image	3		(894, 250)	(903, 250)	(903, 261)	(894, 261)
image	3		(895, 313)	(904, 313)	(904, 323)	(895, 323)
image	o		(890, 421)	(890, 409)	(902, 409)	(902, 421)
image	w		(889, 388)	(889, 377)	(901, 377)	(901, 388)
image	w		(889, 356)	(889, 345)	(901, 345)	(901, 356)
image	13		(887, 346)	(902, 346)	(902, 356)	(887, 356)
image	3		(895, 376)	(904, 376)	(904, 387)	(895, 387)
image	0		(895, 409)	(903, 409)	(903, 419)	(895, 419)
image	1		(895, 439)	(903, 439)	(903, 449)	(895, 449)
image	0		(895, 534)	(903, 534)	(903, 544)	(895, 544)
image	5		(895, 565)	(904, 565)	(904, 575)	(895, 575)
image	18		(887, 597)	(904, 597)	(904, 608)	(887, 608)
image	0		(895, 629)	(904, 629)	(904, 639)	(895, 639)
image	10		(888, 660)	(902, 660)	(902, 671)	(888, 671)
image	6		(895, 692)	(903, 692)	(903, 702)	(895, 702)
image	50		(887, 724)	(903, 724)	(903, 734)	(887, 734)
image	5		(895, 756)	(904, 756)	(904, 767)	(895, 767)
image	10		(888, 786)	(903, 786)	(903, 797)	(888, 797)
image	10		(887, 818)	(903, 818)	(903, 828)	(887, 828)
image	10		(887, 850)	(903, 850)	(903, 860)	(887, 860)
image	6		(895, 882)	(903, 882)	(903, 892)	(895, 892)
image	0		(895, 912)	(904, 912)	(904, 922)	(895, 922)
image	כן		(936, 172)	(936, 186)	(921, 186)	(921, 172)
image	8		(895, 976)	(905, 976)	(905, 986)	(895, 986)
image	U		(923, 178)	(935, 178)	(935, 189)	(923, 189)
image	0		(894, 1008)	(903, 1008)	(903, 1018)	(894, 1018)
image	5		(894, 1038)	(905, 1038)	(905, 1049)	(894, 1049)
image	ne		(930, 253)	(947, 253)	(947, 261)	(930, 261)
image	ne		(930, 285)	(946, 285)	(946, 293)	(930, 293)
image	ne		(930, 316)	(945, 316)	(945, 324)	(930, 324)
image	ano		(921, 348)	(946, 348)	(946, 356)	(921, 356)
image	ano		(921, 379)	(947, 379)	(947, 387)	(921, 387)
image	ne		(930, 442)	(946, 442)	(946, 450)	(930, 450)
image	ne		(930, 475)	(947, 475)	(947, 483)	(930, 483)
image	ne		(930, 505)	(946, 505)	(946, 513)	(930, 513)
image	ne		(930, 537)	(947, 537)	(947, 545)	(930, 545)
image	ne		(930, 411)	(946, 411)	(946, 418)	(930, 418)
image	0		(980, 408)	(989, 408)	(989, 419)	(980, 419)
image	ne		(930, 568)	(945, 568)	(945, 576)	(930, 576)
image	ne		(930, 600)	(946, 600)	(946, 608)	(930, 608)
image	ne		(930, 632)	(945, 632)	(945, 640)	(930, 640)
image	ne		(930, 663)	(946, 663)	(946, 670)	(930, 670)
image	ne		(930, 694)	(946, 694)	(946, 702)	(930, 702)
image	ne		(930, 726)	(945, 726)	(945, 734)	(930, 734)
image	ano		(921, 758)	(945, 758)	(945, 766)	(921, 766)
image	ne		(930, 789)	(946, 789)	(946, 797)	(930, 797)
image	ne		(930, 820)	(945, 820)	(945, 828)	(930, 828)
image	ne		(930, 852)	(945, 852)	(945, 860)	(930, 860)
image	ne		(930, 884)	(946, 884)	(946, 892)	(930, 892)
image	4		(895, 944)	(903, 944)	(903, 954)	(895, 954)
image	ne		(930, 946)	(945, 946)	(945, 954)	(930, 954)
image	ne		(930, 915)	(946, 915)	(946, 922)	(930, 922)
image	ano		(921, 978)	(945, 978)	(945, 986)	(921, 986)
image	ne		(930, 1010)	(946, 1010)	(946, 1018)	(930, 1018)
image	KI		(965, 178)	(978, 178)	(978, 189)	(965, 189)
image	Dto		(1002, 178)	(1026, 178)	(1026, 188)	(1002, 188)
image	bron		(1039, 178)	(1071, 178)	(1071, 188)	(1039, 188)
image	Z		(1052, 201)	(1060, 201)	(1060, 209)	(1052, 209)
image	ne		(930, 1041)	(946, 1041)	(946, 1049)	(930, 1049)
image	0		(979, 218)	(988, 218)	(988, 229)	(979, 229)
image	0		(980, 250)	(989, 250)	(989, 261)	(980, 261)
image	0		(979, 282)	(989, 282)	(989, 293)	(979, 293)
image	0		(979, 313)	(988, 313)	(988, 324)	(979, 324)
image	0		(979, 345)	(988, 345)	(988, 355)	(979, 355)
image	0		(979, 376)	(988, 376)	(988, 386)	(979, 386)
image	0		(980, 439)	(989, 439)	(989, 449)	(980, 449)
image	0		(979, 471)	(988, 471)	(988, 481)	(979, 481)
image	0		(979, 501)	(989, 501)	(989, 512)	(979, 512)
image	0		(979, 533)	(989, 533)	(989, 544)	(979, 544)
image	0		(979, 565)	(988, 565)	(988, 576)	(979, 576)
image	0		(979, 597)	(988, 597)	(988, 607)	(979, 607)
image	0		(979, 629)	(988, 629)	(988, 639)	(979, 639)
image	0		(979, 660)	(988, 660)	(988, 670)	(979, 670)
image	0		(979, 691)	(988, 691)	(988, 701)	(979, 701)
image	0		(979, 723)	(988, 723)	(988, 733)	(979, 733)
image	0		(980, 755)	(988, 755)	(988, 765)	(980, 765)
image	0		(979, 786)	(988, 786)	(988, 796)	(979, 796)
image	0		(980, 818)	(989, 818)	(989, 828)	(980, 828)
image	0		(979, 849)	(988, 849)	(988, 859)	(979, 859)
image	0		(979, 881)	(988, 881)	(988, 891)	(979, 891)
image	0		(979, 912)	(988, 912)	(988, 922)	(979, 922)
image	0		(979, 943)	(988, 943)	(988, 953)	(979, 953)
image	0		(979, 975)	(988, 975)	(988, 985)	(979, 985)
image	0		(980, 1007)	(989, 1007)	(989, 1017)	(980, 1017)
image	0		(979, 1038)	(989, 1038)	(989, 1048)	(979, 1048)
image	0		(1022, 219)	(1031, 219)	(1031, 230)	(1022, 230)
image	0		(1022, 250)	(1031, 250)	(1031, 261)	(1022, 261)
image	0		(1022, 283)	(1030, 283)	(1030, 294)	(1022, 294)
image	0		(1022, 313)	(1031, 313)	(1031, 323)	(1022, 323)
image	0		(1022, 345)	(1031, 345)	(1031, 355)	(1022, 355)
image	0		(1022, 377)	(1031, 377)	(1031, 387)	(1022, 387)
image	0		(1022, 409)	(1031, 409)	(1031, 419)	(1022, 419)
image	0		(1022, 439)	(1031, 439)	(1031, 449)	(1022, 449)
image	0		(1022, 471)	(1031, 471)	(1031, 482)	(1022, 482)
image	0		(1022, 502)	(1031, 502)	(1031, 513)	(1022, 513)
image	0		(1022, 534)	(1031, 534)	(1031, 545)	(1022, 545)
image	0		(1022, 565)	(1031, 565)	(1031, 575)	(1022, 575)
image	0		(1022, 598)	(1031, 598)	(1031, 608)	(1022, 608)
image	0		(1022, 630)	(1031, 630)	(1031, 640)	(1022, 640)
image	0		(1022, 661)	(1031, 661)	(1031, 671)	(1022, 671)
image	0		(1022, 691)	(1031, 691)	(1031, 701)	(1022, 701)
image	0		(1022, 724)	(1031, 724)	(1031, 734)	(1022, 734)
image	0		(1022, 756)	(1031, 756)	(1031, 766)	(1022, 766)
image	0		(1022, 786)	(1031, 786)	(1031, 796)	(1022, 796)
image	0		(1022, 817)	(1030, 817)	(1030, 827)	(1022, 827)
image	0		(1022, 850)	(1031, 850)	(1031, 860)	(1022, 860)
image	0		(1022, 881)	(1031, 881)	(1031, 891)	(1022, 891)
image	0		(1022, 913)	(1031, 913)	(1031, 923)	(1022, 923)
image	0		(1022, 943)	(1031, 943)	(1031, 953)	(1022, 953)
image	0		(1022, 976)	(1031, 976)	(1031, 986)	(1022, 986)
image	0		(1022, 1007)	(1031, 1007)	(1031, 1017)	(1022, 1017)
image	C		(1023, 1037)	(1030, 1037)	(1030, 1047)	(1023, 1047)
image	0		(1022, 1039)	(1031, 1039)	(1031, 1049)	(1022, 1049)
image	0		(1064, 219)	(1074, 219)	(1074, 230)	(1064, 230)
image	0		(1107, 219)	(1116, 219)	(1116, 230)	(1107, 230)
image	oc		(1073, 221)	(1073, 260)	(1065, 260)	(1065, 221)
image	0		(1065, 313)	(1074, 313)	(1074, 324)	(1065, 324)
image	0		(1065, 345)	(1074, 345)	(1074, 356)	(1065, 356)
image	0		(1065, 250)	(1074, 250)	(1074, 261)	(1065, 261)
image	0		(1107, 251)	(1115, 251)	(1115, 261)	(1107, 261)
image	0		(1064, 282)	(1073, 282)	(1073, 293)	(1064, 293)
image	0		(1065, 377)	(1073, 377)	(1073, 387)	(1065, 387)
image	0		(1064, 409)	(1073, 409)	(1073, 419)	(1064, 419)
image	0		(1065, 440)	(1073, 440)	(1073, 450)	(1065, 450)
image	0		(1065, 471)	(1074, 471)	(1074, 482)	(1065, 482)
image	0		(1064, 502)	(1073, 502)	(1073, 513)	(1064, 513)
image	0		(1064, 534)	(1073, 534)	(1073, 545)	(1064, 545)
image	0		(1065, 565)	(1074, 565)	(1074, 576)	(1065, 576)
image	ooooooo		(1073, 596)	(1072, 798)	(1063, 798)	(1064, 596)
image	0		(1065, 629)	(1074, 629)	(1074, 640)	(1065, 640)
image	0		(1065, 661)	(1073, 661)	(1073, 672)	(1065, 672)
image	0		(1065, 691)	(1073, 691)	(1073, 701)	(1065, 701)
image	0		(1065, 756)	(1074, 756)	(1074, 766)	(1065, 766)
image	0		(1065, 787)	(1073, 787)	(1073, 797)	(1065, 797)
image	0		(1065, 818)	(1073, 818)	(1073, 827)	(1065, 827)
image	0		(1065, 849)	(1073, 849)	(1073, 859)	(1065, 859)
image	0		(1065, 881)	(1074, 881)	(1074, 892)	(1065, 892)
image	0		(1065, 913)	(1073, 913)	(1073, 923)	(1065, 923)
image	0		(1065, 943)	(1073, 943)	(1073, 953)	(1065, 953)
image	Fe		(1090, 177)	(1107, 177)	(1107, 189)	(1090, 189)
image	Str		(1131, 178)	(1151, 178)	(1151, 189)	(1131, 189)
image	0		(1065, 975)	(1073, 975)	(1073, 985)	(1065, 985)
image	Oc		(1115, 219)	(1115, 260)	(1106, 260)	(1106, 219)
image	0		(1065, 1007)	(1074, 1007)	(1074, 1017)	(1065, 1017)
image	0		(1065, 1038)	(1073, 1038)	(1073, 1048)	(1065, 1048)
image	0		(1108, 282)	(1116, 282)	(1116, 292)	(1108, 292)
image	0		(1107, 314)	(1115, 314)	(1115, 324)	(1107, 324)
image	0		(1107, 346)	(1115, 346)	(1115, 356)	(1107, 356)
image	0		(1107, 377)	(1116, 377)	(1116, 387)	(1107, 387)
image	0		(1107, 409)	(1115, 409)	(1115, 419)	(1107, 419)
image	0		(1107, 440)	(1115, 440)	(1115, 451)	(1107, 451)
image	0		(1107, 471)	(1116, 471)	(1116, 482)	(1107, 482)
image	0		(1107, 503)	(1115, 503)	(1115, 513)	(1107, 513)
image	0		(1065, 597)	(1074, 597)	(1074, 608)	(1065, 608)
image	0		(1107, 598)	(1115, 598)	(1115, 609)	(1107, 609)
image	10		(1142, 598)	(1158, 598)	(1158, 608)	(1142, 608)
image	ܘ		(1105, 545)	(1105, 534)	(1114, 534)	(1114, 545)
image	ܘ		(1105, 576)	(1105, 565)	(1114, 565)	(1114, 576)
image	ܘ		(1105, 608)	(1105, 597)	(1114, 597)	(1114, 608)
image	ܘ		(1105, 640)	(1105, 630)	(1114, 630)	(1114, 640)
image	ܘ		(1105, 671)	(1105, 660)	(1114, 660)	(1114, 671)
image	ܘ		(1105, 702)	(1105, 692)	(1114, 692)	(1114, 702)
image	ܘ		(1105, 734)	(1105, 724)	(1114, 724)	(1114, 734)
image	ܘ		(1105, 766)	(1105, 756)	(1114, 756)	(1114, 766)
image	ܘ		(1105, 797)	(1105, 787)	(1114, 787)	(1114, 797)
image	ܘ		(1105, 828)	(1105, 817)	(1114, 817)	(1114, 828)
image	ܘ		(1105, 860)	(1105, 849)	(1114, 849)	(1114, 860)
image	ܘ		(1105, 892)	(1105, 881)	(1114, 881)	(1114, 892)
image	ܘ		(1106, 923)	(1106, 913)	(1115, 913)	(1115, 923)
image	0		(1108, 692)	(1116, 692)	(1116, 703)	(1108, 703)
image	0		(1107, 850)	(1116, 850)	(1116, 860)	(1107, 860)
image	0		(1107, 882)	(1115, 882)	(1115, 892)	(1107, 892)
image	0		(1107, 943)	(1116, 943)	(1116, 954)	(1107, 954)
image	0		(1107, 976)	(1115, 976)	(1115, 986)	(1107, 986)
image	0		(1107, 1008)	(1115, 1008)	(1115, 1018)	(1107, 1018)
image	0		(1107, 1038)	(1116, 1038)	(1116, 1048)	(1107, 1048)
image	0		(1150, 220)	(1159, 220)	(1159, 231)	(1150, 231)
image	0		(1150, 250)	(1159, 250)	(1159, 261)	(1150, 261)
image	0		(1150, 282)	(1160, 282)	(1160, 293)	(1150, 293)
image	BR		(1238, 217)	(1253, 217)	(1253, 231)	(1238, 231)
image	střed		(1257, 217)	(1290, 217)	(1290, 230)	(1257, 230)
image	.		(1291, 217)	(1295, 217)	(1295, 230)	(1291, 230)
image	/		(1294, 217)	(1301, 217)	(1301, 230)	(1294, 230)
image	ml		(1301, 217)	(1318, 217)	(1318, 230)	(1301, 230)
image	.		(1318, 217)	(1322, 217)	(1322, 230)	(1318, 230)
image	BR		(1238, 249)	(1254, 249)	(1254, 262)	(1238, 262)
image	střed		(1258, 249)	(1291, 249)	(1291, 262)	(1258, 262)
image	.		(1293, 249)	(1298, 249)	(1298, 262)	(1293, 262)
image	/		(1295, 249)	(1302, 249)	(1302, 262)	(1295, 262)
image	ml		(1302, 249)	(1319, 249)	(1319, 262)	(1302, 262)
image	.		(1319, 249)	(1323, 249)	(1323, 262)	(1319, 262)
image	BR		(1238, 281)	(1254, 281)	(1254, 294)	(1238, 294)
image	střed		(1258, 281)	(1291, 281)	(1291, 294)	(1258, 294)
image	.		(1292, 281)	(1296, 281)	(1296, 294)	(1292, 294)
image	/		(1295, 281)	(1302, 281)	(1302, 294)	(1295, 294)
image	ml		(1302, 281)	(1319, 281)	(1319, 294)	(1302, 294)
image	.		(1319, 281)	(1323, 281)	(1323, 294)	(1319, 294)
image	BR		(1238, 312)	(1254, 312)	(1254, 325)	(1238, 325)
image	střed		(1258, 312)	(1290, 312)	(1290, 325)	(1258, 325)
image	.		(1292, 312)	(1296, 312)	(1296, 325)	(1292, 325)
image	/		(1295, 312)	(1302, 312)	(1302, 325)	(1295, 325)
image	ml		(1302, 312)	(1318, 312)	(1318, 326)	(1302, 326)
image	.		(1319, 313)	(1322, 313)	(1322, 326)	(1319, 326)
image	BR		(1238, 344)	(1254, 344)	(1254, 357)	(1238, 357)
image	střed		(1258, 344)	(1289, 344)	(1289, 357)	(1258, 357)
image	.		(1293, 344)	(1297, 344)	(1297, 357)	(1293, 357)
image	/		(1294, 344)	(1301, 344)	(1301, 357)	(1294, 357)
image	ml		(1302, 344)	(1318, 344)	(1318, 357)	(1302, 357)
image	.		(1319, 344)	(1322, 344)	(1322, 357)	(1319, 357)
image	BR		(1238, 375)	(1254, 375)	(1254, 388)	(1238, 388)
image	střed		(1258, 375)	(1289, 375)	(1289, 388)	(1258, 388)
image	.		(1292, 375)	(1296, 375)	(1296, 388)	(1292, 388)
image	/		(1295, 375)	(1302, 375)	(1302, 388)	(1295, 388)
image	ml		(1302, 375)	(1319, 375)	(1319, 388)	(1302, 388)
image	.		(1319, 375)	(1322, 375)	(1322, 388)	(1319, 388)
image	BR		(1238, 407)	(1254, 407)	(1254, 420)	(1238, 420)
image	střed		(1258, 407)	(1290, 407)	(1290, 420)	(1258, 420)
image	.		(1292, 407)	(1295, 407)	(1295, 420)	(1292, 420)
image	/		(1296, 407)	(1303, 407)	(1303, 420)	(1296, 420)
image	ml		(1302, 407)	(1318, 407)	(1318, 421)	(1302, 421)
image	.		(1319, 408)	(1322, 408)	(1322, 421)	(1319, 421)
image	BR		(1238, 438)	(1253, 438)	(1253, 451)	(1238, 451)
image	střed		(1257, 438)	(1289, 438)	(1289, 450)	(1257, 450)
image	.		(1291, 438)	(1294, 438)	(1294, 450)	(1291, 450)
image	/		(1295, 438)	(1301, 438)	(1301, 450)	(1295, 450)
image	ml		(1301, 438)	(1318, 438)	(1318, 450)	(1301, 450)
image	.		(1318, 438)	(1321, 438)	(1321, 450)	(1318, 450)
image	BR		(1238, 470)	(1254, 470)	(1254, 483)	(1238, 483)
image	střed		(1258, 470)	(1289, 470)	(1289, 483)	(1258, 483)
image	.		(1292, 470)	(1296, 470)	(1296, 483)	(1292, 483)
image	/		(1294, 470)	(1301, 470)	(1301, 483)	(1294, 483)
image	ml		(1302, 470)	(1318, 470)	(1318, 483)	(1302, 483)
image	.		(1319, 470)	(1323, 470)	(1323, 483)	(1319, 483)
image	BR		(1238, 501)	(1254, 501)	(1254, 514)	(1238, 514)
image	střed		(1257, 501)	(1291, 501)	(1291, 514)	(1257, 514)
image	.		(1292, 501)	(1296, 501)	(1296, 514)	(1292, 514)
image	/		(1295, 501)	(1302, 501)	(1302, 514)	(1295, 514)
image	ml		(1302, 501)	(1319, 501)	(1319, 514)	(1302, 514)
image	.		(1319, 501)	(1323, 501)	(1323, 514)	(1319, 514)
image	BR		(1238, 533)	(1254, 533)	(1254, 546)	(1238, 546)
image	střed		(1258, 533)	(1291, 533)	(1291, 546)	(1258, 546)
image	.		(1292, 533)	(1296, 533)	(1296, 546)	(1292, 546)
image	/		(1295, 533)	(1302, 533)	(1302, 546)	(1295, 546)
image	ml		(1302, 533)	(1319, 533)	(1319, 546)	(1302, 546)
image	.		(1319, 533)	(1323, 533)	(1323, 546)	(1319, 546)
image	BR		(1238, 564)	(1254, 564)	(1254, 577)	(1238, 577)
image	střed		(1258, 564)	(1289, 564)	(1289, 577)	(1258, 577)
image	.		(1292, 564)	(1296, 564)	(1296, 577)	(1292, 577)
image	/		(1294, 564)	(1301, 564)	(1301, 577)	(1294, 577)
image	ml		(1302, 564)	(1318, 564)	(1318, 577)	(1302, 577)
image	.		(1319, 564)	(1323, 564)	(1323, 577)	(1319, 577)
image	BR		(1238, 596)	(1254, 596)	(1254, 610)	(1238, 610)
image	střed		(1258, 596)	(1290, 596)	(1290, 610)	(1258, 610)
image	.		(1293, 596)	(1297, 596)	(1297, 610)	(1293, 610)
image	/		(1295, 596)	(1302, 596)	(1302, 610)	(1295, 610)
image	ml		(1302, 596)	(1319, 596)	(1319, 610)	(1302, 610)
image	.		(1319, 596)	(1322, 596)	(1322, 610)	(1319, 610)
image	BR		(1238, 628)	(1254, 628)	(1254, 641)	(1238, 641)
image	střed		(1258, 628)	(1289, 628)	(1289, 641)	(1258, 641)
image	.		(1293, 628)	(1297, 628)	(1297, 641)	(1293, 641)
image	/		(1294, 628)	(1301, 628)	(1301, 641)	(1294, 641)
image	ml		(1302, 628)	(1318, 628)	(1318, 641)	(1302, 641)
image	.		(1319, 628)	(1322, 628)	(1322, 641)	(1319, 641)
image	BR		(1238, 659)	(1254, 659)	(1254, 672)	(1238, 672)
image	střed		(1258, 659)	(1289, 659)	(1289, 672)	(1258, 672)
image	.		(1292, 659)	(1296, 659)	(1296, 672)	(1292, 672)
image	/		(1295, 659)	(1302, 659)	(1302, 672)	(1295, 672)
image	ml		(1302, 659)	(1319, 659)	(1319, 672)	(1302, 672)
image	.		(1319, 659)	(1322, 659)	(1322, 672)	(1319, 672)
image	BR		(1238, 691)	(1254, 691)	(1254, 704)	(1238, 704)
image	střed		(1258, 691)	(1290, 691)	(1290, 704)	(1258, 704)
image	.		(1293, 691)	(1296, 691)	(1296, 704)	(1293, 704)
image	/		(1295, 691)	(1302, 691)	(1302, 704)	(1295, 704)
image	ml		(1302, 691)	(1319, 691)	(1319, 704)	(1302, 704)
image	.		(1319, 691)	(1322, 691)	(1322, 704)	(1319, 704)
image	0		(1150, 723)	(1158, 723)	(1158, 735)	(1150, 735)
image	slitek		(1166, 723)	(1200, 723)	(1200, 735)	(1166, 735)
image	str		(1204, 723)	(1221, 723)	(1221, 735)	(1204, 735)
image	.		(1222, 723)	(1226, 723)	(1226, 735)	(1222, 735)
image	BR		(1237, 723)	(1253, 723)	(1253, 735)	(1237, 735)
image	střed		(1258, 723)	(1290, 723)	(1290, 735)	(1258, 735)
image	.		(1292, 723)	(1296, 723)	(1296, 735)	(1292, 735)
image	/		(1295, 723)	(1302, 723)	(1302, 735)	(1295, 735)
image	ml		(1302, 723)	(1319, 723)	(1319, 735)	(1302, 735)
image	.		(1319, 723)	(1324, 723)	(1324, 735)	(1319, 735)
image	BR		(1238, 755)	(1253, 755)	(1253, 767)	(1238, 767)
image	střed		(1258, 755)	(1289, 755)	(1289, 767)	(1258, 767)
image	.		(1292, 755)	(1295, 755)	(1295, 767)	(1292, 767)
image	/		(1294, 755)	(1301, 755)	(1301, 767)	(1294, 767)
image	ml		(1302, 755)	(1318, 755)	(1318, 767)	(1302, 767)
image	.		(1319, 755)	(1322, 755)	(1322, 767)	(1319, 767)
image	BR		(1238, 786)	(1254, 786)	(1254, 798)	(1238, 798)
image	střed		(1258, 786)	(1291, 786)	(1291, 798)	(1258, 798)
image	.		(1292, 786)	(1296, 786)	(1296, 798)	(1292, 798)
image	/		(1295, 786)	(1302, 786)	(1302, 798)	(1295, 798)
image	ml		(1302, 786)	(1318, 786)	(1318, 798)	(1302, 798)
image	.		(1319, 786)	(1322, 786)	(1322, 798)	(1319, 798)
image	BR		(1238, 817)	(1253, 817)	(1253, 829)	(1238, 829)
image	střed		(1258, 817)	(1289, 817)	(1289, 829)	(1258, 829)
image	.		(1292, 817)	(1296, 817)	(1296, 829)	(1292, 829)
image	/		(1294, 817)	(1301, 817)	(1301, 829)	(1294, 829)
image	ml		(1302, 817)	(1318, 817)	(1318, 829)	(1302, 829)
image	.		(1319, 817)	(1322, 817)	(1322, 829)	(1319, 829)
image	BR		(1238, 849)	(1253, 849)	(1253, 861)	(1238, 861)
image	střed		(1258, 849)	(1289, 849)	(1289, 861)	(1258, 861)
image	.		(1292, 849)	(1296, 849)	(1296, 861)	(1292, 861)
image	/		(1294, 849)	(1301, 849)	(1301, 861)	(1294, 861)
image	ml		(1302, 849)	(1318, 849)	(1318, 861)	(1302, 861)
image	.		(1319, 849)	(1322, 849)	(1322, 861)	(1319, 861)
image	BR		(1238, 880)	(1254, 880)	(1254, 892)	(1238, 892)
image	střed		(1258, 880)	(1290, 880)	(1290, 892)	(1258, 892)
image	.		(1292, 880)	(1295, 880)	(1295, 892)	(1292, 892)
image	/		(1296, 880)	(1303, 880)	(1303, 892)	(1296, 892)
image	ml		(1302, 880)	(1318, 880)	(1318, 893)	(1302, 893)
image	.		(1319, 881)	(1322, 881)	(1322, 893)	(1319, 893)
image	BR		(1238, 910)	(1254, 910)	(1254, 923)	(1238, 923)
image	střed		(1258, 909)	(1290, 910)	(1290, 924)	(1258, 923)
image	.		(1292, 911)	(1295, 911)	(1295, 924)	(1292, 924)
image	/		(1295, 911)	(1302, 911)	(1302, 924)	(1295, 924)
image	ml		(1302, 911)	(1319, 911)	(1319, 924)	(1302, 924)
image	.		(1319, 911)	(1322, 911)	(1322, 924)	(1319, 924)
image	BR		(1238, 942)	(1254, 942)	(1254, 956)	(1238, 956)
image	střed		(1258, 942)	(1290, 942)	(1290, 956)	(1258, 956)
image	.		(1292, 942)	(1296, 942)	(1296, 956)	(1292, 956)
image	/		(1295, 942)	(1302, 942)	(1302, 956)	(1295, 956)
image	ml		(1302, 942)	(1319, 942)	(1319, 956)	(1302, 956)
image	.		(1319, 942)	(1322, 942)	(1322, 956)	(1319, 956)
image	BR		(1238, 974)	(1254, 974)	(1254, 987)	(1238, 987)
image	střed		(1258, 974)	(1290, 974)	(1290, 987)	(1258, 987)
image	.		(1292, 974)	(1295, 974)	(1295, 987)	(1292, 987)
image	/		(1295, 974)	(1302, 974)	(1302, 987)	(1295, 987)
image	ml		(1302, 974)	(1319, 974)	(1319, 987)	(1302, 987)
image	.		(1319, 974)	(1322, 974)	(1322, 987)	(1319, 987)
image	BR		(1238, 1007)	(1253, 1007)	(1253, 1019)	(1238, 1019)
image	střed		(1258, 1007)	(1289, 1007)	(1289, 1019)	(1258, 1019)
image	.		(1292, 1007)	(1295, 1007)	(1295, 1019)	(1292, 1019)
image	/		(1294, 1007)	(1301, 1007)	(1301, 1019)	(1294, 1019)
image	ml		(1302, 1007)	(1318, 1007)	(1318, 1019)	(1302, 1019)
image	.		(1319, 1007)	(1322, 1007)	(1322, 1019)	(1319, 1019)
image	BR		(1238, 1038)	(1254, 1038)	(1254, 1051)	(1238, 1051)
image	střed		(1258, 1038)	(1290, 1038)	(1290, 1051)	(1258, 1051)
image	.		(1293, 1038)	(1296, 1038)	(1296, 1051)	(1293, 1051)
image	/		(1295, 1038)	(1302, 1038)	(1302, 1051)	(1295, 1051)
image	ml		(1302, 1038)	(1319, 1038)	(1319, 1051)	(1302, 1051)
image	.		(1319, 1038)	(1322, 1038)	(1322, 1051)	(1319, 1051)
image	0		(1150, 314)	(1158, 314)	(1158, 324)	(1150, 324)
image	0		(1150, 346)	(1159, 346)	(1159, 356)	(1150, 356)
image	7		(1150, 377)	(1159, 377)	(1159, 387)	(1150, 387)
image	0		(1150, 409)	(1158, 409)	(1158, 419)	(1150, 419)
image	0		(1150, 440)	(1158, 440)	(1158, 450)	(1150, 450)
image	0		(1150, 471)	(1159, 471)	(1159, 482)	(1150, 482)
image	0		(1150, 503)	(1159, 503)	(1159, 513)	(1150, 513)
image	0		(1150, 535)	(1159, 535)	(1159, 545)	(1150, 545)
image	0		(1150, 565)	(1159, 565)	(1159, 575)	(1150, 575)
image	0		(1150, 629)	(1159, 629)	(1159, 639)	(1150, 639)
image	0		(1150, 660)	(1159, 660)	(1159, 670)	(1150, 670)
image	0		(1150, 691)	(1159, 691)	(1159, 701)	(1150, 701)
image	0		(1150, 755)	(1159, 755)	(1159, 765)	(1150, 765)
image	0		(1150, 786)	(1159, 786)	(1159, 796)	(1150, 796)
image	0		(1150, 817)	(1158, 817)	(1158, 827)	(1150, 827)
image	0		(1150, 849)	(1159, 849)	(1159, 859)	(1150, 859)
image	0		(1150, 881)	(1159, 881)	(1159, 891)	(1150, 891)
image	0		(1150, 913)	(1159, 913)	(1159, 922)	(1150, 922)
image	0		(1150, 944)	(1159, 944)	(1159, 953)	(1150, 953)
image	0		(1150, 975)	(1159, 975)	(1159, 986)	(1150, 986)
image	0		(1150, 1007)	(1159, 1007)	(1159, 1017)	(1150, 1017)
image	jiné		(1184, 177)	(1209, 177)	(1209, 191)	(1184, 191)
image	0		(1150, 1039)	(1159, 1039)	(1159, 1049)	(1150, 1049)
image	DATACE		(1270, 178)	(1322, 178)	(1322, 189)	(1270, 189)
image	poznámka		(1424, 177)	(1491, 177)	(1491, 191)	(1424, 191)
image	přetav.mazanice		(1365, 250)	(1473, 250)	(1473, 264)	(1365, 264)
image	maz.s		(1365, 313)	(1403, 313)	(1403, 326)	(1365, 326)
image	glazurou		(1405, 313)	(1462, 313)	(1462, 326)	(1405, 326)
image	přetav.keramika		(1365, 407)	(1470, 405)	(1470, 420)	(1365, 422)
image	maz.s		(1365, 723)	(1403, 723)	(1403, 737)	(1365, 737)
image	natav		(1406, 723)	(1441, 723)	(1441, 737)	(1406, 737)
image	.		(1441, 723)	(1445, 723)	(1445, 737)	(1441, 737)
image	,		(1446, 723)	(1450, 723)	(1450, 737)	(1446, 737)
image	přetav.ker		(1451, 723)	(1517, 723)	(1517, 737)	(1451, 737)
image	.		(1517, 723)	(1520, 723)	(1520, 737)	(1517, 737)
image	přeslen		(1365, 880)	(1411, 880)	(1411, 895)	(1365, 895)
image	,		(1412, 880)	(1416, 880)	(1416, 894)	(1412, 894)
image	spál.kosti		(1416, 880)	(1478, 879)	(1478, 893)	(1416, 894)
image	části		(1365, 912)	(1393, 912)	(1393, 923)	(1365, 923)
image	nádob		(1398, 912)	(1438, 912)	(1438, 923)	(1398, 923)
image	část		(1365, 974)	(1391, 974)	(1391, 986)	(1365, 986)
image	cedníku		(1395, 974)	(1444, 974)	(1444, 986)	(1395, 986)
image	přetav.keramika		(1365, 1038)	(1471, 1038)	(1471, 1051)	(1365, 1051)
