IMAGE_NAME	DESCRIPTION	LANGUAGE	BBOX_1	BBOX_2	BBOX_3	BBOX_4
image	"F076 Sonda S05, pohled na dno od S
F081 Sonda S05, řez S05-RJ, pohled od S
F077 Sonda S05, řez S05-RJ, pohled od S
F082 Sonda S05, západní, kresebně nedokumentovaný řez, pohled od V
výběr z fotodokumentace
Výzkum 2015/21, PRAHA 2 - NOVÉ MĚSTO, Albertov 3a, ppč. 1556, 1557
obrazová příloha č. 42"	cs	(270, 235)	(1648, 235)	(1648, 1160)	(270, 1160)
image	F076		(287, 590)	(327, 590)	(327, 605)	(287, 605)
image	Sonda		(333, 590)	(383, 590)	(383, 605)	(333, 605)
image	S05		(389, 590)	(419, 590)	(419, 606)	(389, 606)
image	,		(421, 591)	(424, 591)	(424, 606)	(421, 606)
image	pohled		(430, 591)	(481, 591)	(481, 606)	(430, 606)
image	na		(487, 591)	(505, 591)	(505, 606)	(487, 606)
image	dno		(511, 591)	(540, 591)	(540, 607)	(511, 607)
image	od		(546, 592)	(563, 592)	(563, 607)	(546, 607)
image	S		(570, 592)	(580, 592)	(580, 607)	(570, 607)
image	F081		(270, 1141)	(309, 1141)	(309, 1156)	(270, 1156)
image	Sonda		(315, 1141)	(366, 1141)	(366, 1156)	(315, 1156)
image	S05		(371, 1141)	(402, 1141)	(402, 1156)	(371, 1156)
image	,		(403, 1141)	(406, 1141)	(406, 1156)	(403, 1156)
image	řez		(412, 1141)	(436, 1141)	(436, 1156)	(412, 1156)
image	S05		(442, 1141)	(473, 1141)	(473, 1156)	(442, 1156)
image	-		(473, 1141)	(478, 1141)	(478, 1156)	(473, 1156)
image	RJ		(479, 1141)	(499, 1141)	(499, 1156)	(479, 1156)
image	,		(501, 1141)	(505, 1141)	(505, 1156)	(501, 1156)
image	pohled		(510, 1141)	(562, 1141)	(562, 1156)	(510, 1156)
image	od		(568, 1141)	(586, 1141)	(586, 1156)	(568, 1156)
image	S		(592, 1141)	(603, 1141)	(603, 1156)	(592, 1156)
image	F077		(1067, 591)	(1106, 591)	(1106, 606)	(1067, 606)
image	Sonda		(1111, 591)	(1163, 591)	(1163, 606)	(1111, 606)
image	S05		(1167, 591)	(1198, 591)	(1198, 606)	(1167, 606)
image	,		(1200, 591)	(1204, 591)	(1204, 606)	(1200, 606)
image	řez		(1208, 591)	(1232, 591)	(1232, 606)	(1208, 606)
image	S05		(1238, 591)	(1270, 591)	(1270, 606)	(1238, 606)
image	-		(1269, 591)	(1274, 591)	(1274, 606)	(1269, 606)
image	RJ		(1276, 591)	(1297, 591)	(1297, 606)	(1276, 606)
image	,		(1297, 591)	(1301, 591)	(1301, 606)	(1297, 606)
image	pohled		(1306, 591)	(1357, 591)	(1357, 606)	(1306, 606)
image	od		(1364, 591)	(1382, 591)	(1382, 606)	(1364, 606)
image	S		(1389, 591)	(1400, 591)	(1400, 606)	(1389, 606)
image	F082		(947, 1141)	(988, 1141)	(988, 1157)	(947, 1157)
image	Sonda		(992, 1141)	(1044, 1141)	(1044, 1157)	(992, 1157)
image	S05		(1048, 1141)	(1079, 1141)	(1079, 1157)	(1048, 1157)
image	,		(1080, 1141)	(1083, 1141)	(1083, 1157)	(1080, 1157)
image	západní		(1089, 1141)	(1153, 1141)	(1153, 1157)	(1089, 1157)
image	,		(1153, 1141)	(1156, 1141)	(1156, 1157)	(1153, 1157)
image	kresebně		(1162, 1141)	(1234, 1141)	(1234, 1157)	(1162, 1157)
image	nedokumentovaný		(1239, 1141)	(1382, 1141)	(1382, 1157)	(1239, 1157)
image	řez		(1388, 1141)	(1412, 1141)	(1412, 1157)	(1388, 1157)
image	,		(1413, 1141)	(1417, 1141)	(1417, 1157)	(1413, 1157)
image	pohled		(1422, 1141)	(1474, 1141)	(1474, 1157)	(1422, 1157)
image	od		(1479, 1141)	(1498, 1141)	(1498, 1157)	(1479, 1157)
image	V		(1504, 1141)	(1516, 1141)	(1516, 1157)	(1504, 1157)
image	výběr		(1601, 498)	(1601, 557)	(1581, 557)	(1581, 498)
image	z		(1601, 563)	(1601, 574)	(1581, 574)	(1581, 563)
image	fotodokumentace		(1602, 581)	(1603, 765)	(1582, 765)	(1581, 581)
image	Výzkum		(1632, 235)	(1632, 320)	(1607, 320)	(1607, 235)
image	2015/21		(1632, 327)	(1632, 412)	(1607, 412)	(1607, 327)
image	,		(1632, 416)	(1632, 421)	(1607, 421)	(1607, 416)
image	PRAHA		(1632, 429)	(1632, 511)	(1607, 511)	(1607, 429)
image	2		(1632, 516)	(1632, 528)	(1607, 528)	(1607, 516)
image	-		(1632, 535)	(1632, 544)	(1607, 544)	(1607, 535)
image	NOVÉ		(1632, 552)	(1632, 617)	(1607, 617)	(1607, 552)
image	MĚSTO		(1632, 626)	(1632, 709)	(1607, 709)	(1607, 626)
image	,		(1632, 710)	(1632, 716)	(1607, 716)	(1607, 710)
image	Albertov		(1632, 721)	(1632, 809)	(1607, 809)	(1607, 721)
image	3a		(1632, 818)	(1632, 842)	(1607, 842)	(1607, 818)
image	,		(1632, 845)	(1632, 849)	(1607, 849)	(1607, 845)
image	ppč		(1632, 858)	(1632, 894)	(1607, 894)	(1607, 858)
image	.		(1632, 896)	(1632, 900)	(1607, 900)	(1607, 896)
image	1556		(1632, 910)	(1632, 961)	(1607, 961)	(1607, 910)
image	,		(1632, 963)	(1632, 968)	(1607, 968)	(1607, 963)
image	1557		(1632, 976)	(1632, 1028)	(1607, 1028)	(1607, 976)
image	obrazová		(1646, 1038)	(1647, 1087)	(1634, 1087)	(1633, 1038)
image	příloha		(1647, 1089)	(1648, 1127)	(1635, 1127)	(1634, 1089)
image	č		(1647, 1129)	(1647, 1136)	(1635, 1136)	(1635, 1129)
image	.		(1647, 1135)	(1647, 1139)	(1635, 1139)	(1635, 1135)
image	42		(1648, 1142)	(1648, 1160)	(1636, 1160)	(1636, 1142)
