IMAGE_NAME	DESCRIPTION	LANGUAGE	BBOX_1	BBOX_2	BBOX_3	BBOX_4
image	"Čáslav - Skála 2003
poč| KONTEXT ČÁST VRSTV
A
40-60 251/03
252 sekt.2104
253 sekt.2104
40-60 252/03
40-60 253/03
254 sekt.2104
255 sekt.2104
60-80 254/03
256 sekt.2200 začišť.
255/03
256/03
257 sekt.2200
258 sekt.2200 halda povrch 257/03
259 sekt.2201
0-20 258/03
260 sekt.2201
261 sekt.2201
262 sekt.2201
263 sekt.2201
264 sekt.2201
265 sekt.2201
266 sekt.2203
267 sekt.2203
268 sekt.2203
269 sekt.2203
270 sekt.2203
271 sekt.2203
272 sekt.2203
273 sekt.2203
274 sekt.2203
275 sekt.2203
276 sekt.2203
277 sekt.2203
PŘIR_Č
278 sekt.2203
20-40 259/03
20-40 260/03
40-60 261/03
60-80 262/03
60-80 263/03
80-110 264/03
0-10 265/03
10-20 266/03
20-30 267/03
30-40 268/03
50-60 269/03
60-70 270/03
70-80 271/03
80-90 272/03
80-90 273/03
80-90 274/03
80-90 275/03
90 - 276/03
100
100-11 277/03
K_ATY K ZDK_PR K_N K_SU BI
P
OB OF AD
ΜΑ
2 8
2
9
2
1
32
34
29
19
46
106
75
112
57
20
88
39
43
67
82
42
54
99
39
57
33
41
12
7
15
39
42
8
00
4
2
0
4
2
4 18
4
2
1
3
1
0
4
3
1
LOO ON S
5
2
0
0
0
základní zpracování
3
1
6
2
8
11
24
11
4
9
10
10
9
19
8
14
15
11
18
3
3
0
7
6
5
0
0
OO
0
oooooooo
0
0
0 128
88
136
0
0
0
0
26
0 101
51
54
0
0
0
0
0
0
0
0
0
0
0
42
45
37
0
22
0
58
72
79
102
50
72
117
51
80
38
44
7
22
52
50
9
0
0
ܘ ܘ ܘ ܘ ܘ ܘ ܘ ܘ ܘ ܘ ܘ ܘ ܘ ܘ ܘ ܘ
0
0
0
0
OOOC
0
0
ŠI
0
0
0
0
0
0
0
0
0 0
0
0
0
0
0
0
0
0
0
ܘ ܘ ܘ ܘ
0
0
mlýn
0
。。。。。。。。
○ ○ ○ ○ ○ ○ ○ ○
0 0
0
0
0
0
0
0
0
0 0
0
ooooooo
0
0
0 0
0 0
0
0
0
0
0
0
0
0
0
0
0
0
0
0
BR
0
0
OOO OOO O
0
0
0
OOO OO
0
0
0
0
0
0
DOC
0
0
0
KA ΜΑ KO
55
1
0
4
1
2
42
96
0 137
1
0
2
N
1
1
2
1
3
0
4
2
20
140
60
2
20
70
3
4 310
2 34
2 32 10
7 108 130
0 95
0
1
3
5
60
56
40
8
280
174
30
56
40
94
40
12
12
20
1
7
108
52
16
14
40
16
4
6
5
4
U
48
32
16
ne
4
ne
ne
ano
ne
16 ne
80
36
30 24 ne
50
48
ne
ne
ne
ne
ne
ne
ne
ne
ne
ne
ne
6 ne
ne
ano
ne
ne
ne
ne
ne
ne
KI
0
1
0
0
0
0
0
0
0
0
0
0
0
0
0
0
0
0
0
0
0
0
0
0
0
0
0
Dto bron
z
0
0
0
0
0
0
0
0
0
0
0
0
0
0
0
0
0
0
0
0
0
0
0
0
0
To
0
0
0
0
0
0
0
0
0
0
0
0
0
0
0
0
0 0
1
0
0
0
0
0
0
0
0
0
0
0
Fe
0
0
0
0
0
0
0
0
O O O O O O O O O O O O O O O
0
0
0
0
0
0
0
0
0
0
0
0
0
0
0
0
Str
0
0
0
0
0
0
0
0
0
0
0
0
0
O rudnina
0
0
0
0
0
0
0
0
0
0
0
0
jiné
0
DATACE
BR střed./ml.
BR střed./ml.
BR střed./ml.
BR střed./ml.
BR střed./ml.
BR střed./ml.
BR střed./ml.
BR střed./ml.
BR střed./ml.
BR střed./ml.
BR střed./ml.
BR střed./ml.
BR střed./ml.
BR střed./ml.
BR střed./ml.
BR střed./ml.
BR střed./ml.
BR střed./ml.
BR střed./ml.
BR střed./ml.
BR střed./ml.
BR střed./ml.
BR střed./ml.
BR střed./ml.
BR střed./ml.
BR střed./ml.
BR střed./ml.
poznámka
přetav.ker.
přetav.ker.
přetav.ker.,maz
přetav.maz
provrt.kolečko, Ma s otisk.
kulička
přetav.maz.
přetav.ker."	und	(57, 73)	(1531, 73)	(1531, 1166)	(57, 1166)
image	Čáslav		(57, 73)	(113, 74)	(113, 92)	(57, 91)
image	-		(117, 74)	(128, 74)	(128, 91)	(117, 91)
image	Skála		(134, 74)	(180, 75)	(180, 93)	(134, 92)
image	2003		(185, 75)	(230, 76)	(230, 94)	(185, 93)
image	poč		(61, 178)	(86, 178)	(86, 191)	(61, 191)
image	|		(86, 178)	(93, 178)	(93, 191)	(86, 191)
image	KONTEXT		(99, 178)	(163, 178)	(163, 191)	(99, 191)
image	ČÁST		(182, 175)	(215, 175)	(215, 189)	(182, 189)
image	VRSTV		(233, 178)	(276, 178)	(276, 189)	(233, 189)
image	A		(249, 198)	(261, 198)	(261, 209)	(249, 209)
image	40-60		(230, 218)	(276, 218)	(276, 230)	(230, 230)
image	251/03		(288, 218)	(334, 218)	(334, 230)	(288, 230)
image	252		(61, 219)	(86, 219)	(86, 230)	(61, 230)
image	sekt.2104		(94, 219)	(157, 219)	(157, 230)	(94, 230)
image	253		(62, 250)	(85, 250)	(85, 262)	(62, 262)
image	sekt.2104		(94, 250)	(157, 250)	(157, 262)	(94, 262)
image	40-60		(231, 250)	(275, 250)	(275, 262)	(231, 262)
image	252/03		(286, 250)	(333, 250)	(333, 262)	(286, 262)
image	40-60		(230, 279)	(276, 280)	(276, 294)	(230, 293)
image	253/03		(287, 280)	(334, 281)	(334, 295)	(287, 294)
image	254		(61, 282)	(86, 282)	(86, 293)	(61, 293)
image	sekt.2104		(94, 282)	(159, 282)	(159, 293)	(94, 293)
image	255		(61, 313)	(86, 313)	(86, 324)	(61, 324)
image	sekt.2104		(94, 313)	(158, 313)	(158, 324)	(94, 324)
image	60-80		(231, 313)	(275, 313)	(275, 325)	(231, 325)
image	254/03		(287, 313)	(334, 313)	(334, 325)	(287, 325)
image	256		(62, 345)	(86, 345)	(86, 356)	(62, 356)
image	sekt.2200		(94, 345)	(158, 345)	(158, 356)	(94, 356)
image	začišť		(173, 344)	(209, 344)	(209, 356)	(173, 356)
image	.		(209, 344)	(213, 344)	(213, 355)	(209, 355)
image	255/03		(287, 343)	(335, 345)	(334, 359)	(286, 357)
image	256/03		(286, 375)	(334, 374)	(334, 388)	(286, 389)
image	257		(61, 376)	(86, 376)	(86, 387)	(61, 387)
image	sekt.2200		(94, 376)	(157, 376)	(157, 387)	(94, 387)
image	258		(62, 407)	(87, 407)	(87, 419)	(62, 419)
image	sekt.2200		(94, 407)	(156, 408)	(156, 420)	(94, 419)
image	halda		(174, 407)	(210, 407)	(210, 419)	(174, 419)
image	povrch		(231, 408)	(275, 408)	(275, 421)	(231, 421)
image	257/03		(287, 408)	(334, 408)	(334, 421)	(287, 421)
image	259		(61, 439)	(85, 439)	(85, 451)	(61, 451)
image	sekt.2201		(94, 439)	(158, 439)	(158, 451)	(94, 451)
image	0-20		(230, 439)	(268, 439)	(268, 449)	(230, 449)
image	258/03		(287, 439)	(335, 439)	(335, 451)	(287, 451)
image	260		(62, 471)	(85, 471)	(85, 483)	(62, 483)
image	sekt.2201		(94, 471)	(158, 471)	(158, 483)	(94, 483)
image	261		(61, 502)	(86, 502)	(86, 514)	(61, 514)
image	sekt.2201		(94, 502)	(157, 502)	(157, 514)	(94, 514)
image	262		(61, 534)	(85, 534)	(85, 545)	(61, 545)
image	sekt.2201		(94, 534)	(157, 534)	(157, 545)	(94, 545)
image	263		(62, 565)	(85, 565)	(85, 577)	(62, 577)
image	sekt.2201		(94, 565)	(158, 565)	(158, 577)	(94, 577)
image	264		(61, 597)	(86, 597)	(86, 608)	(61, 608)
image	sekt.2201		(94, 597)	(158, 597)	(158, 608)	(94, 608)
image	265		(61, 629)	(86, 629)	(86, 641)	(61, 641)
image	sekt.2201		(94, 629)	(158, 629)	(158, 641)	(94, 641)
image	266		(62, 660)	(86, 660)	(86, 672)	(62, 672)
image	sekt.2203		(94, 660)	(157, 660)	(157, 672)	(94, 672)
image	267		(61, 690)	(85, 690)	(85, 703)	(61, 703)
image	sekt.2203		(93, 690)	(157, 689)	(157, 702)	(93, 703)
image	268		(61, 721)	(85, 721)	(85, 735)	(61, 735)
image	sekt.2203		(93, 721)	(157, 720)	(157, 734)	(93, 735)
image	269		(61, 753)	(85, 753)	(85, 767)	(61, 767)
image	sekt.2203		(93, 753)	(157, 752)	(157, 766)	(93, 767)
image	270		(61, 786)	(85, 786)	(85, 798)	(61, 798)
image	sekt.2203		(94, 786)	(158, 786)	(158, 798)	(94, 798)
image	271		(61, 817)	(86, 817)	(86, 828)	(61, 828)
image	sekt.2203		(93, 817)	(158, 817)	(158, 828)	(93, 828)
image	272		(61, 849)	(86, 849)	(86, 860)	(61, 860)
image	sekt.2203		(93, 849)	(158, 849)	(158, 860)	(93, 860)
image	273		(61, 881)	(86, 881)	(86, 892)	(61, 892)
image	sekt.2203		(93, 881)	(158, 881)	(158, 892)	(93, 892)
image	274		(62, 912)	(86, 912)	(86, 923)	(62, 923)
image	sekt.2203		(94, 912)	(158, 912)	(158, 923)	(94, 923)
image	275		(61, 943)	(87, 943)	(87, 954)	(61, 954)
image	sekt.2203		(94, 943)	(158, 943)	(158, 954)	(94, 954)
image	276		(61, 974)	(86, 974)	(86, 987)	(61, 987)
image	sekt.2203		(93, 974)	(156, 973)	(156, 985)	(93, 986)
image	277		(61, 1006)	(85, 1006)	(85, 1019)	(61, 1019)
image	sekt.2203		(92, 1006)	(157, 1006)	(157, 1018)	(92, 1018)
image	PŘIR_Č		(303, 174)	(349, 175)	(349, 191)	(303, 190)
image	278		(61, 1047)	(87, 1047)	(87, 1058)	(61, 1058)
image	sekt.2203		(94, 1047)	(157, 1047)	(157, 1058)	(94, 1058)
image	20-40		(231, 471)	(276, 471)	(276, 483)	(231, 483)
image	259/03		(287, 471)	(335, 471)	(335, 483)	(287, 483)
image	20-40		(231, 502)	(275, 502)	(275, 514)	(231, 514)
image	260/03		(287, 502)	(333, 502)	(333, 515)	(287, 515)
image	40-60		(231, 533)	(276, 533)	(276, 546)	(231, 546)
image	261/03		(287, 533)	(335, 533)	(335, 546)	(287, 546)
image	60-80		(231, 565)	(275, 565)	(275, 577)	(231, 577)
image	262/03		(287, 565)	(335, 565)	(335, 577)	(287, 577)
image	60-80		(231, 595)	(276, 596)	(276, 609)	(231, 608)
image	263/03		(287, 595)	(335, 596)	(335, 610)	(287, 609)
image	80-110		(231, 626)	(276, 627)	(276, 641)	(231, 640)
image	264/03		(287, 627)	(335, 628)	(335, 642)	(287, 641)
image	0-10		(230, 660)	(267, 660)	(267, 670)	(230, 670)
image	265/03		(287, 660)	(335, 660)	(335, 672)	(287, 672)
image	10-20		(232, 691)	(275, 691)	(275, 703)	(232, 703)
image	266/03		(287, 691)	(334, 691)	(334, 703)	(287, 703)
image	20-30		(231, 722)	(276, 723)	(276, 735)	(231, 734)
image	267/03		(287, 722)	(334, 723)	(334, 736)	(287, 735)
image	30-40		(231, 754)	(276, 755)	(276, 767)	(231, 766)
image	268/03		(287, 754)	(334, 755)	(334, 768)	(287, 767)
image	50-60		(231, 786)	(275, 786)	(275, 798)	(231, 798)
image	269/03		(286, 786)	(335, 786)	(335, 798)	(286, 798)
image	60-70		(230, 817)	(275, 817)	(275, 829)	(230, 829)
image	270/03		(287, 817)	(334, 817)	(334, 829)	(287, 829)
image	70-80		(231, 849)	(275, 849)	(275, 861)	(231, 861)
image	271/03		(287, 849)	(335, 849)	(335, 861)	(287, 861)
image	80-90		(230, 881)	(275, 881)	(275, 893)	(230, 893)
image	272/03		(287, 881)	(335, 881)	(335, 893)	(287, 893)
image	80-90		(231, 911)	(275, 911)	(275, 923)	(231, 923)
image	273/03		(287, 911)	(334, 911)	(334, 923)	(287, 923)
image	80-90		(231, 942)	(275, 942)	(275, 953)	(231, 953)
image	274/03		(287, 942)	(333, 943)	(333, 955)	(287, 954)
image	80-90		(231, 972)	(276, 973)	(276, 987)	(231, 986)
image	275/03		(287, 973)	(335, 974)	(335, 988)	(287, 987)
image	90		(230, 1007)	(248, 1007)	(248, 1018)	(230, 1018)
image	-		(250, 1007)	(256, 1007)	(256, 1018)	(250, 1018)
image	276/03		(286, 1007)	(335, 1007)	(335, 1019)	(286, 1019)
image	100		(231, 1027)	(256, 1027)	(256, 1038)	(231, 1038)
image	100-11		(231, 1047)	(276, 1047)	(276, 1059)	(231, 1059)
image	277/03		(287, 1047)	(335, 1047)	(335, 1059)	(287, 1059)
image	K_ATY		(376, 178)	(419, 178)	(419, 191)	(376, 191)
image	K		(429, 178)	(439, 178)	(439, 191)	(429, 191)
image	ZDK_PR		(445, 178)	(506, 178)	(506, 191)	(445, 191)
image	K_N		(518, 178)	(545, 178)	(545, 191)	(518, 191)
image	K_SU		(563, 178)	(598, 178)	(598, 191)	(563, 191)
image	BI		(624, 178)	(637, 178)	(637, 189)	(624, 189)
image	P		(392, 199)	(402, 199)	(402, 209)	(392, 209)
image	OB		(437, 198)	(457, 198)	(457, 209)	(437, 209)
image	OF		(479, 198)	(497, 198)	(497, 209)	(479, 209)
image	AD		(521, 197)	(541, 197)	(541, 208)	(521, 208)
image	ΜΑ		(570, 199)	(593, 199)	(593, 209)	(570, 209)
image	2		(454, 219)	(465, 219)	(465, 230)	(454, 230)
image	8		(497, 219)	(508, 219)	(508, 230)	(497, 230)
image	2		(454, 250)	(464, 250)	(464, 261)	(454, 261)
image	9		(498, 251)	(507, 251)	(507, 262)	(498, 262)
image	2		(455, 282)	(465, 282)	(465, 293)	(455, 293)
image	1		(456, 313)	(464, 313)	(464, 323)	(456, 323)
image	32		(405, 219)	(421, 219)	(421, 230)	(405, 230)
image	34		(405, 250)	(420, 250)	(420, 261)	(405, 261)
image	29		(405, 282)	(421, 282)	(421, 293)	(405, 293)
image	19		(405, 314)	(420, 314)	(420, 324)	(405, 324)
image	46		(405, 346)	(419, 346)	(419, 356)	(405, 356)
image	106		(398, 376)	(420, 376)	(420, 387)	(398, 387)
image	75		(405, 409)	(420, 409)	(420, 419)	(405, 419)
image	112		(397, 440)	(422, 440)	(422, 450)	(397, 450)
image	57		(405, 471)	(421, 471)	(421, 482)	(405, 482)
image	20		(405, 502)	(422, 502)	(422, 513)	(405, 513)
image	88		(405, 535)	(421, 535)	(421, 545)	(405, 545)
image	39		(405, 566)	(420, 566)	(420, 576)	(405, 576)
image	43		(405, 598)	(420, 598)	(420, 608)	(405, 608)
image	67		(405, 629)	(420, 629)	(420, 639)	(405, 639)
image	82		(405, 661)	(421, 661)	(421, 671)	(405, 671)
image	42		(405, 692)	(420, 692)	(420, 702)	(405, 702)
image	54		(405, 724)	(422, 724)	(422, 734)	(405, 734)
image	99		(405, 756)	(421, 756)	(421, 766)	(405, 766)
image	39		(405, 786)	(422, 786)	(422, 797)	(405, 797)
image	57		(405, 816)	(420, 816)	(420, 828)	(405, 828)
image	33		(405, 849)	(422, 849)	(422, 860)	(405, 860)
image	41		(405, 882)	(420, 882)	(420, 892)	(405, 892)
image	12		(408, 914)	(408, 894)	(422, 894)	(422, 914)
image	7		(412, 912)	(422, 912)	(422, 922)	(412, 922)
image	15		(405, 944)	(420, 944)	(420, 954)	(405, 954)
image	39		(405, 976)	(422, 976)	(422, 987)	(405, 987)
image	42		(405, 1008)	(420, 1008)	(420, 1018)	(405, 1018)
image	8		(412, 1047)	(423, 1047)	(423, 1057)	(412, 1057)
image	00		(412, 1059)	(412, 1047)	(420, 1047)	(420, 1059)
image	4		(455, 346)	(463, 346)	(463, 356)	(455, 356)
image	2		(455, 409)	(464, 409)	(464, 419)	(455, 419)
image	0		(455, 440)	(464, 440)	(464, 450)	(455, 450)
image	4		(455, 471)	(464, 471)	(464, 482)	(455, 482)
image	2		(455, 502)	(465, 502)	(465, 513)	(455, 513)
image	4		(456, 377)	(464, 377)	(464, 387)	(456, 387)
image	18		(490, 377)	(506, 377)	(506, 387)	(490, 387)
image	4		(456, 535)	(464, 535)	(464, 545)	(456, 545)
image	2		(455, 566)	(464, 566)	(464, 576)	(455, 576)
image	1		(456, 597)	(464, 597)	(464, 607)	(456, 607)
image	3		(455, 629)	(463, 629)	(463, 639)	(455, 639)
image	1		(456, 660)	(464, 660)	(464, 670)	(456, 670)
image	0		(455, 692)	(464, 692)	(464, 702)	(455, 702)
image	4		(455, 724)	(463, 724)	(463, 734)	(455, 734)
image	3		(455, 755)	(464, 755)	(464, 765)	(455, 765)
image	1		(456, 786)	(464, 786)	(464, 796)	(456, 796)
image	LOO		(455, 985)	(455, 911)	(464, 911)	(464, 985)
image	ON		(455, 894)	(455, 849)	(464, 849)	(464, 894)
image	S		(455, 829)	(455, 816)	(464, 816)	(464, 829)
image	5		(455, 818)	(464, 818)	(464, 828)	(455, 828)
image	2		(455, 850)	(465, 850)	(465, 860)	(455, 860)
image	0		(455, 882)	(463, 882)	(463, 893)	(455, 893)
image	0		(455, 913)	(464, 913)	(464, 924)	(455, 924)
image	0		(455, 944)	(464, 944)	(464, 954)	(455, 954)
image	základní		(470, 74)	(545, 75)	(545, 94)	(470, 93)
image	zpracování		(548, 75)	(646, 76)	(646, 95)	(548, 94)
image	3		(455, 1007)	(465, 1007)	(465, 1018)	(455, 1018)
image	1		(456, 1047)	(463, 1047)	(463, 1057)	(456, 1057)
image	6		(498, 282)	(506, 282)	(506, 292)	(498, 292)
image	2		(498, 314)	(507, 314)	(507, 324)	(498, 324)
image	8		(497, 346)	(507, 346)	(507, 356)	(497, 356)
image	11		(490, 409)	(505, 409)	(505, 419)	(490, 419)
image	24		(489, 440)	(506, 440)	(506, 450)	(489, 450)
image	11		(490, 471)	(505, 471)	(505, 481)	(490, 481)
image	4		(498, 502)	(507, 502)	(507, 513)	(498, 513)
image	9		(498, 535)	(507, 535)	(507, 546)	(498, 546)
image	10		(490, 566)	(505, 566)	(505, 576)	(490, 576)
image	10		(490, 597)	(505, 597)	(505, 607)	(490, 607)
image	9		(497, 629)	(506, 629)	(506, 639)	(497, 639)
image	19		(490, 661)	(506, 661)	(506, 671)	(490, 671)
image	8		(497, 692)	(507, 692)	(507, 702)	(497, 702)
image	14		(490, 724)	(506, 724)	(506, 734)	(490, 734)
image	15		(490, 756)	(505, 756)	(505, 766)	(490, 766)
image	11		(490, 787)	(505, 787)	(505, 797)	(490, 797)
image	18		(490, 817)	(507, 817)	(507, 828)	(490, 828)
image	3		(498, 849)	(507, 849)	(507, 859)	(498, 859)
image	3		(498, 881)	(507, 881)	(507, 891)	(498, 891)
image	0		(498, 912)	(506, 912)	(506, 922)	(498, 922)
image	7		(498, 943)	(507, 943)	(507, 953)	(498, 953)
image	6		(498, 976)	(506, 976)	(506, 986)	(498, 986)
image	5		(498, 1007)	(507, 1007)	(507, 1018)	(498, 1018)
image	0		(498, 1047)	(507, 1047)	(507, 1058)	(498, 1058)
image	0		(540, 219)	(549, 219)	(549, 230)	(540, 230)
image	OO		(548, 220)	(548, 260)	(540, 260)	(540, 220)
image	0		(540, 251)	(549, 251)	(549, 261)	(540, 261)
image	oooooooo		(547, 281)	(547, 512)	(540, 512)	(540, 281)
image	0		(540, 282)	(549, 282)	(549, 293)	(540, 293)
image	0		(540, 471)	(549, 471)	(549, 482)	(540, 482)
image	0		(540, 377)	(548, 377)	(548, 388)	(540, 388)
image	128		(581, 376)	(607, 376)	(607, 387)	(581, 387)
image	88		(589, 408)	(607, 408)	(607, 419)	(589, 419)
image	136		(581, 439)	(607, 439)	(607, 450)	(581, 450)
image	0		(540, 566)	(549, 566)	(549, 576)	(540, 576)
image	0		(540, 598)	(549, 598)	(549, 608)	(540, 608)
image	0		(540, 630)	(549, 630)	(549, 640)	(540, 640)
image	0		(540, 503)	(549, 503)	(549, 514)	(540, 514)
image	26		(588, 503)	(606, 503)	(606, 514)	(588, 514)
image	0		(540, 534)	(549, 534)	(549, 545)	(540, 545)
image	101		(581, 534)	(607, 534)	(607, 545)	(581, 545)
image	51		(589, 565)	(606, 565)	(606, 576)	(589, 576)
image	54		(588, 597)	(606, 597)	(606, 608)	(588, 608)
image	0		(540, 661)	(549, 661)	(549, 671)	(540, 671)
image	0		(540, 692)	(549, 692)	(549, 702)	(540, 702)
image	0		(540, 724)	(549, 724)	(549, 734)	(540, 734)
image	0		(540, 756)	(549, 756)	(549, 766)	(540, 766)
image	0		(540, 787)	(549, 787)	(549, 797)	(540, 797)
image	0		(540, 818)	(549, 818)	(549, 828)	(540, 828)
image	0		(540, 850)	(549, 850)	(549, 860)	(540, 860)
image	0		(540, 882)	(549, 882)	(549, 892)	(540, 892)
image	0		(540, 913)	(549, 913)	(549, 923)	(540, 923)
image	0		(540, 943)	(549, 943)	(549, 954)	(540, 954)
image	0		(540, 976)	(549, 976)	(549, 986)	(540, 986)
image	42		(588, 219)	(606, 219)	(606, 230)	(588, 230)
image	45		(589, 250)	(604, 250)	(604, 261)	(589, 261)
image	37		(589, 282)	(605, 282)	(605, 293)	(589, 293)
image	0		(540, 1008)	(549, 1008)	(549, 1018)	(540, 1018)
image	22		(588, 313)	(605, 313)	(605, 323)	(588, 323)
image	0		(540, 1047)	(550, 1047)	(550, 1058)	(540, 1058)
image	58		(588, 345)	(606, 345)	(606, 355)	(588, 355)
image	72		(588, 472)	(605, 472)	(605, 482)	(588, 482)
image	79		(589, 629)	(606, 629)	(606, 639)	(589, 639)
image	102		(582, 660)	(606, 660)	(606, 671)	(582, 671)
image	50		(588, 691)	(606, 691)	(606, 701)	(588, 701)
image	72		(589, 724)	(605, 724)	(605, 735)	(589, 735)
image	117		(581, 755)	(607, 755)	(607, 766)	(581, 766)
image	51		(589, 786)	(606, 786)	(606, 797)	(589, 797)
image	80		(589, 818)	(605, 818)	(605, 828)	(589, 828)
image	38		(589, 849)	(606, 849)	(606, 860)	(589, 860)
image	44		(589, 881)	(605, 881)	(605, 892)	(589, 892)
image	7		(597, 913)	(606, 913)	(606, 923)	(597, 923)
image	22		(588, 943)	(605, 943)	(605, 954)	(588, 954)
image	52		(589, 976)	(605, 976)	(605, 986)	(589, 986)
image	50		(589, 1007)	(605, 1007)	(605, 1018)	(589, 1018)
image	9		(597, 1048)	(606, 1048)	(606, 1058)	(597, 1058)
image	0		(639, 219)	(649, 219)	(649, 230)	(639, 230)
image	0		(640, 250)	(649, 250)	(649, 260)	(640, 260)
image	ܘ		(639, 293)	(639, 283)	(646, 283)	(646, 293)
image	ܘ		(639, 324)	(639, 314)	(646, 314)	(646, 324)
image	ܘ		(639, 356)	(639, 346)	(646, 346)	(646, 356)
image	ܘ		(639, 387)	(639, 377)	(646, 377)	(646, 387)
image	ܘ		(639, 419)	(639, 409)	(646, 409)	(646, 419)
image	ܘ		(639, 450)	(639, 440)	(646, 440)	(646, 450)
image	ܘ		(639, 482)	(639, 472)	(646, 472)	(646, 482)
image	ܘ		(639, 513)	(639, 503)	(646, 503)	(646, 513)
image	ܘ		(639, 545)	(639, 535)	(646, 535)	(646, 545)
image	ܘ		(639, 576)	(639, 566)	(646, 566)	(646, 576)
image	ܘ		(639, 608)	(639, 598)	(646, 598)	(646, 608)
image	ܘ		(639, 640)	(639, 630)	(646, 630)	(646, 640)
image	ܘ		(639, 671)	(639, 661)	(646, 661)	(646, 671)
image	ܘ		(639, 702)	(639, 692)	(646, 692)	(646, 702)
image	ܘ		(639, 734)	(639, 724)	(646, 724)	(646, 734)
image	ܘ		(640, 766)	(640, 756)	(647, 756)	(647, 766)
image	0		(640, 786)	(648, 786)	(648, 796)	(640, 796)
image	0		(640, 818)	(649, 818)	(649, 828)	(640, 828)
image	0		(640, 850)	(649, 850)	(649, 860)	(640, 860)
image	0		(639, 881)	(648, 881)	(648, 891)	(639, 891)
image	OOOC		(636, 1015)	(640, 914)	(651, 914)	(647, 1015)
image	0		(639, 975)	(648, 975)	(648, 986)	(639, 986)
image	0		(639, 1007)	(649, 1007)	(649, 1018)	(639, 1018)
image	ŠI		(667, 177)	(679, 177)	(679, 190)	(667, 190)
image	0		(639, 1047)	(648, 1047)	(648, 1058)	(639, 1058)
image	0		(682, 219)	(691, 219)	(691, 230)	(682, 230)
image	0		(682, 250)	(691, 250)	(691, 261)	(682, 261)
image	0		(682, 282)	(691, 282)	(691, 292)	(682, 292)
image	0		(682, 313)	(691, 313)	(691, 324)	(682, 324)
image	0		(682, 817)	(691, 817)	(691, 828)	(682, 828)
image	0		(682, 849)	(691, 849)	(691, 860)	(682, 860)
image	0		(682, 881)	(691, 881)	(691, 892)	(682, 892)
image	0		(640, 912)	(649, 912)	(649, 922)	(640, 922)
image	0		(682, 912)	(691, 912)	(691, 923)	(682, 923)
image	0		(682, 943)	(691, 943)	(691, 954)	(682, 954)
image	0		(682, 975)	(691, 975)	(691, 986)	(682, 986)
image	0		(682, 1007)	(691, 1007)	(691, 1018)	(682, 1018)
image	0		(682, 345)	(691, 345)	(691, 356)	(682, 356)
image	0		(682, 377)	(691, 377)	(691, 388)	(682, 388)
image	0		(682, 409)	(691, 409)	(691, 420)	(682, 420)
image	0		(682, 439)	(691, 439)	(691, 450)	(682, 450)
image	0		(682, 471)	(691, 471)	(691, 482)	(682, 482)
image	0		(682, 502)	(691, 502)	(691, 512)	(682, 512)
image	ܘ		(682, 450)	(682, 440)	(689, 440)	(689, 450)
image	ܘ		(682, 482)	(682, 472)	(689, 472)	(689, 482)
image	ܘ		(682, 513)	(682, 503)	(689, 503)	(689, 513)
image	ܘ		(682, 544)	(682, 535)	(689, 535)	(689, 544)
image	0		(682, 534)	(691, 534)	(691, 544)	(682, 544)
image	0		(682, 787)	(691, 787)	(691, 797)	(682, 797)
image	mlýn		(700, 177)	(733, 178)	(732, 192)	(699, 191)
image	0		(682, 1047)	(692, 1047)	(692, 1058)	(682, 1058)
image	。。。。。。。。		(723, 218)	(731, 218)	(730, 449)	(722, 449)
image	○		(724, 451)	(724, 439)	(733, 439)	(733, 451)
image	○		(724, 420)	(724, 407)	(733, 407)	(733, 420)
image	○		(724, 388)	(724, 375)	(733, 375)	(733, 388)
image	○		(724, 358)	(724, 345)	(733, 345)	(733, 358)
image	○		(724, 326)	(724, 313)	(733, 313)	(733, 326)
image	○		(724, 295)	(724, 282)	(733, 282)	(733, 295)
image	○		(724, 262)	(724, 249)	(733, 249)	(733, 262)
image	○		(724, 232)	(724, 219)	(733, 219)	(733, 232)
image	0		(724, 219)	(734, 219)	(734, 230)	(724, 230)
image	0		(767, 219)	(777, 219)	(777, 230)	(767, 230)
image	0		(724, 377)	(733, 377)	(733, 387)	(724, 387)
image	0		(724, 409)	(733, 409)	(733, 419)	(724, 419)
image	0		(682, 565)	(691, 565)	(691, 576)	(682, 576)
image	0		(682, 597)	(691, 597)	(691, 608)	(682, 608)
image	0		(682, 630)	(691, 630)	(691, 641)	(682, 641)
image	0		(682, 661)	(691, 661)	(691, 672)	(682, 672)
image	0		(682, 691)	(691, 691)	(691, 702)	(682, 702)
image	0		(682, 723)	(691, 723)	(691, 734)	(682, 734)
image	0		(724, 724)	(733, 724)	(733, 734)	(724, 734)
image	0		(682, 755)	(691, 755)	(691, 766)	(682, 766)
image	ooooooo		(733, 470)	(732, 671)	(723, 671)	(724, 470)
image	0		(725, 534)	(734, 534)	(734, 544)	(725, 544)
image	0		(725, 566)	(734, 566)	(734, 576)	(725, 576)
image	0		(725, 471)	(734, 471)	(734, 482)	(725, 482)
image	0		(767, 471)	(777, 471)	(777, 482)	(767, 482)
image	0		(725, 502)	(734, 502)	(734, 513)	(725, 513)
image	0		(767, 503)	(776, 503)	(776, 514)	(767, 514)
image	0		(767, 535)	(776, 535)	(776, 546)	(767, 546)
image	0		(767, 565)	(776, 565)	(776, 575)	(767, 575)
image	0		(725, 598)	(734, 598)	(734, 608)	(725, 608)
image	0		(724, 630)	(733, 630)	(733, 640)	(724, 640)
image	0		(725, 660)	(733, 660)	(733, 670)	(725, 670)
image	0		(724, 692)	(733, 692)	(733, 702)	(724, 702)
image	0		(725, 756)	(733, 756)	(733, 766)	(725, 766)
image	0		(725, 786)	(733, 786)	(733, 796)	(725, 796)
image	0		(725, 818)	(733, 818)	(733, 828)	(725, 828)
image	0		(725, 850)	(733, 850)	(733, 860)	(725, 860)
image	0		(725, 882)	(733, 882)	(733, 893)	(725, 893)
image	0		(725, 913)	(733, 913)	(733, 924)	(725, 924)
image	0		(725, 943)	(734, 943)	(734, 953)	(725, 953)
image	0		(725, 976)	(734, 976)	(734, 986)	(725, 986)
image	BR		(749, 178)	(767, 178)	(767, 189)	(749, 189)
image	0		(724, 1008)	(733, 1008)	(733, 1018)	(724, 1018)
image	0		(725, 1048)	(734, 1048)	(734, 1058)	(725, 1058)
image	OOO		(774, 221)	(774, 292)	(767, 292)	(767, 221)
image	OOO		(774, 312)	(774, 386)	(767, 386)	(767, 312)
image	O		(774, 406)	(774, 419)	(767, 419)	(767, 406)
image	0		(767, 250)	(776, 250)	(776, 261)	(767, 261)
image	0		(767, 283)	(776, 283)	(776, 294)	(767, 294)
image	0		(767, 440)	(775, 440)	(775, 450)	(767, 450)
image	OOO		(774, 596)	(774, 670)	(767, 670)	(767, 596)
image	OO		(774, 689)	(774, 732)	(767, 732)	(767, 689)
image	0		(767, 755)	(775, 755)	(775, 765)	(767, 765)
image	0		(767, 786)	(776, 786)	(776, 796)	(767, 796)
image	0		(767, 818)	(775, 818)	(775, 828)	(767, 828)
image	0		(767, 849)	(776, 849)	(776, 859)	(767, 859)
image	0		(767, 881)	(776, 881)	(776, 891)	(767, 891)
image	0		(767, 913)	(776, 913)	(776, 923)	(767, 923)
image	DOC		(775, 919)	(776, 984)	(766, 984)	(765, 919)
image	0		(767, 975)	(775, 975)	(775, 985)	(767, 985)
image	0		(767, 1008)	(775, 1008)	(775, 1018)	(767, 1018)
image	0		(767, 1048)	(775, 1048)	(775, 1059)	(767, 1059)
image	KA		(792, 178)	(811, 178)	(811, 189)	(792, 189)
image	ΜΑ		(833, 179)	(855, 179)	(855, 189)	(833, 189)
image	KO		(877, 178)	(894, 178)	(894, 189)	(877, 189)
image	55		(783, 1154)	(801, 1154)	(801, 1166)	(783, 1166)
image	1		(810, 219)	(819, 219)	(819, 231)	(810, 231)
image	0		(810, 251)	(818, 251)	(818, 262)	(810, 262)
image	4		(810, 283)	(818, 283)	(818, 293)	(810, 293)
image	1		(809, 313)	(818, 313)	(818, 324)	(809, 324)
image	2		(809, 345)	(818, 345)	(818, 355)	(809, 355)
image	42		(843, 345)	(861, 345)	(861, 356)	(843, 356)
image	96		(844, 376)	(860, 376)	(860, 387)	(844, 387)
image	0		(809, 409)	(818, 409)	(818, 420)	(809, 420)
image	137		(836, 408)	(862, 408)	(862, 419)	(836, 419)
image	1		(810, 377)	(818, 377)	(818, 387)	(810, 387)
image	0		(809, 440)	(817, 440)	(817, 450)	(809, 450)
image	2		(809, 471)	(819, 471)	(819, 482)	(809, 482)
image	N		(818, 477)	(818, 487)	(809, 487)	(809, 477)
image	1		(810, 502)	(819, 502)	(819, 513)	(810, 513)
image	1		(810, 787)	(817, 787)	(817, 797)	(810, 797)
image	2		(810, 818)	(818, 818)	(818, 828)	(810, 828)
image	1		(810, 850)	(818, 850)	(818, 860)	(810, 860)
image	3		(809, 881)	(818, 881)	(818, 892)	(809, 892)
image	0		(809, 912)	(818, 912)	(818, 923)	(809, 923)
image	4		(809, 944)	(817, 944)	(817, 954)	(809, 954)
image	2		(809, 976)	(817, 976)	(817, 986)	(809, 986)
image	20		(844, 219)	(861, 219)	(861, 230)	(844, 230)
image	140		(837, 250)	(861, 250)	(861, 262)	(837, 262)
image	60		(844, 283)	(860, 283)	(860, 294)	(844, 294)
image	2		(810, 1008)	(818, 1008)	(818, 1018)	(810, 1018)
image	20		(844, 314)	(861, 314)	(861, 324)	(844, 324)
image	70		(845, 471)	(860, 471)	(860, 483)	(845, 483)
image	3		(852, 502)	(861, 502)	(861, 513)	(852, 513)
image	4		(809, 535)	(817, 535)	(817, 545)	(809, 545)
image	310		(836, 533)	(862, 533)	(862, 545)	(836, 545)
image	2		(809, 566)	(818, 566)	(818, 576)	(809, 576)
image	34		(844, 565)	(862, 565)	(862, 576)	(844, 576)
image	2		(809, 598)	(818, 598)	(818, 608)	(809, 608)
image	32		(844, 597)	(861, 597)	(861, 608)	(844, 608)
image	10		(887, 598)	(903, 598)	(903, 608)	(887, 608)
image	7		(809, 629)	(818, 629)	(818, 640)	(809, 640)
image	108		(836, 628)	(862, 628)	(862, 640)	(836, 640)
image	130		(879, 630)	(905, 630)	(905, 640)	(879, 640)
image	0		(810, 660)	(819, 660)	(819, 670)	(810, 670)
image	95		(844, 660)	(861, 660)	(861, 671)	(844, 671)
image	0		(809, 691)	(818, 691)	(818, 702)	(809, 702)
image	1		(810, 723)	(818, 723)	(818, 734)	(810, 734)
image	3		(810, 756)	(818, 756)	(818, 767)	(810, 767)
image	5		(809, 1047)	(818, 1047)	(818, 1058)	(809, 1058)
image	60		(845, 439)	(860, 439)	(860, 449)	(845, 449)
image	56		(845, 691)	(860, 691)	(860, 701)	(845, 701)
image	40		(844, 723)	(860, 723)	(860, 733)	(844, 733)
image	8		(852, 850)	(862, 850)	(862, 860)	(852, 860)
image	280		(836, 880)	(861, 880)	(861, 891)	(836, 891)
image	174		(836, 912)	(862, 912)	(862, 922)	(836, 922)
image	30		(845, 943)	(860, 943)	(860, 954)	(845, 954)
image	56		(844, 975)	(860, 975)	(860, 985)	(844, 985)
image	40		(887, 219)	(903, 219)	(903, 230)	(887, 230)
image	94		(844, 1007)	(862, 1007)	(862, 1018)	(844, 1018)
image	40		(887, 251)	(902, 251)	(902, 261)	(887, 261)
image	12		(844, 1047)	(860, 1047)	(860, 1057)	(844, 1057)
image	12		(887, 283)	(904, 283)	(904, 293)	(887, 293)
image	20		(887, 314)	(904, 314)	(904, 324)	(887, 324)
image	1		(895, 345)	(903, 345)	(903, 355)	(895, 355)
image	7		(895, 376)	(904, 376)	(904, 386)	(895, 386)
image	108		(879, 408)	(904, 408)	(904, 419)	(879, 419)
image	52		(887, 440)	(902, 440)	(902, 450)	(887, 450)
image	16		(887, 470)	(904, 470)	(904, 482)	(887, 482)
image	14		(888, 502)	(904, 502)	(904, 514)	(888, 514)
image	40		(887, 534)	(903, 534)	(903, 545)	(887, 545)
image	16		(887, 565)	(904, 565)	(904, 576)	(887, 576)
image	4		(895, 661)	(903, 661)	(903, 671)	(895, 671)
image	6		(895, 691)	(904, 691)	(904, 701)	(895, 701)
image	5		(895, 882)	(904, 882)	(904, 892)	(895, 892)
image	4		(895, 913)	(903, 913)	(903, 922)	(895, 922)
image	U		(923, 178)	(935, 178)	(935, 189)	(923, 189)
image	48		(887, 943)	(902, 943)	(902, 954)	(887, 954)
image	32		(887, 975)	(903, 975)	(903, 986)	(887, 986)
image	16		(887, 1007)	(902, 1007)	(902, 1018)	(887, 1018)
image	ne		(930, 222)	(947, 222)	(947, 230)	(930, 230)
image	4		(895, 1048)	(903, 1048)	(903, 1057)	(895, 1057)
image	ne		(930, 253)	(947, 253)	(947, 261)	(930, 261)
image	ne		(930, 285)	(947, 285)	(947, 293)	(930, 293)
image	ano		(921, 316)	(946, 316)	(946, 324)	(921, 324)
image	ne		(930, 348)	(946, 348)	(946, 356)	(930, 356)
image	16		(888, 723)	(902, 723)	(902, 734)	(888, 734)
image	ne		(930, 726)	(946, 726)	(946, 734)	(930, 734)
image	80		(844, 755)	(861, 755)	(861, 766)	(844, 766)
image	36		(887, 755)	(903, 755)	(903, 766)	(887, 766)
image	30		(845, 786)	(860, 786)	(860, 797)	(845, 797)
image	24		(887, 787)	(902, 787)	(902, 797)	(887, 797)
image	ne		(930, 789)	(945, 789)	(945, 797)	(930, 797)
image	50		(844, 817)	(860, 817)	(860, 828)	(844, 828)
image	48		(887, 817)	(903, 817)	(903, 828)	(887, 828)
image	ne		(930, 379)	(946, 379)	(946, 386)	(930, 386)
image	ne		(930, 411)	(946, 411)	(946, 418)	(930, 418)
image	ne		(930, 442)	(945, 442)	(945, 450)	(930, 450)
image	ne		(930, 474)	(946, 474)	(946, 482)	(930, 482)
image	ne		(930, 505)	(946, 505)	(946, 513)	(930, 513)
image	ne		(930, 537)	(947, 537)	(947, 545)	(930, 545)
image	ne		(930, 568)	(945, 568)	(945, 576)	(930, 576)
image	ne		(930, 600)	(946, 600)	(946, 608)	(930, 608)
image	ne		(930, 632)	(946, 632)	(946, 640)	(930, 640)
image	ne		(930, 663)	(946, 663)	(946, 670)	(930, 670)
image	ne		(930, 694)	(946, 694)	(946, 702)	(930, 702)
image	6		(895, 850)	(903, 850)	(903, 860)	(895, 860)
image	ne		(930, 852)	(946, 852)	(946, 860)	(930, 860)
image	ne		(930, 758)	(946, 758)	(946, 766)	(930, 766)
image	ano		(921, 820)	(945, 820)	(945, 828)	(921, 828)
image	ne		(930, 884)	(946, 884)	(946, 892)	(930, 892)
image	ne		(930, 915)	(946, 915)	(946, 922)	(930, 922)
image	ne		(930, 946)	(946, 946)	(946, 954)	(930, 954)
image	ne		(930, 978)	(946, 978)	(946, 986)	(930, 986)
image	ne		(930, 1010)	(946, 1010)	(946, 1018)	(930, 1018)
image	ne		(930, 1049)	(945, 1049)	(945, 1057)	(930, 1057)
image	KI		(965, 178)	(978, 178)	(978, 189)	(965, 189)
image	0		(980, 219)	(990, 219)	(990, 230)	(980, 230)
image	1		(980, 249)	(990, 249)	(990, 261)	(980, 261)
image	0		(979, 282)	(989, 282)	(989, 293)	(979, 293)
image	0		(979, 313)	(988, 313)	(988, 324)	(979, 324)
image	0		(979, 345)	(988, 345)	(988, 355)	(979, 355)
image	0		(980, 376)	(989, 376)	(989, 386)	(980, 386)
image	0		(980, 408)	(989, 408)	(989, 419)	(980, 419)
image	0		(979, 439)	(988, 439)	(988, 449)	(979, 449)
image	0		(979, 471)	(988, 471)	(988, 481)	(979, 481)
image	0		(979, 501)	(989, 501)	(989, 512)	(979, 512)
image	0		(979, 533)	(989, 533)	(989, 544)	(979, 544)
image	0		(979, 565)	(988, 565)	(988, 576)	(979, 576)
image	0		(979, 597)	(988, 597)	(988, 607)	(979, 607)
image	0		(979, 629)	(988, 629)	(988, 639)	(979, 639)
image	0		(979, 660)	(988, 660)	(988, 670)	(979, 670)
image	0		(979, 691)	(988, 691)	(988, 701)	(979, 701)
image	0		(979, 723)	(988, 723)	(988, 733)	(979, 733)
image	0		(979, 755)	(988, 755)	(988, 765)	(979, 765)
image	0		(979, 786)	(988, 786)	(988, 796)	(979, 796)
image	0		(980, 818)	(989, 818)	(989, 828)	(980, 828)
image	0		(979, 849)	(988, 849)	(988, 859)	(979, 859)
image	0		(979, 881)	(988, 881)	(988, 891)	(979, 891)
image	0		(979, 912)	(988, 912)	(988, 922)	(979, 922)
image	0		(979, 943)	(988, 943)	(988, 953)	(979, 953)
image	0		(979, 975)	(988, 975)	(988, 985)	(979, 985)
image	0		(980, 1007)	(989, 1007)	(989, 1017)	(980, 1017)
image	0		(979, 1048)	(988, 1048)	(988, 1058)	(979, 1058)
image	Dto		(1001, 178)	(1026, 178)	(1026, 189)	(1001, 189)
image	bron		(1039, 178)	(1071, 178)	(1071, 189)	(1039, 189)
image	z		(1052, 201)	(1060, 201)	(1060, 209)	(1052, 209)
image	0		(1022, 219)	(1031, 219)	(1031, 230)	(1022, 230)
image	0		(1022, 250)	(1031, 250)	(1031, 261)	(1022, 261)
image	0		(1022, 282)	(1031, 282)	(1031, 293)	(1022, 293)
image	0		(1022, 313)	(1031, 313)	(1031, 323)	(1022, 323)
image	0		(1022, 345)	(1031, 345)	(1031, 355)	(1022, 355)
image	0		(1022, 377)	(1031, 377)	(1031, 387)	(1022, 387)
image	0		(1022, 409)	(1031, 409)	(1031, 419)	(1022, 419)
image	0		(1022, 439)	(1031, 439)	(1031, 449)	(1022, 449)
image	0		(1022, 471)	(1031, 471)	(1031, 482)	(1022, 482)
image	0		(1022, 502)	(1031, 502)	(1031, 513)	(1022, 513)
image	0		(1022, 534)	(1031, 534)	(1031, 545)	(1022, 545)
image	0		(1022, 565)	(1031, 565)	(1031, 575)	(1022, 575)
image	0		(1022, 598)	(1031, 598)	(1031, 608)	(1022, 608)
image	0		(1022, 630)	(1031, 630)	(1031, 640)	(1022, 640)
image	0		(1022, 661)	(1031, 661)	(1031, 671)	(1022, 671)
image	0		(1022, 691)	(1031, 691)	(1031, 701)	(1022, 701)
image	0		(1022, 724)	(1031, 724)	(1031, 734)	(1022, 734)
image	0		(1022, 756)	(1031, 756)	(1031, 766)	(1022, 766)
image	0		(1022, 786)	(1031, 786)	(1031, 796)	(1022, 796)
image	0		(1022, 817)	(1030, 817)	(1030, 827)	(1022, 827)
image	0		(1022, 850)	(1031, 850)	(1031, 860)	(1022, 860)
image	0		(1022, 882)	(1031, 882)	(1031, 892)	(1022, 892)
image	0		(1022, 913)	(1031, 913)	(1031, 923)	(1022, 923)
image	0		(1022, 943)	(1031, 943)	(1031, 953)	(1022, 953)
image	0		(1022, 975)	(1031, 975)	(1031, 985)	(1022, 985)
image	To		(1033, 998)	(1033, 1018)	(1023, 1018)	(1023, 998)
image	0		(1022, 1007)	(1031, 1007)	(1031, 1017)	(1022, 1017)
image	0		(1022, 1048)	(1031, 1048)	(1031, 1058)	(1022, 1058)
image	0		(1064, 219)	(1074, 219)	(1074, 230)	(1064, 230)
image	0		(1065, 250)	(1074, 250)	(1074, 261)	(1065, 261)
image	0		(1064, 282)	(1073, 282)	(1073, 293)	(1064, 293)
image	0		(1065, 313)	(1074, 313)	(1074, 324)	(1065, 324)
image	0		(1065, 345)	(1074, 345)	(1074, 356)	(1065, 356)
image	0		(1065, 376)	(1074, 376)	(1074, 387)	(1065, 387)
image	0		(1064, 409)	(1073, 409)	(1073, 419)	(1064, 419)
image	0		(1065, 440)	(1073, 440)	(1073, 450)	(1065, 450)
image	0		(1064, 502)	(1073, 502)	(1073, 513)	(1064, 513)
image	0		(1064, 534)	(1073, 534)	(1073, 545)	(1064, 545)
image	0		(1065, 565)	(1074, 565)	(1074, 576)	(1065, 576)
image	0		(1065, 597)	(1074, 597)	(1074, 608)	(1065, 608)
image	0		(1065, 629)	(1074, 629)	(1074, 640)	(1065, 640)
image	0		(1107, 440)	(1115, 440)	(1115, 451)	(1107, 451)
image	0		(1065, 471)	(1074, 471)	(1074, 482)	(1065, 482)
image	0		(1107, 471)	(1116, 471)	(1116, 482)	(1107, 482)
image	1		(1065, 661)	(1073, 661)	(1073, 671)	(1065, 671)
image	0		(1065, 691)	(1073, 691)	(1073, 701)	(1065, 701)
image	0		(1065, 723)	(1074, 723)	(1074, 733)	(1065, 733)
image	0		(1065, 756)	(1074, 756)	(1074, 766)	(1065, 766)
image	0		(1065, 787)	(1073, 787)	(1073, 797)	(1065, 797)
image	0		(1065, 817)	(1073, 817)	(1073, 827)	(1065, 827)
image	0		(1065, 849)	(1073, 849)	(1073, 859)	(1065, 859)
image	0		(1065, 881)	(1074, 881)	(1074, 892)	(1065, 892)
image	0		(1065, 912)	(1074, 912)	(1074, 923)	(1065, 923)
image	0		(1065, 943)	(1073, 943)	(1073, 953)	(1065, 953)
image	0		(1064, 976)	(1073, 976)	(1073, 986)	(1064, 986)
image	0		(1064, 1008)	(1073, 1008)	(1073, 1018)	(1064, 1018)
image	Fe		(1090, 177)	(1107, 177)	(1107, 189)	(1090, 189)
image	0		(1064, 1047)	(1073, 1047)	(1073, 1057)	(1064, 1057)
image	0		(1107, 219)	(1116, 219)	(1116, 230)	(1107, 230)
image	0		(1107, 251)	(1115, 251)	(1115, 261)	(1107, 261)
image	0		(1108, 282)	(1116, 282)	(1116, 292)	(1108, 292)
image	0		(1107, 314)	(1115, 314)	(1115, 324)	(1107, 324)
image	0		(1107, 345)	(1115, 345)	(1115, 356)	(1107, 356)
image	0		(1107, 376)	(1116, 376)	(1116, 387)	(1107, 387)
image	0		(1107, 409)	(1115, 409)	(1115, 419)	(1107, 419)
image	O		(1104, 501)	(1113, 501)	(1113, 513)	(1104, 513)
image	O		(1104, 533)	(1113, 533)	(1113, 545)	(1104, 545)
image	O		(1104, 564)	(1113, 564)	(1113, 576)	(1104, 576)
image	O		(1104, 596)	(1113, 596)	(1113, 609)	(1104, 609)
image	O		(1104, 628)	(1113, 628)	(1113, 641)	(1104, 641)
image	O		(1104, 659)	(1113, 659)	(1113, 672)	(1104, 672)
image	O		(1104, 690)	(1113, 690)	(1113, 703)	(1104, 703)
image	O		(1104, 722)	(1113, 722)	(1113, 735)	(1104, 735)
image	O		(1104, 755)	(1113, 755)	(1113, 768)	(1104, 768)
image	O		(1104, 785)	(1113, 785)	(1113, 798)	(1104, 798)
image	O		(1104, 816)	(1113, 816)	(1113, 829)	(1104, 829)
image	O		(1104, 848)	(1113, 848)	(1113, 860)	(1104, 860)
image	O		(1104, 880)	(1113, 880)	(1113, 893)	(1104, 893)
image	O		(1105, 911)	(1114, 911)	(1114, 924)	(1105, 924)
image	O		(1105, 942)	(1114, 942)	(1114, 953)	(1105, 953)
image	0		(1107, 503)	(1115, 503)	(1115, 513)	(1107, 513)
image	0		(1108, 534)	(1116, 534)	(1116, 544)	(1108, 544)
image	0		(1108, 565)	(1116, 565)	(1116, 575)	(1108, 575)
image	0		(1107, 630)	(1115, 630)	(1115, 640)	(1107, 640)
image	0		(1107, 661)	(1115, 661)	(1115, 671)	(1107, 671)
image	0		(1107, 692)	(1115, 692)	(1115, 702)	(1107, 702)
image	0		(1107, 724)	(1115, 724)	(1115, 734)	(1107, 734)
image	0		(1107, 756)	(1115, 756)	(1115, 766)	(1107, 766)
image	0		(1107, 787)	(1116, 787)	(1116, 797)	(1107, 797)
image	0		(1107, 817)	(1115, 817)	(1115, 828)	(1107, 828)
image	0		(1107, 850)	(1116, 850)	(1116, 860)	(1107, 860)
image	0		(1107, 881)	(1116, 881)	(1116, 892)	(1107, 892)
image	0		(1107, 943)	(1116, 943)	(1116, 954)	(1107, 954)
image	0		(1107, 976)	(1115, 976)	(1115, 986)	(1107, 986)
image	0		(1107, 1008)	(1115, 1008)	(1115, 1018)	(1107, 1018)
image	0		(1107, 1048)	(1115, 1048)	(1115, 1058)	(1107, 1058)
image	Str		(1131, 178)	(1151, 178)	(1151, 189)	(1131, 189)
image	0		(1150, 220)	(1159, 220)	(1159, 231)	(1150, 231)
image	0		(1150, 250)	(1159, 250)	(1159, 261)	(1150, 261)
image	0		(1150, 282)	(1160, 282)	(1160, 293)	(1150, 293)
image	0		(1150, 314)	(1158, 314)	(1158, 324)	(1150, 324)
image	0		(1150, 346)	(1159, 346)	(1159, 356)	(1150, 356)
image	0		(1150, 377)	(1159, 377)	(1159, 386)	(1150, 386)
image	0		(1150, 409)	(1158, 409)	(1158, 419)	(1150, 419)
image	0		(1150, 440)	(1158, 440)	(1158, 450)	(1150, 450)
image	0		(1150, 471)	(1159, 471)	(1159, 482)	(1150, 482)
image	0		(1150, 503)	(1159, 503)	(1159, 513)	(1150, 513)
image	0		(1150, 535)	(1159, 535)	(1159, 545)	(1150, 545)
image	0		(1150, 565)	(1159, 565)	(1159, 575)	(1150, 575)
image	0		(1150, 597)	(1159, 597)	(1159, 607)	(1150, 607)
image	O		(1150, 629)	(1158, 629)	(1158, 640)	(1150, 640)
image	rudnina		(1167, 629)	(1216, 629)	(1216, 640)	(1167, 640)
image	0		(1150, 661)	(1158, 661)	(1158, 671)	(1150, 671)
image	0		(1150, 692)	(1158, 692)	(1158, 702)	(1150, 702)
image	0		(1150, 723)	(1159, 723)	(1159, 733)	(1150, 733)
image	0		(1150, 756)	(1159, 756)	(1159, 766)	(1150, 766)
image	0		(1150, 786)	(1159, 786)	(1159, 796)	(1150, 796)
image	0		(1150, 818)	(1158, 818)	(1158, 828)	(1150, 828)
image	0		(1150, 849)	(1159, 849)	(1159, 859)	(1150, 859)
image	0		(1150, 881)	(1159, 881)	(1159, 891)	(1150, 891)
image	0		(1150, 913)	(1159, 913)	(1159, 922)	(1150, 922)
image	0		(1150, 943)	(1159, 943)	(1159, 953)	(1150, 953)
image	0		(1150, 975)	(1159, 975)	(1159, 985)	(1150, 985)
image	0		(1150, 1007)	(1159, 1007)	(1159, 1017)	(1150, 1017)
image	jiné		(1184, 177)	(1209, 177)	(1209, 191)	(1184, 191)
image	0		(1150, 1047)	(1159, 1047)	(1159, 1057)	(1150, 1057)
image	DATACE		(1270, 178)	(1322, 178)	(1322, 189)	(1270, 189)
image	BR		(1238, 217)	(1253, 217)	(1253, 231)	(1238, 231)
image	střed		(1257, 217)	(1290, 217)	(1290, 230)	(1257, 230)
image	.		(1291, 217)	(1295, 217)	(1295, 230)	(1291, 230)
image	/		(1294, 217)	(1301, 217)	(1301, 230)	(1294, 230)
image	ml		(1301, 217)	(1318, 217)	(1318, 230)	(1301, 230)
image	.		(1318, 217)	(1322, 217)	(1322, 230)	(1318, 230)
image	BR		(1237, 249)	(1254, 249)	(1254, 261)	(1237, 261)
image	střed		(1258, 249)	(1290, 249)	(1290, 261)	(1258, 261)
image	.		(1292, 249)	(1296, 249)	(1296, 261)	(1292, 261)
image	/		(1295, 249)	(1302, 249)	(1302, 261)	(1295, 261)
image	ml		(1301, 249)	(1319, 249)	(1319, 262)	(1301, 262)
image	.		(1319, 250)	(1323, 250)	(1323, 262)	(1319, 262)
image	BR		(1238, 281)	(1254, 281)	(1254, 295)	(1238, 295)
image	střed		(1258, 281)	(1289, 281)	(1289, 295)	(1258, 295)
image	.		(1293, 281)	(1297, 281)	(1297, 295)	(1293, 295)
image	/		(1295, 281)	(1302, 281)	(1302, 295)	(1295, 295)
image	ml		(1302, 281)	(1319, 281)	(1319, 295)	(1302, 295)
image	.		(1319, 281)	(1323, 281)	(1323, 295)	(1319, 295)
image	BR		(1238, 312)	(1254, 312)	(1254, 325)	(1238, 325)
image	střed		(1258, 312)	(1290, 312)	(1290, 325)	(1258, 325)
image	.		(1292, 312)	(1296, 312)	(1296, 325)	(1292, 325)
image	/		(1295, 312)	(1302, 312)	(1302, 325)	(1295, 325)
image	ml		(1302, 312)	(1319, 312)	(1319, 325)	(1302, 325)
image	.		(1319, 313)	(1322, 313)	(1322, 326)	(1319, 326)
image	BR		(1238, 344)	(1254, 344)	(1254, 357)	(1238, 357)
image	střed		(1258, 344)	(1289, 344)	(1289, 357)	(1258, 357)
image	.		(1292, 344)	(1296, 344)	(1296, 357)	(1292, 357)
image	/		(1294, 344)	(1301, 344)	(1301, 357)	(1294, 357)
image	ml		(1302, 344)	(1318, 344)	(1318, 357)	(1302, 357)
image	.		(1319, 344)	(1323, 344)	(1323, 357)	(1319, 357)
image	BR		(1238, 375)	(1254, 375)	(1254, 388)	(1238, 388)
image	střed		(1258, 375)	(1290, 375)	(1290, 388)	(1258, 388)
image	.		(1292, 375)	(1295, 375)	(1295, 388)	(1292, 388)
image	/		(1295, 375)	(1302, 375)	(1302, 388)	(1295, 388)
image	ml		(1302, 375)	(1319, 375)	(1319, 388)	(1302, 388)
image	.		(1319, 375)	(1322, 375)	(1322, 388)	(1319, 388)
image	BR		(1238, 407)	(1254, 407)	(1254, 420)	(1238, 420)
image	střed		(1258, 407)	(1290, 407)	(1290, 420)	(1258, 420)
image	.		(1292, 407)	(1295, 407)	(1295, 420)	(1292, 420)
image	/		(1296, 407)	(1303, 407)	(1303, 420)	(1296, 420)
image	ml		(1302, 407)	(1318, 407)	(1318, 421)	(1302, 421)
image	.		(1319, 408)	(1322, 408)	(1322, 421)	(1319, 421)
image	BR		(1238, 438)	(1253, 438)	(1253, 451)	(1238, 451)
image	střed		(1257, 438)	(1289, 438)	(1289, 450)	(1257, 450)
image	.		(1291, 438)	(1294, 438)	(1294, 450)	(1291, 450)
image	/		(1295, 438)	(1301, 438)	(1301, 450)	(1295, 450)
image	ml		(1301, 438)	(1318, 438)	(1318, 450)	(1301, 450)
image	.		(1318, 438)	(1321, 438)	(1321, 450)	(1318, 450)
image	BR		(1238, 470)	(1254, 470)	(1254, 483)	(1238, 483)
image	střed		(1258, 470)	(1289, 470)	(1289, 483)	(1258, 483)
image	.		(1292, 470)	(1296, 470)	(1296, 483)	(1292, 483)
image	/		(1294, 470)	(1301, 470)	(1301, 483)	(1294, 483)
image	ml		(1302, 470)	(1318, 470)	(1318, 483)	(1302, 483)
image	.		(1319, 470)	(1323, 470)	(1323, 483)	(1319, 483)
image	BR		(1238, 501)	(1254, 501)	(1254, 514)	(1238, 514)
image	střed		(1258, 501)	(1290, 501)	(1290, 514)	(1258, 514)
image	.		(1292, 501)	(1295, 501)	(1295, 514)	(1292, 514)
image	/		(1296, 501)	(1303, 501)	(1303, 514)	(1296, 514)
image	ml		(1302, 501)	(1319, 501)	(1319, 514)	(1302, 514)
image	.		(1319, 501)	(1322, 501)	(1322, 514)	(1319, 514)
image	BR		(1238, 533)	(1254, 533)	(1254, 547)	(1238, 547)
image	střed		(1258, 533)	(1290, 533)	(1290, 547)	(1258, 547)
image	.		(1292, 533)	(1296, 533)	(1296, 547)	(1292, 547)
image	/		(1295, 533)	(1302, 533)	(1302, 547)	(1295, 547)
image	ml		(1302, 533)	(1318, 533)	(1318, 548)	(1302, 548)
image	.		(1319, 534)	(1323, 534)	(1323, 548)	(1319, 548)
image	BR		(1238, 563)	(1255, 563)	(1255, 577)	(1238, 577)
image	střed		(1258, 562)	(1291, 563)	(1291, 578)	(1258, 577)
image	.		(1292, 564)	(1296, 564)	(1296, 578)	(1292, 578)
image	/		(1294, 564)	(1301, 564)	(1301, 578)	(1294, 578)
image	ml		(1302, 564)	(1318, 564)	(1318, 578)	(1302, 578)
image	.		(1319, 564)	(1323, 564)	(1323, 578)	(1319, 578)
image	BR		(1238, 596)	(1254, 596)	(1254, 610)	(1238, 610)
image	střed		(1258, 596)	(1289, 596)	(1289, 610)	(1258, 610)
image	.		(1293, 596)	(1297, 596)	(1297, 610)	(1293, 610)
image	/		(1295, 596)	(1302, 596)	(1302, 610)	(1295, 610)
image	ml		(1302, 596)	(1319, 596)	(1319, 610)	(1302, 610)
image	.		(1319, 596)	(1322, 596)	(1322, 610)	(1319, 610)
image	BR		(1238, 628)	(1254, 628)	(1254, 640)	(1238, 640)
image	střed		(1258, 628)	(1290, 629)	(1290, 641)	(1258, 640)
image	.		(1292, 628)	(1296, 628)	(1296, 640)	(1292, 640)
image	/		(1295, 628)	(1302, 628)	(1302, 640)	(1295, 640)
image	ml		(1302, 629)	(1318, 629)	(1318, 641)	(1302, 641)
image	.		(1319, 629)	(1322, 629)	(1322, 641)	(1319, 641)
image	BR		(1238, 658)	(1254, 658)	(1254, 671)	(1238, 671)
image	střed		(1258, 658)	(1290, 659)	(1290, 672)	(1258, 671)
image	.		(1292, 659)	(1296, 659)	(1296, 672)	(1292, 672)
image	/		(1295, 659)	(1302, 659)	(1302, 672)	(1295, 672)
image	ml		(1302, 659)	(1319, 659)	(1319, 672)	(1302, 672)
image	.		(1319, 659)	(1322, 659)	(1322, 672)	(1319, 672)
image	BR		(1238, 691)	(1254, 691)	(1254, 703)	(1238, 703)
image	střed		(1258, 691)	(1291, 691)	(1291, 703)	(1258, 703)
image	.		(1292, 691)	(1296, 691)	(1296, 703)	(1292, 703)
image	/		(1295, 691)	(1302, 691)	(1302, 703)	(1295, 703)
image	ml		(1302, 691)	(1319, 691)	(1319, 703)	(1302, 703)
image	.		(1319, 691)	(1322, 691)	(1322, 703)	(1319, 703)
image	BR		(1238, 723)	(1254, 723)	(1254, 735)	(1238, 735)
image	střed		(1258, 723)	(1291, 723)	(1291, 735)	(1258, 735)
image	.		(1292, 723)	(1296, 723)	(1296, 735)	(1292, 735)
image	/		(1295, 723)	(1302, 723)	(1302, 735)	(1295, 735)
image	ml		(1302, 723)	(1319, 723)	(1319, 735)	(1302, 735)
image	.		(1319, 723)	(1322, 723)	(1322, 735)	(1319, 735)
image	BR		(1238, 755)	(1253, 755)	(1253, 766)	(1238, 766)
image	střed		(1258, 755)	(1290, 755)	(1290, 766)	(1258, 766)
image	.		(1292, 755)	(1296, 755)	(1296, 766)	(1292, 766)
image	/		(1295, 755)	(1302, 755)	(1302, 766)	(1295, 766)
image	ml		(1302, 755)	(1319, 755)	(1319, 766)	(1302, 766)
image	.		(1319, 755)	(1322, 755)	(1322, 766)	(1319, 766)
image	BR		(1238, 786)	(1254, 786)	(1254, 798)	(1238, 798)
image	střed		(1258, 786)	(1291, 786)	(1291, 798)	(1258, 798)
image	.		(1292, 786)	(1296, 786)	(1296, 798)	(1292, 798)
image	/		(1295, 786)	(1302, 786)	(1302, 798)	(1295, 798)
image	ml		(1302, 786)	(1318, 786)	(1318, 798)	(1302, 798)
image	.		(1319, 786)	(1322, 786)	(1322, 798)	(1319, 798)
image	BR		(1238, 817)	(1253, 817)	(1253, 829)	(1238, 829)
image	střed		(1258, 817)	(1289, 817)	(1289, 829)	(1258, 829)
image	.		(1292, 817)	(1296, 817)	(1296, 829)	(1292, 829)
image	/		(1294, 817)	(1301, 817)	(1301, 829)	(1294, 829)
image	ml		(1302, 817)	(1318, 817)	(1318, 829)	(1302, 829)
image	.		(1319, 817)	(1322, 817)	(1322, 829)	(1319, 829)
image	BR		(1238, 848)	(1253, 848)	(1253, 862)	(1238, 862)
image	střed		(1257, 848)	(1289, 848)	(1289, 861)	(1257, 861)
image	.		(1291, 848)	(1295, 848)	(1295, 861)	(1291, 861)
image	/		(1294, 848)	(1301, 848)	(1301, 861)	(1294, 861)
image	ml		(1301, 848)	(1317, 848)	(1317, 861)	(1301, 861)
image	.		(1318, 848)	(1322, 848)	(1322, 861)	(1318, 861)
image	BR		(1238, 880)	(1254, 880)	(1254, 892)	(1238, 892)
image	střed		(1258, 880)	(1290, 880)	(1290, 892)	(1258, 892)
image	.		(1292, 880)	(1296, 880)	(1296, 892)	(1292, 892)
image	/		(1295, 880)	(1302, 880)	(1302, 892)	(1295, 892)
image	ml		(1302, 880)	(1318, 880)	(1318, 893)	(1302, 893)
image	.		(1319, 881)	(1322, 881)	(1322, 893)	(1319, 893)
image	BR		(1238, 910)	(1254, 910)	(1254, 923)	(1238, 923)
image	střed		(1258, 910)	(1290, 911)	(1290, 924)	(1258, 923)
image	.		(1292, 911)	(1295, 911)	(1295, 924)	(1292, 924)
image	/		(1294, 911)	(1301, 911)	(1301, 924)	(1294, 924)
image	ml		(1302, 911)	(1319, 911)	(1319, 924)	(1302, 924)
image	.		(1319, 911)	(1322, 911)	(1322, 924)	(1319, 924)
image	BR		(1238, 942)	(1254, 942)	(1254, 956)	(1238, 956)
image	střed		(1258, 942)	(1290, 942)	(1290, 956)	(1258, 956)
image	.		(1292, 942)	(1296, 942)	(1296, 956)	(1292, 956)
image	/		(1295, 942)	(1302, 942)	(1302, 956)	(1295, 956)
image	ml		(1302, 942)	(1319, 942)	(1319, 956)	(1302, 956)
image	.		(1319, 942)	(1322, 942)	(1322, 956)	(1319, 956)
image	BR		(1238, 974)	(1254, 974)	(1254, 988)	(1238, 988)
image	střed		(1258, 974)	(1290, 974)	(1290, 988)	(1258, 988)
image	.		(1292, 974)	(1295, 974)	(1295, 988)	(1292, 988)
image	/		(1296, 974)	(1303, 974)	(1303, 988)	(1296, 988)
image	ml		(1302, 974)	(1319, 974)	(1319, 988)	(1302, 988)
image	.		(1319, 974)	(1322, 974)	(1322, 988)	(1319, 988)
image	BR		(1238, 1007)	(1253, 1007)	(1253, 1019)	(1238, 1019)
image	střed		(1258, 1007)	(1289, 1007)	(1289, 1019)	(1258, 1019)
image	.		(1292, 1007)	(1296, 1007)	(1296, 1019)	(1292, 1019)
image	/		(1294, 1007)	(1301, 1007)	(1301, 1019)	(1294, 1019)
image	ml		(1302, 1007)	(1319, 1007)	(1319, 1019)	(1302, 1019)
image	.		(1319, 1007)	(1322, 1007)	(1322, 1019)	(1319, 1019)
image	BR		(1238, 1046)	(1254, 1046)	(1254, 1058)	(1238, 1058)
image	střed		(1258, 1046)	(1290, 1047)	(1290, 1059)	(1258, 1058)
image	.		(1292, 1046)	(1295, 1046)	(1295, 1058)	(1292, 1058)
image	/		(1296, 1046)	(1303, 1046)	(1303, 1058)	(1296, 1058)
image	ml		(1302, 1047)	(1318, 1047)	(1318, 1059)	(1302, 1059)
image	.		(1319, 1047)	(1322, 1047)	(1322, 1059)	(1319, 1059)
image	poznámka		(1424, 177)	(1491, 177)	(1491, 191)	(1424, 191)
image	přetav.ker		(1365, 250)	(1433, 250)	(1433, 264)	(1365, 264)
image	.		(1432, 250)	(1436, 250)	(1436, 264)	(1432, 264)
image	přetav.ker		(1365, 280)	(1433, 281)	(1433, 296)	(1365, 295)
image	.		(1432, 281)	(1437, 281)	(1437, 295)	(1432, 295)
image	přetav.ker		(1365, 534)	(1432, 534)	(1432, 547)	(1365, 547)
image	.		(1430, 534)	(1435, 534)	(1435, 547)	(1430, 547)
image	,		(1435, 534)	(1440, 534)	(1440, 547)	(1435, 547)
image	maz		(1440, 534)	(1467, 534)	(1467, 547)	(1440, 547)
image	přetav.maz		(1365, 691)	(1438, 692)	(1438, 705)	(1365, 704)
image	provrt.kolečko		(1365, 722)	(1457, 721)	(1457, 735)	(1365, 736)
image	,		(1458, 722)	(1462, 722)	(1462, 735)	(1458, 735)
image	Ma		(1463, 721)	(1483, 721)	(1483, 735)	(1463, 735)
image	s		(1487, 721)	(1493, 721)	(1493, 734)	(1487, 734)
image	otisk		(1497, 721)	(1528, 721)	(1528, 734)	(1497, 734)
image	.		(1528, 721)	(1531, 721)	(1531, 734)	(1528, 734)
image	kulička		(1365, 816)	(1409, 817)	(1409, 828)	(1365, 827)
image	přetav.maz		(1365, 943)	(1437, 944)	(1437, 957)	(1365, 956)
image	.		(1438, 944)	(1442, 944)	(1442, 956)	(1438, 956)
image	přetav.ker		(1365, 976)	(1432, 976)	(1432, 988)	(1365, 988)
image	.		(1432, 976)	(1436, 976)	(1436, 988)	(1432, 988)
