IMAGE_NAME	DESCRIPTION	LANGUAGE	BBOX_1	BBOX_2	BBOX_3	BBOX_4
image	"rchiv hlavního města
Prahy
www.ahmp.cz
Arch.
hlavního města
Prahy
ahmp.cz
www.
Prahy
rchiv hlavního měst
www.ahmp.cz
Archiv
www.a.
Archiv
78.8
11
www.al
1 - fotografie ""Studentského domova"" od jihovýchodu, kolem roku 1925, dnes budova č. o. 3a
(převzato z www.ahmp.cz)
www
Archy hiniho města
Prahy
hlavního města
Arch.
.ahmp.cz
města
i
obrazová příloha č. 58
Archiv
www
Prahy
rchiv hlavního města
ww.ansap.cz,
www.a.
Pra
iv hla
www.ahm
316
2 - fotografie ""Studentského domova"" od jihozápadu, kolem roku 1926, dnes budova č. o. 3a, v pozadí kostel
sv. Apolináře (převzato z www.ahmp.cz)"	cs	(104, 41)	(1135, 41)	(1135, 1615)	(104, 1615)
image	rchiv		(105, 391)	(151, 345)	(167, 361)	(121, 407)
image	hlavního		(156, 339)	(230, 264)	(246, 280)	(172, 355)
image	města		(236, 257)	(288, 204)	(305, 221)	(253, 274)
image	Prahy		(185, 346)	(239, 301)	(253, 318)	(199, 363)
image	www.ahmp.cz		(178, 394)	(291, 284)	(305, 298)	(192, 408)
image	Arch		(357, 144)	(398, 105)	(411, 118)	(370, 158)
image	.		(401, 103)	(405, 99)	(418, 112)	(413, 116)
image	hlavního		(151, 1119)	(225, 1048)	(240, 1063)	(166, 1134)
image	města		(232, 1041)	(285, 990)	(299, 1004)	(246, 1055)
image	Prahy		(180, 1127)	(233, 1079)	(247, 1093)	(193, 1142)
image	ahmp.cz		(212, 1133)	(284, 1064)	(297, 1077)	(225, 1147)
image	www		(433, 148)	(474, 105)	(487, 116)	(445, 160)
image	.		(467, 114)	(479, 101)	(491, 112)	(479, 125)
image	Prahy		(446, 613)	(499, 563)	(514, 579)	(461, 629)
image	rchiv		(367, 653)	(411, 611)	(427, 627)	(383, 670)
image	hlavního		(418, 605)	(494, 532)	(510, 549)	(434, 622)
image	měst		(499, 526)	(545, 482)	(561, 498)	(515, 543)
image	www.ahmp.cz		(431, 667)	(552, 548)	(567, 563)	(446, 682)
image	Archiv		(349, 925)	(404, 870)	(418, 883)	(362, 938)
image	www.a.		(417, 918)	(491, 864)	(504, 883)	(431, 937)
image	Archiv		(350, 1445)	(407, 1390)	(419, 1403)	(363, 1458)
image	78.8		(589, 402)	(609, 402)	(609, 416)	(589, 416)
image	11		(459, 1128)	(483, 1124)	(484, 1132)	(460, 1136)
image	www.al		(424, 1445)	(488, 1382)	(501, 1395)	(437, 1458)
image	1		(118, 805)	(125, 805)	(125, 824)	(118, 824)
image	-		(133, 805)	(141, 805)	(141, 824)	(133, 824)
image	fotografie		(145, 805)	(228, 805)	(228, 824)	(145, 824)
image	""""		(235, 805)	(242, 805)	(242, 824)	(235, 824)
image	Studentského		(242, 805)	(363, 805)	(363, 824)	(242, 824)
image	domova		(369, 805)	(440, 805)	(440, 824)	(369, 824)
image	""""		(440, 805)	(446, 805)	(446, 824)	(440, 824)
image	od		(453, 805)	(473, 805)	(473, 824)	(453, 824)
image	jihovýchodu		(479, 805)	(584, 805)	(584, 824)	(479, 824)
image	,		(587, 805)	(590, 805)	(590, 824)	(587, 824)
image	kolem		(598, 805)	(648, 805)	(648, 824)	(598, 824)
image	roku		(657, 805)	(693, 805)	(693, 824)	(657, 824)
image	1925		(701, 805)	(745, 805)	(745, 824)	(701, 824)
image	,		(746, 805)	(749, 805)	(749, 824)	(746, 824)
image	dnes		(756, 805)	(799, 805)	(799, 824)	(756, 824)
image	budova		(806, 805)	(871, 805)	(871, 824)	(806, 824)
image	č		(875, 805)	(885, 805)	(885, 824)	(875, 824)
image	.		(887, 805)	(891, 805)	(891, 824)	(887, 824)
image	o		(897, 805)	(907, 805)	(907, 824)	(897, 824)
image	.		(909, 805)	(913, 805)	(913, 824)	(909, 824)
image	3a		(919, 805)	(941, 805)	(941, 824)	(919, 824)
image	(		(144, 829)	(151, 829)	(151, 848)	(144, 848)
image	převzato		(151, 829)	(229, 829)	(229, 848)	(151, 848)
image	z		(233, 829)	(243, 829)	(243, 848)	(233, 848)
image	www.ahmp.cz		(248, 829)	(372, 829)	(372, 848)	(248, 848)
image	)		(374, 829)	(380, 829)	(380, 848)	(374, 848)
image	www		(696, 407)	(736, 366)	(745, 375)	(705, 416)
image	Archy		(612, 401)	(673, 342)	(690, 359)	(629, 418)
image	hiniho		(675, 340)	(754, 265)	(770, 282)	(692, 357)
image	města		(759, 258)	(813, 206)	(830, 223)	(776, 275)
image	Prahy		(699, 1130)	(750, 1078)	(768, 1096)	(717, 1148)
image	hlavního		(668, 1119)	(743, 1045)	(760, 1061)	(684, 1135)
image	města		(749, 1039)	(802, 986)	(819, 1003)	(765, 1055)
image	Arch		(881, 144)	(923, 105)	(936, 119)	(894, 158)
image	.		(925, 104)	(929, 100)	(942, 113)	(937, 117)
image	.ahmp.cz		(722, 1138)	(801, 1060)	(819, 1078)	(740, 1156)
image	města		(760, 1553)	(807, 1511)	(818, 1524)	(771, 1566)
image	i		(908, 429)	(927, 426)	(931, 453)	(912, 456)
image	obrazová		(970, 43)	(1035, 42)	(1035, 57)	(970, 58)
image	příloha		(1039, 42)	(1089, 41)	(1089, 56)	(1039, 57)
image	č		(1093, 42)	(1101, 42)	(1101, 56)	(1093, 56)
image	.		(1101, 42)	(1105, 42)	(1105, 56)	(1101, 56)
image	58		(1112, 42)	(1135, 42)	(1135, 56)	(1112, 56)
image	Archiv		(869, 924)	(925, 870)	(939, 884)	(883, 938)
image	www		(956, 145)	(998, 105)	(1009, 117)	(967, 157)
image	Prahy		(972, 615)	(1023, 563)	(1042, 582)	(991, 634)
image	rchiv		(890, 654)	(935, 610)	(950, 625)	(905, 670)
image	hlavního		(940, 604)	(1017, 528)	(1033, 544)	(956, 620)
image	města		(1020, 524)	(1075, 470)	(1091, 486)	(1036, 540)
image	ww.ansap.cz		(971, 652)	(1079, 547)	(1092, 560)	(984, 665)
image	,		(1080, 549)	(1084, 545)	(1095, 556)	(1091, 560)
image	www.a.		(945, 926)	(1006, 866)	(1018, 877)	(956, 937)
image	Pra		(960, 1390)	(992, 1362)	(1004, 1376)	(972, 1404)
image	iv		(910, 1403)	(925, 1389)	(938, 1403)	(923, 1417)
image	hla		(931, 1382)	(958, 1357)	(972, 1372)	(945, 1397)
image	www.ahm		(942, 1444)	(1027, 1360)	(1041, 1375)	(957, 1459)
image	316		(1041, 718)	(1065, 719)	(1064, 734)	(1040, 733)
image	2		(112, 1571)	(124, 1571)	(124, 1591)	(112, 1591)
image	-		(128, 1571)	(137, 1571)	(137, 1591)	(128, 1591)
image	fotografie		(140, 1571)	(225, 1571)	(225, 1591)	(140, 1591)
image	""""		(229, 1571)	(237, 1571)	(237, 1591)	(229, 1591)
image	Studentského		(237, 1571)	(359, 1571)	(359, 1591)	(237, 1591)
image	domova		(365, 1571)	(435, 1571)	(435, 1591)	(365, 1591)
image	""""		(437, 1571)	(443, 1571)	(443, 1591)	(437, 1591)
image	od		(449, 1571)	(468, 1571)	(468, 1591)	(449, 1591)
image	jihozápadu		(474, 1571)	(571, 1571)	(571, 1591)	(474, 1591)
image	,		(574, 1571)	(578, 1571)	(578, 1591)	(574, 1591)
image	kolem		(585, 1571)	(635, 1571)	(635, 1591)	(585, 1591)
image	roku		(644, 1571)	(680, 1571)	(680, 1591)	(644, 1591)
image	1926		(689, 1571)	(731, 1571)	(731, 1591)	(689, 1591)
image	,		(733, 1571)	(736, 1571)	(736, 1591)	(733, 1591)
image	dnes		(742, 1571)	(786, 1571)	(786, 1591)	(742, 1591)
image	budova		(793, 1571)	(857, 1571)	(857, 1591)	(793, 1591)
image	č		(863, 1571)	(873, 1571)	(873, 1591)	(863, 1591)
image	.		(874, 1571)	(877, 1571)	(877, 1591)	(874, 1591)
image	o		(884, 1571)	(894, 1571)	(894, 1591)	(884, 1591)
image	.		(897, 1571)	(900, 1571)	(900, 1591)	(897, 1591)
image	3a		(907, 1571)	(928, 1571)	(928, 1591)	(907, 1591)
image	,		(930, 1571)	(933, 1571)	(933, 1591)	(930, 1591)
image	v		(940, 1571)	(949, 1571)	(949, 1591)	(940, 1591)
image	pozadí		(956, 1571)	(1017, 1571)	(1017, 1591)	(956, 1591)
image	kostel		(1021, 1571)	(1074, 1571)	(1074, 1591)	(1021, 1591)
image	sv		(140, 1595)	(160, 1595)	(160, 1615)	(140, 1615)
image	.		(161, 1595)	(167, 1595)	(167, 1615)	(161, 1615)
image	Apolináře		(171, 1595)	(255, 1595)	(255, 1615)	(171, 1615)
image	(		(262, 1595)	(268, 1595)	(268, 1615)	(262, 1615)
image	převzato		(268, 1595)	(344, 1595)	(344, 1615)	(268, 1615)
image	z		(351, 1595)	(360, 1595)	(360, 1615)	(351, 1615)
image	www.ahmp.cz		(366, 1595)	(490, 1595)	(490, 1615)	(366, 1615)
image	)		(491, 1595)	(498, 1595)	(498, 1615)	(491, 1615)
