IMAGE_NAME	DESCRIPTION	LANGUAGE	BBOX_1	BBOX_2	BBOX_3	BBOX_4
image	"Čáslav - Skála 2003
poč| KONTEXT ČÁST VRSTV
A
279 sekt.2203
280 sekt.2203
281 sekt.2203
282 sekt.2203
283 sekt.2203
284 sekt.2205
285 sekt.2205
286 sekt.2205
287 sekt.2205
288 sekt.2205
289 sekt.2205
290 sekt.2205
291 sekt.2205
292 sekt.2205
293 sekt.2205
294 sekt.2211
295 sekt.2211
296 sekt.2211
297 sekt.2211
298 sekt.2211
299 sekt.2211
300 sekt.2211
301 sekt.2211
302 sekt.2211
0
PŘIR_Č
100-11 278/03
0
100-11 279/03
0
100-11 280/03
0
100-11 281/03
0
100-11 282/03
0
0-20 283/03
0-20 284/03
20-40 285/03
40-60 286/03
40-60 287/03
60-80 288/03
60-80 289/03
80- 290/03
100
100-12 291/03
0
120-14 292/03
0
0-20 293/03
0-20 294/03
20-40 295/03
40-60 296/03
40-60 297/03
40-60 298/03
60-80 299/03
60-80 300/03
80- 301/03
K_ATY K ZDK_PR K_N K_SU BI
P OB OF AD ΜΑ
2 0
4
12
3
2
84
37
3
97 3
75
79
95
92
49
80
73
1
110 3
45
49
0
73
0
0
48
20
0
0
1
4
4
3
1
2
5
2
2
1
0
1
OOO
0
29 0
základní zpracování
28 0
0
0
1
0
0
21
16
18
12
18
18
11
6
6
9
16
∞ ∞0 ~ 600 N w 55
10
12
0
0
0
0
0
0
0
0
0
0
OOO
0
0
0
0
0
0
1
0
0
0
0
2
4
13
3
2
108
116
94
53
92
131
94
104
99
60
101
57
54
86
1
58
22
37
36
0
9
0
0
0
0
0
0
O O O O O O O
0
0
0
0
0
OOO OO
0
0
0
0
0
0
0
0
0
ŠI mlýn BR
0
0
0
to
0
0
0
0
2
1
0
0
0
0
0
0
0
0
0
0
0
0
0
0
0
0
0
0
0
0
0
0
0
0
0
c
ܘ
ܘ
ܘ
ܘ
ooooo
0
0
0
0
0
0
0
0
0
0
0
0
0
0
0
0
0
0
0
0
0
0
0
0
0
0
0
OOO OO
0
0
0
0
0
0
ΚΑ
S
56
5
0
4
5
4
5
0
1
5
4
Im
3
1
0
0
0
0
2
ΜΑ KO
1
0
0
0
12
25
12
650
40
130
51
0
64
2 95
210
1 146 38 ne
58 58 ano
7 240 200
21
22
50
0
128
7
4
33
38
4
1
7
30
211 12
40
0
94 12
18
16
U
8 ne
47
ne
50 ne
115 24 ne
0
ne
34 ano
8
ne
15
ne
11
ne
ne
ne
ne
ne
ne
ne
ne
ne
ne
ne
ne
ne
ne
KI
0 1
0
0
0
0
0
0
0
0
0
0
0
0
0
0
0
0
0
0
0
0
0
0
Dto bron
0
to
0
0
0
0
0
0
0
0
0
0
0
0
1
0
0
0
0
0
0
OOO
2 N
o
0
0
0
To
0
0
0
OOOO
0
0
0
0
0
0
0
0
0
OOO OO
0
0
0
0
0
0
Fe Str jiné
0
0
0
0
0
0
0
0
0
0
0
0
0
0
0
0
0
0
0
0
0
0
0
0
0
0
0 surovina
0
0
0 přep.hl
0
0
0
0
0
0
0
0
0
0
0
0
1
0
0
0
0
1
DATACE
BR střed./ml.
BR střed./ml.
BR střed./ml.
BR střed./ml.
BR střed./ml.
BR střed./ml.
BR střed./ml.
BR střed./ml.
BR střed./ml.
BR střed./ml.
BR střed./ml.
BR střed./ml.
BR střed./ml.
BR střed./ml.
BR střed./ml.
BR,intruze LAT
BR střed./ml.
BR střed./ml.
BR střed./ml.
BR střed./ml.
BR střed./ml.
BR střed./ml.
BR střed./ml.
BR střed./ml.
přetav.keramika
poznámka
přetav.mazanice
přetav.mazanice
přetav.keramika
Ši?,přetav.ker.
Ši?
přetav.mazanice
kolečko
maz.s otisk.
přetav.ker., kolečko
přetav.keramika"	und	(57, 73)	(1491, 73)	(1491, 1166)	(57, 1166)
image	Čáslav		(57, 73)	(113, 74)	(113, 92)	(57, 91)
image	-		(117, 74)	(128, 74)	(128, 91)	(117, 91)
image	Skála		(134, 74)	(180, 75)	(180, 93)	(134, 92)
image	2003		(185, 75)	(230, 76)	(230, 94)	(185, 93)
image	poč		(61, 178)	(85, 178)	(85, 191)	(61, 191)
image	|		(86, 178)	(92, 178)	(92, 190)	(86, 190)
image	KONTEXT		(98, 178)	(161, 178)	(161, 190)	(98, 190)
image	ČÁST		(182, 175)	(215, 175)	(215, 189)	(182, 189)
image	VRSTV		(233, 177)	(277, 178)	(277, 191)	(233, 190)
image	A		(249, 198)	(260, 198)	(260, 208)	(249, 208)
image	279		(61, 250)	(86, 250)	(86, 261)	(61, 261)
image	sekt.2203		(93, 250)	(157, 250)	(157, 261)	(93, 261)
image	280		(61, 291)	(86, 291)	(86, 302)	(61, 302)
image	sekt.2203		(94, 291)	(157, 291)	(157, 302)	(94, 302)
image	281		(61, 332)	(86, 332)	(86, 343)	(61, 343)
image	sekt.2203		(94, 332)	(158, 332)	(158, 343)	(94, 343)
image	282		(61, 372)	(86, 372)	(86, 383)	(61, 383)
image	sekt.2203		(94, 372)	(157, 372)	(157, 383)	(94, 383)
image	283		(61, 413)	(86, 413)	(86, 424)	(61, 424)
image	sekt.2203		(94, 413)	(158, 413)	(158, 424)	(94, 424)
image	284		(62, 452)	(85, 452)	(85, 465)	(62, 465)
image	sekt.2205		(93, 452)	(157, 451)	(157, 464)	(93, 465)
image	285		(62, 484)	(86, 484)	(86, 495)	(62, 495)
image	sekt.2205		(94, 484)	(158, 484)	(158, 495)	(94, 495)
image	286		(62, 516)	(86, 516)	(86, 527)	(62, 527)
image	sekt.2205		(94, 516)	(158, 516)	(158, 527)	(94, 527)
image	287		(62, 548)	(86, 548)	(86, 559)	(62, 559)
image	sekt.2205		(94, 548)	(158, 548)	(158, 559)	(94, 559)
image	288		(62, 577)	(85, 577)	(85, 590)	(62, 590)
image	sekt.2205		(93, 577)	(157, 577)	(157, 589)	(93, 589)
image	289		(61, 610)	(85, 610)	(85, 622)	(61, 622)
image	sekt.2205		(93, 610)	(156, 610)	(156, 621)	(93, 621)
image	290		(62, 642)	(86, 642)	(86, 653)	(62, 653)
image	sekt.2205		(94, 642)	(158, 642)	(158, 653)	(94, 653)
image	291		(62, 674)	(86, 674)	(86, 686)	(62, 686)
image	sekt.2205		(94, 674)	(158, 674)	(158, 686)	(94, 686)
image	292		(62, 714)	(86, 714)	(86, 725)	(62, 725)
image	sekt.2205		(94, 714)	(158, 714)	(158, 725)	(94, 725)
image	293		(61, 755)	(86, 755)	(86, 767)	(61, 767)
image	sekt.2205		(94, 755)	(158, 755)	(158, 767)	(94, 767)
image	294		(62, 796)	(85, 796)	(85, 808)	(62, 808)
image	sekt.2211		(94, 796)	(158, 796)	(158, 808)	(94, 808)
image	295		(62, 826)	(86, 826)	(86, 838)	(62, 838)
image	sekt.2211		(93, 826)	(157, 826)	(157, 837)	(93, 837)
image	296		(62, 857)	(86, 857)	(86, 869)	(62, 869)
image	sekt.2211		(94, 856)	(157, 857)	(157, 870)	(94, 869)
image	297		(62, 890)	(86, 890)	(86, 901)	(62, 901)
image	sekt.2211		(94, 890)	(157, 890)	(157, 901)	(94, 901)
image	298		(62, 922)	(86, 922)	(86, 933)	(62, 933)
image	sekt.2211		(94, 922)	(157, 922)	(157, 933)	(94, 933)
image	299		(62, 953)	(85, 953)	(85, 964)	(62, 964)
image	sekt.2211		(94, 953)	(157, 953)	(157, 964)	(94, 964)
image	300		(62, 983)	(85, 983)	(85, 995)	(62, 995)
image	sekt.2211		(93, 983)	(156, 982)	(156, 993)	(93, 994)
image	301		(62, 1016)	(87, 1016)	(87, 1027)	(62, 1027)
image	sekt.2211		(94, 1016)	(157, 1016)	(157, 1027)	(94, 1027)
image	302		(62, 1048)	(86, 1048)	(86, 1059)	(62, 1059)
image	sekt.2211		(94, 1048)	(158, 1048)	(158, 1059)	(94, 1059)
image	0		(230, 219)	(239, 219)	(239, 230)	(230, 230)
image	PŘIR_Č		(302, 174)	(350, 175)	(350, 191)	(302, 190)
image	100-11		(231, 251)	(276, 251)	(276, 263)	(231, 263)
image	278/03		(286, 251)	(334, 251)	(334, 263)	(286, 263)
image	0		(231, 270)	(240, 270)	(240, 281)	(231, 281)
image	100-11		(231, 290)	(276, 291)	(276, 303)	(231, 302)
image	279/03		(287, 290)	(334, 291)	(334, 304)	(287, 303)
image	0		(231, 310)	(240, 310)	(240, 321)	(231, 321)
image	100-11		(231, 332)	(276, 332)	(276, 344)	(231, 344)
image	280/03		(287, 332)	(335, 332)	(335, 344)	(287, 344)
image	0		(230, 352)	(239, 352)	(239, 362)	(230, 362)
image	100-11		(231, 371)	(276, 371)	(276, 384)	(231, 384)
image	281/03		(287, 371)	(335, 371)	(335, 384)	(287, 384)
image	0		(231, 393)	(239, 393)	(239, 403)	(231, 403)
image	100-11		(232, 413)	(276, 413)	(276, 425)	(232, 425)
image	282/03		(287, 413)	(335, 413)	(335, 425)	(287, 425)
image	0		(231, 432)	(239, 432)	(239, 442)	(231, 442)
image	0-20		(231, 453)	(267, 453)	(267, 463)	(231, 463)
image	283/03		(287, 453)	(334, 453)	(334, 465)	(287, 465)
image	0-20		(230, 485)	(268, 485)	(268, 495)	(230, 495)
image	284/03		(287, 486)	(334, 486)	(334, 498)	(287, 498)
image	20-40		(231, 515)	(276, 515)	(276, 528)	(231, 528)
image	285/03		(287, 515)	(335, 515)	(335, 528)	(287, 528)
image	40-60		(230, 547)	(276, 547)	(276, 560)	(230, 560)
image	286/03		(287, 547)	(335, 547)	(335, 560)	(287, 560)
image	40-60		(231, 578)	(275, 578)	(275, 590)	(231, 590)
image	287/03		(287, 578)	(335, 578)	(335, 590)	(287, 590)
image	60-80		(231, 611)	(275, 611)	(275, 623)	(231, 623)
image	288/03		(286, 611)	(335, 611)	(335, 623)	(286, 623)
image	60-80		(231, 642)	(276, 642)	(276, 654)	(231, 654)
image	289/03		(287, 642)	(335, 642)	(335, 654)	(287, 654)
image	80-		(231, 675)	(252, 675)	(252, 685)	(231, 685)
image	290/03		(287, 673)	(334, 674)	(334, 687)	(287, 686)
image	100		(231, 693)	(256, 693)	(256, 703)	(231, 703)
image	100-12		(231, 714)	(275, 714)	(275, 726)	(231, 726)
image	291/03		(286, 714)	(334, 714)	(334, 726)	(286, 726)
image	0		(230, 734)	(239, 734)	(239, 745)	(230, 745)
image	120-14		(232, 755)	(276, 755)	(276, 768)	(232, 768)
image	292/03		(286, 755)	(335, 755)	(335, 768)	(286, 768)
image	0		(231, 775)	(239, 775)	(239, 786)	(231, 786)
image	0-20		(230, 796)	(268, 796)	(268, 806)	(230, 806)
image	293/03		(287, 796)	(335, 796)	(335, 808)	(287, 808)
image	0-20		(231, 828)	(267, 828)	(267, 838)	(231, 838)
image	294/03		(287, 825)	(335, 827)	(334, 841)	(286, 839)
image	20-40		(231, 855)	(276, 856)	(276, 870)	(231, 869)
image	295/03		(287, 856)	(335, 857)	(335, 871)	(287, 870)
image	40-60		(231, 889)	(276, 889)	(276, 902)	(231, 902)
image	296/03		(287, 889)	(335, 890)	(335, 903)	(287, 902)
image	40-60		(230, 919)	(276, 920)	(276, 934)	(230, 933)
image	297/03		(287, 920)	(335, 921)	(335, 935)	(287, 934)
image	40-60		(231, 950)	(276, 951)	(276, 965)	(231, 964)
image	298/03		(287, 951)	(335, 952)	(335, 966)	(287, 965)
image	60-80		(231, 984)	(275, 984)	(275, 996)	(231, 996)
image	299/03		(286, 984)	(334, 984)	(334, 996)	(286, 996)
image	60-80		(231, 1016)	(276, 1016)	(276, 1028)	(231, 1028)
image	300/03		(287, 1016)	(335, 1016)	(335, 1028)	(287, 1028)
image	80-		(231, 1048)	(257, 1048)	(257, 1058)	(231, 1058)
image	301/03		(287, 1047)	(334, 1047)	(334, 1060)	(287, 1060)
image	K_ATY		(376, 178)	(419, 178)	(419, 191)	(376, 191)
image	K		(429, 178)	(439, 178)	(439, 191)	(429, 191)
image	ZDK_PR		(445, 178)	(506, 178)	(506, 191)	(445, 191)
image	K_N		(518, 178)	(545, 178)	(545, 191)	(518, 191)
image	K_SU		(563, 178)	(598, 178)	(598, 191)	(563, 191)
image	BI		(624, 178)	(638, 178)	(638, 190)	(624, 190)
image	P		(392, 199)	(402, 199)	(402, 210)	(392, 210)
image	OB		(436, 198)	(456, 198)	(456, 209)	(436, 209)
image	OF		(479, 199)	(498, 199)	(498, 210)	(479, 210)
image	AD		(521, 198)	(542, 198)	(542, 209)	(521, 209)
image	ΜΑ		(570, 199)	(593, 199)	(593, 209)	(570, 209)
image	2		(412, 250)	(423, 250)	(423, 261)	(412, 261)
image	0		(455, 250)	(464, 250)	(464, 261)	(455, 261)
image	4		(412, 291)	(421, 291)	(421, 302)	(412, 302)
image	12		(405, 333)	(420, 333)	(420, 343)	(405, 343)
image	3		(412, 372)	(422, 372)	(422, 382)	(412, 382)
image	2		(412, 413)	(422, 413)	(422, 423)	(412, 423)
image	84		(405, 453)	(421, 453)	(421, 463)	(405, 463)
image	37		(405, 549)	(421, 549)	(421, 559)	(405, 559)
image	3		(455, 453)	(465, 453)	(465, 464)	(455, 464)
image	97		(405, 486)	(421, 486)	(421, 496)	(405, 496)
image	3		(455, 485)	(464, 485)	(464, 496)	(455, 496)
image	75		(405, 516)	(421, 516)	(421, 527)	(405, 527)
image	79		(405, 643)	(420, 643)	(420, 653)	(405, 653)
image	95		(405, 675)	(420, 675)	(420, 685)	(405, 685)
image	92		(405, 715)	(420, 715)	(420, 725)	(405, 725)
image	49		(405, 756)	(420, 756)	(420, 766)	(405, 766)
image	80		(405, 797)	(421, 797)	(421, 807)	(405, 807)
image	73		(405, 580)	(420, 580)	(420, 591)	(405, 591)
image	1		(456, 579)	(464, 579)	(464, 590)	(456, 590)
image	110		(397, 611)	(421, 611)	(421, 622)	(397, 622)
image	3		(455, 611)	(465, 611)	(465, 622)	(455, 622)
image	45		(405, 828)	(420, 828)	(420, 838)	(405, 838)
image	49		(405, 859)	(420, 859)	(420, 869)	(405, 869)
image	0		(455, 291)	(464, 291)	(464, 302)	(455, 302)
image	73		(405, 891)	(420, 891)	(420, 902)	(405, 902)
image	0		(455, 333)	(463, 333)	(463, 344)	(455, 344)
image	0		(412, 922)	(422, 922)	(422, 933)	(412, 933)
image	48		(405, 953)	(422, 953)	(422, 964)	(405, 964)
image	20		(405, 984)	(422, 984)	(422, 994)	(405, 994)
image	0		(455, 373)	(464, 373)	(464, 383)	(455, 383)
image	0		(455, 413)	(464, 413)	(464, 424)	(455, 424)
image	1		(456, 516)	(464, 516)	(464, 526)	(456, 526)
image	4		(456, 549)	(463, 549)	(463, 559)	(456, 559)
image	4		(455, 643)	(463, 643)	(463, 653)	(455, 653)
image	3		(455, 674)	(464, 674)	(464, 685)	(455, 685)
image	1		(456, 714)	(464, 714)	(464, 724)	(456, 724)
image	2		(455, 756)	(465, 756)	(465, 767)	(455, 767)
image	5		(455, 797)	(464, 797)	(464, 807)	(455, 807)
image	2		(455, 828)	(464, 828)	(464, 839)	(455, 839)
image	2		(455, 859)	(464, 859)	(464, 870)	(455, 870)
image	1		(455, 890)	(464, 890)	(464, 901)	(455, 901)
image	0		(455, 922)	(464, 922)	(464, 933)	(455, 933)
image	1		(456, 953)	(464, 953)	(464, 964)	(456, 964)
image	OOO		(454, 983)	(462, 983)	(464, 1057)	(456, 1057)
image	0		(455, 984)	(464, 984)	(464, 995)	(455, 995)
image	29		(405, 1016)	(422, 1016)	(422, 1026)	(405, 1026)
image	0		(455, 1016)	(464, 1016)	(464, 1027)	(455, 1027)
image	základní		(470, 74)	(545, 75)	(545, 94)	(470, 93)
image	zpracování		(548, 75)	(646, 76)	(646, 95)	(548, 94)
image	28		(404, 1048)	(421, 1048)	(421, 1059)	(404, 1059)
image	0		(455, 1048)	(464, 1048)	(464, 1059)	(455, 1059)
image	0		(497, 250)	(506, 250)	(506, 262)	(497, 262)
image	0		(497, 291)	(507, 291)	(507, 301)	(497, 301)
image	1		(498, 333)	(506, 333)	(506, 343)	(498, 343)
image	0		(498, 372)	(507, 372)	(507, 382)	(498, 382)
image	0		(498, 414)	(506, 414)	(506, 424)	(498, 424)
image	21		(490, 454)	(505, 454)	(505, 464)	(490, 464)
image	16		(490, 485)	(505, 485)	(505, 496)	(490, 496)
image	18		(490, 517)	(506, 517)	(506, 527)	(490, 527)
image	12		(490, 549)	(505, 549)	(505, 559)	(490, 559)
image	18		(490, 579)	(506, 579)	(506, 590)	(490, 590)
image	18		(490, 611)	(506, 611)	(506, 622)	(490, 622)
image	11		(490, 643)	(505, 643)	(505, 653)	(490, 653)
image	6		(498, 675)	(506, 675)	(506, 685)	(498, 685)
image	6		(498, 714)	(506, 714)	(506, 724)	(498, 724)
image	9		(498, 756)	(507, 756)	(507, 767)	(498, 767)
image	16		(490, 796)	(505, 796)	(505, 807)	(490, 807)
image	∞		(495, 1059)	(495, 1050)	(509, 1050)	(509, 1059)
image	∞0		(494, 1029)	(494, 1015)	(508, 1015)	(508, 1029)
image	~		(494, 998)	(494, 984)	(508, 984)	(508, 998)
image	600		(493, 966)	(492, 922)	(506, 922)	(507, 966)
image	N		(492, 903)	(492, 892)	(506, 892)	(506, 903)
image	w		(491, 871)	(491, 860)	(505, 860)	(505, 871)
image	55		(491, 840)	(490, 796)	(504, 796)	(505, 840)
image	10		(490, 827)	(506, 827)	(506, 838)	(490, 838)
image	12		(490, 890)	(505, 890)	(505, 900)	(490, 900)
image	0		(540, 250)	(549, 250)	(549, 261)	(540, 261)
image	0		(540, 291)	(549, 291)	(549, 302)	(540, 302)
image	0		(540, 332)	(549, 332)	(549, 343)	(540, 343)
image	0		(540, 372)	(550, 372)	(550, 383)	(540, 383)
image	0		(540, 413)	(549, 413)	(549, 423)	(540, 423)
image	0		(541, 454)	(549, 454)	(549, 464)	(541, 464)
image	0		(540, 486)	(548, 486)	(548, 497)	(540, 497)
image	0		(540, 517)	(549, 517)	(549, 527)	(540, 527)
image	0		(540, 549)	(549, 549)	(549, 559)	(540, 559)
image	0		(540, 580)	(549, 580)	(549, 590)	(540, 590)
image	OOO		(547, 611)	(547, 683)	(540, 683)	(540, 611)
image	0		(540, 714)	(550, 714)	(550, 724)	(540, 724)
image	0		(540, 756)	(548, 756)	(548, 767)	(540, 767)
image	0		(540, 797)	(548, 797)	(548, 807)	(540, 807)
image	0		(540, 828)	(548, 828)	(548, 838)	(540, 838)
image	0		(540, 859)	(549, 859)	(549, 869)	(540, 869)
image	0		(540, 890)	(549, 890)	(549, 901)	(540, 901)
image	1		(540, 922)	(548, 922)	(548, 933)	(540, 933)
image	0		(540, 954)	(548, 954)	(548, 964)	(540, 964)
image	0		(540, 985)	(549, 985)	(549, 995)	(540, 995)
image	0		(540, 1017)	(548, 1017)	(548, 1028)	(540, 1028)
image	0		(540, 1048)	(549, 1048)	(549, 1059)	(540, 1059)
image	2		(597, 250)	(607, 250)	(607, 260)	(597, 260)
image	4		(597, 292)	(605, 292)	(605, 302)	(597, 302)
image	13		(589, 332)	(605, 332)	(605, 343)	(589, 343)
image	3		(597, 372)	(606, 372)	(606, 383)	(597, 383)
image	2		(596, 414)	(605, 414)	(605, 424)	(596, 424)
image	108		(582, 453)	(607, 453)	(607, 464)	(582, 464)
image	116		(581, 485)	(606, 485)	(606, 497)	(581, 497)
image	94		(589, 516)	(606, 516)	(606, 527)	(589, 527)
image	53		(589, 548)	(606, 548)	(606, 559)	(589, 559)
image	92		(589, 579)	(605, 579)	(605, 589)	(589, 589)
image	131		(581, 611)	(607, 611)	(607, 622)	(581, 622)
image	94		(589, 643)	(605, 643)	(605, 654)	(589, 654)
image	104		(582, 674)	(606, 674)	(606, 685)	(582, 685)
image	99		(589, 714)	(604, 714)	(604, 725)	(589, 725)
image	60		(589, 755)	(604, 755)	(604, 765)	(589, 765)
image	101		(581, 795)	(606, 795)	(606, 807)	(581, 807)
image	57		(588, 827)	(606, 827)	(606, 839)	(588, 839)
image	54		(589, 859)	(606, 859)	(606, 869)	(589, 869)
image	86		(589, 890)	(606, 890)	(606, 901)	(589, 901)
image	1		(597, 923)	(606, 923)	(606, 934)	(597, 934)
image	58		(589, 953)	(606, 953)	(606, 964)	(589, 964)
image	22		(588, 984)	(605, 984)	(605, 995)	(588, 995)
image	37		(589, 1016)	(606, 1016)	(606, 1028)	(589, 1028)
image	36		(589, 1047)	(605, 1047)	(605, 1059)	(589, 1059)
image	0		(639, 250)	(648, 250)	(648, 260)	(639, 260)
image	9		(643, 263)	(643, 250)	(651, 250)	(651, 263)
image	0		(639, 291)	(648, 291)	(648, 302)	(639, 302)
image	0		(640, 332)	(649, 332)	(649, 342)	(640, 342)
image	0		(640, 372)	(649, 372)	(649, 382)	(640, 382)
image	0		(640, 413)	(649, 413)	(649, 423)	(640, 423)
image	0		(640, 453)	(649, 453)	(649, 464)	(640, 464)
image	0		(639, 485)	(648, 485)	(648, 495)	(639, 495)
image	O		(640, 686)	(640, 674)	(647, 674)	(647, 686)
image	O		(640, 654)	(640, 642)	(647, 642)	(647, 654)
image	O		(640, 623)	(640, 611)	(647, 611)	(647, 623)
image	O		(640, 592)	(640, 580)	(647, 580)	(647, 592)
image	O		(640, 561)	(640, 549)	(647, 549)	(647, 561)
image	O		(640, 528)	(640, 515)	(647, 515)	(647, 528)
image	O		(640, 498)	(640, 485)	(647, 485)	(647, 498)
image	0		(639, 611)	(648, 611)	(648, 621)	(639, 621)
image	0		(639, 642)	(649, 642)	(649, 653)	(639, 653)
image	0		(639, 674)	(649, 674)	(649, 685)	(639, 685)
image	0		(639, 714)	(648, 714)	(648, 724)	(639, 724)
image	0		(640, 755)	(649, 755)	(649, 766)	(640, 766)
image	OOO		(638, 795)	(646, 795)	(646, 870)	(638, 870)
image	OO		(638, 889)	(646, 889)	(646, 933)	(638, 933)
image	0		(639, 797)	(648, 797)	(648, 807)	(639, 807)
image	0		(640, 827)	(649, 827)	(649, 837)	(640, 837)
image	0		(640, 859)	(649, 859)	(649, 869)	(640, 869)
image	0		(640, 890)	(649, 890)	(649, 901)	(640, 901)
image	0		(639, 923)	(648, 923)	(648, 933)	(639, 933)
image	0		(640, 953)	(649, 953)	(649, 963)	(640, 963)
image	0		(639, 984)	(649, 984)	(649, 995)	(639, 995)
image	0		(639, 1016)	(648, 1016)	(648, 1027)	(639, 1027)
image	0		(639, 1048)	(648, 1048)	(648, 1059)	(639, 1059)
image	ŠI		(666, 176)	(679, 176)	(679, 190)	(666, 190)
image	mlýn		(700, 177)	(732, 177)	(732, 191)	(700, 191)
image	BR		(749, 177)	(767, 177)	(767, 190)	(749, 190)
image	0		(682, 250)	(691, 250)	(691, 261)	(682, 261)
image	0		(682, 291)	(691, 291)	(691, 302)	(682, 302)
image	0		(682, 333)	(691, 333)	(691, 343)	(682, 343)
image	to		(684, 366)	(694, 366)	(694, 380)	(684, 380)
image	0		(682, 372)	(691, 372)	(691, 383)	(682, 383)
image	0		(682, 414)	(691, 414)	(691, 424)	(682, 424)
image	0		(682, 453)	(690, 453)	(690, 464)	(682, 464)
image	0		(682, 485)	(691, 485)	(691, 495)	(682, 495)
image	2		(682, 516)	(692, 516)	(692, 527)	(682, 527)
image	1		(682, 548)	(690, 548)	(690, 558)	(682, 558)
image	0		(682, 579)	(691, 579)	(691, 590)	(682, 590)
image	0		(682, 611)	(691, 611)	(691, 622)	(682, 622)
image	0		(682, 643)	(691, 643)	(691, 653)	(682, 653)
image	0		(682, 674)	(691, 674)	(691, 685)	(682, 685)
image	0		(682, 715)	(691, 715)	(691, 725)	(682, 725)
image	0		(682, 756)	(690, 756)	(690, 767)	(682, 767)
image	0		(682, 797)	(691, 797)	(691, 807)	(682, 807)
image	0		(682, 890)	(691, 890)	(691, 902)	(682, 902)
image	0		(682, 922)	(691, 922)	(691, 934)	(682, 934)
image	0		(682, 954)	(690, 954)	(690, 965)	(682, 965)
image	0		(682, 984)	(691, 984)	(691, 995)	(682, 995)
image	0		(682, 1016)	(691, 1016)	(691, 1027)	(682, 1027)
image	0		(724, 250)	(733, 250)	(733, 261)	(724, 261)
image	0		(682, 1049)	(691, 1049)	(691, 1059)	(682, 1059)
image	0		(725, 291)	(734, 291)	(734, 301)	(725, 301)
image	0		(725, 333)	(734, 333)	(734, 343)	(725, 343)
image	0		(725, 373)	(734, 373)	(734, 383)	(725, 383)
image	0		(725, 414)	(734, 414)	(734, 424)	(725, 424)
image	0		(725, 454)	(734, 454)	(734, 464)	(725, 464)
image	0		(725, 486)	(733, 486)	(733, 496)	(725, 496)
image	0		(725, 517)	(733, 517)	(733, 528)	(725, 528)
image	0		(724, 549)	(733, 549)	(733, 559)	(724, 559)
image	0		(724, 580)	(733, 580)	(733, 590)	(724, 590)
image	0		(724, 612)	(733, 612)	(733, 622)	(724, 622)
image	0		(724, 643)	(733, 643)	(733, 653)	(724, 653)
image	c		(678, 928)	(696, 928)	(696, 933)	(678, 933)
image	ܘ		(678, 894)	(696, 894)	(696, 899)	(678, 899)
image	ܘ		(678, 862)	(696, 862)	(696, 867)	(678, 867)
image	ܘ		(678, 830)	(696, 830)	(696, 835)	(678, 835)
image	ܘ		(678, 800)	(696, 800)	(696, 805)	(678, 805)
image	ooooo		(723, 794)	(732, 794)	(731, 932)	(722, 932)
image	0		(725, 674)	(733, 674)	(733, 684)	(725, 684)
image	0		(725, 715)	(733, 715)	(733, 725)	(725, 725)
image	0		(725, 756)	(734, 756)	(734, 766)	(725, 766)
image	0		(725, 797)	(733, 797)	(733, 807)	(725, 807)
image	0		(725, 828)	(733, 828)	(733, 838)	(725, 838)
image	0		(725, 859)	(733, 859)	(733, 869)	(725, 869)
image	0		(724, 890)	(733, 890)	(733, 901)	(724, 901)
image	0		(724, 922)	(733, 922)	(733, 933)	(724, 933)
image	0		(725, 953)	(734, 953)	(734, 963)	(725, 963)
image	0		(725, 985)	(734, 985)	(734, 995)	(725, 995)
image	0		(724, 1016)	(733, 1016)	(733, 1027)	(724, 1027)
image	0		(724, 1048)	(733, 1048)	(733, 1058)	(724, 1058)
image	0		(767, 251)	(775, 251)	(775, 262)	(767, 262)
image	0		(767, 291)	(776, 291)	(776, 302)	(767, 302)
image	0		(767, 333)	(775, 333)	(775, 343)	(767, 343)
image	0		(767, 373)	(775, 373)	(775, 383)	(767, 383)
image	0		(767, 413)	(776, 413)	(776, 424)	(767, 424)
image	0		(767, 453)	(776, 453)	(776, 463)	(767, 463)
image	0		(767, 485)	(776, 485)	(776, 495)	(767, 495)
image	0		(767, 516)	(776, 516)	(776, 526)	(767, 526)
image	0		(767, 548)	(775, 548)	(775, 558)	(767, 558)
image	0		(767, 579)	(775, 579)	(775, 589)	(767, 589)
image	0		(767, 611)	(775, 611)	(775, 621)	(767, 621)
image	0		(767, 642)	(776, 642)	(776, 652)	(767, 652)
image	0		(767, 674)	(776, 674)	(776, 684)	(767, 684)
image	0		(767, 714)	(775, 714)	(775, 724)	(767, 724)
image	0		(767, 756)	(775, 756)	(775, 767)	(767, 767)
image	OOO		(774, 795)	(774, 868)	(767, 868)	(767, 795)
image	OO		(774, 888)	(774, 932)	(767, 932)	(767, 888)
image	0		(767, 890)	(776, 890)	(776, 901)	(767, 901)
image	0		(767, 922)	(776, 922)	(776, 933)	(767, 933)
image	0		(767, 954)	(776, 954)	(776, 964)	(767, 964)
image	0		(767, 985)	(776, 985)	(776, 995)	(767, 995)
image	0		(767, 1016)	(775, 1016)	(775, 1026)	(767, 1026)
image	0		(767, 1049)	(776, 1049)	(776, 1059)	(767, 1059)
image	ΚΑ		(790, 177)	(805, 177)	(805, 192)	(790, 192)
image	S		(810, 177)	(810, 190)	(796, 190)	(796, 177)
image	56		(782, 1154)	(800, 1154)	(800, 1166)	(782, 1166)
image	5		(809, 250)	(818, 250)	(818, 261)	(809, 261)
image	0		(809, 291)	(818, 291)	(818, 302)	(809, 302)
image	4		(809, 332)	(817, 332)	(817, 343)	(809, 343)
image	5		(809, 373)	(818, 373)	(818, 384)	(809, 384)
image	4		(809, 413)	(817, 413)	(817, 423)	(809, 423)
image	5		(809, 453)	(818, 453)	(818, 464)	(809, 464)
image	0		(809, 486)	(817, 486)	(817, 496)	(809, 496)
image	1		(810, 516)	(817, 516)	(817, 526)	(810, 526)
image	5		(809, 612)	(818, 612)	(818, 622)	(809, 622)
image	4		(809, 675)	(817, 675)	(817, 685)	(809, 685)
image	Im		(821, 748)	(821, 763)	(812, 763)	(812, 748)
image	3		(809, 756)	(817, 756)	(817, 766)	(809, 766)
image	1		(810, 797)	(818, 797)	(818, 807)	(810, 807)
image	0		(810, 827)	(818, 827)	(818, 837)	(810, 837)
image	0		(809, 859)	(818, 859)	(818, 869)	(809, 869)
image	0		(810, 891)	(819, 891)	(819, 902)	(810, 902)
image	0		(809, 922)	(818, 922)	(818, 933)	(809, 933)
image	2		(810, 954)	(818, 954)	(818, 964)	(810, 964)
image	ΜΑ		(830, 176)	(852, 176)	(852, 192)	(830, 192)
image	KO		(877, 178)	(894, 178)	(894, 189)	(877, 189)
image	1		(810, 985)	(818, 985)	(818, 996)	(810, 996)
image	0		(810, 1016)	(818, 1016)	(818, 1026)	(810, 1026)
image	0		(852, 250)	(861, 250)	(861, 261)	(852, 261)
image	0		(810, 1049)	(818, 1049)	(818, 1059)	(810, 1059)
image	12		(845, 291)	(860, 291)	(860, 302)	(845, 302)
image	25		(844, 332)	(861, 332)	(861, 343)	(844, 343)
image	12		(845, 372)	(860, 372)	(860, 382)	(845, 382)
image	650		(841, 426)	(841, 400)	(857, 400)	(857, 426)
image	40		(844, 453)	(860, 453)	(860, 463)	(844, 463)
image	130		(836, 485)	(862, 485)	(862, 497)	(836, 497)
image	51		(844, 516)	(861, 516)	(861, 527)	(844, 527)
image	0		(809, 549)	(818, 549)	(818, 560)	(809, 560)
image	64		(844, 548)	(861, 548)	(861, 560)	(844, 560)
image	2		(809, 580)	(818, 580)	(818, 591)	(809, 591)
image	95		(844, 579)	(861, 579)	(861, 590)	(844, 590)
image	210		(836, 611)	(862, 611)	(862, 622)	(836, 622)
image	1		(810, 643)	(818, 643)	(818, 653)	(810, 653)
image	146		(837, 642)	(861, 642)	(861, 653)	(837, 653)
image	38		(887, 642)	(903, 642)	(903, 653)	(887, 653)
image	ne		(930, 645)	(945, 645)	(945, 653)	(930, 653)
image	58		(844, 674)	(861, 674)	(861, 685)	(844, 685)
image	58		(887, 674)	(903, 674)	(903, 685)	(887, 685)
image	ano		(921, 677)	(945, 677)	(945, 685)	(921, 685)
image	7		(809, 714)	(820, 714)	(820, 725)	(809, 725)
image	240		(837, 714)	(862, 714)	(862, 725)	(837, 725)
image	200		(879, 714)	(903, 714)	(903, 725)	(879, 725)
image	21		(887, 251)	(902, 251)	(902, 261)	(887, 261)
image	22		(844, 828)	(860, 828)	(860, 838)	(844, 838)
image	50		(844, 858)	(860, 858)	(860, 868)	(844, 868)
image	0		(894, 291)	(904, 291)	(904, 302)	(894, 302)
image	128		(879, 333)	(905, 333)	(905, 344)	(879, 344)
image	7		(852, 984)	(861, 984)	(861, 994)	(852, 994)
image	4		(895, 373)	(903, 373)	(903, 383)	(895, 383)
image	33		(844, 1016)	(861, 1016)	(861, 1027)	(844, 1027)
image	38		(887, 413)	(903, 413)	(903, 424)	(887, 424)
image	4		(853, 1049)	(861, 1049)	(861, 1059)	(853, 1059)
image	1		(895, 454)	(903, 454)	(903, 464)	(895, 464)
image	7		(895, 485)	(904, 485)	(904, 495)	(895, 495)
image	30		(887, 517)	(903, 517)	(903, 527)	(887, 527)
image	211		(836, 796)	(860, 796)	(860, 807)	(836, 807)
image	12		(887, 796)	(902, 796)	(902, 807)	(887, 807)
image	40		(844, 890)	(861, 890)	(861, 901)	(844, 901)
image	0		(852, 922)	(861, 922)	(861, 933)	(852, 933)
image	94		(844, 953)	(862, 953)	(862, 964)	(844, 964)
image	12		(887, 954)	(904, 954)	(904, 964)	(887, 964)
image	18		(887, 828)	(903, 828)	(903, 838)	(887, 838)
image	16		(887, 858)	(903, 858)	(903, 869)	(887, 869)
image	U		(923, 178)	(935, 178)	(935, 189)	(923, 189)
image	8		(894, 549)	(904, 549)	(904, 559)	(894, 559)
image	ne		(930, 551)	(946, 551)	(946, 558)	(930, 558)
image	47		(886, 891)	(903, 891)	(903, 901)	(886, 901)
image	ne		(930, 253)	(946, 253)	(946, 262)	(930, 262)
image	50		(887, 580)	(903, 580)	(903, 590)	(887, 590)
image	ne		(930, 582)	(945, 582)	(945, 590)	(930, 590)
image	115		(836, 754)	(863, 754)	(863, 766)	(836, 766)
image	24		(887, 755)	(903, 755)	(903, 766)	(887, 766)
image	ne		(930, 758)	(945, 758)	(945, 766)	(930, 766)
image	0		(895, 922)	(903, 922)	(903, 932)	(895, 932)
image	ne		(930, 294)	(946, 294)	(946, 302)	(930, 302)
image	34		(887, 612)	(902, 612)	(902, 622)	(887, 622)
image	ano		(921, 614)	(945, 614)	(945, 622)	(921, 622)
image	8		(895, 985)	(905, 985)	(905, 995)	(895, 995)
image	ne		(930, 336)	(946, 336)	(946, 343)	(930, 343)
image	15		(887, 1017)	(903, 1017)	(903, 1028)	(887, 1028)
image	ne		(930, 375)	(945, 375)	(945, 383)	(930, 383)
image	11		(887, 1049)	(903, 1049)	(903, 1059)	(887, 1059)
image	ne		(930, 416)	(945, 416)	(945, 424)	(930, 424)
image	ne		(930, 456)	(945, 456)	(945, 464)	(930, 464)
image	ne		(930, 488)	(946, 488)	(946, 496)	(930, 496)
image	ne		(930, 519)	(945, 519)	(945, 526)	(930, 526)
image	ne		(930, 717)	(946, 717)	(946, 724)	(930, 724)
image	ne		(930, 798)	(945, 798)	(945, 806)	(930, 806)
image	ne		(930, 829)	(945, 829)	(945, 837)	(930, 837)
image	ne		(930, 860)	(945, 860)	(945, 869)	(930, 869)
image	ne		(930, 893)	(946, 893)	(946, 901)	(930, 901)
image	ne		(930, 925)	(946, 925)	(946, 933)	(930, 933)
image	ne		(930, 955)	(945, 955)	(945, 964)	(930, 964)
image	ne		(930, 986)	(945, 986)	(945, 994)	(930, 994)
image	ne		(930, 1018)	(945, 1018)	(945, 1026)	(930, 1026)
image	ne		(930, 1050)	(945, 1050)	(945, 1058)	(930, 1058)
image	KI		(965, 177)	(977, 177)	(977, 189)	(965, 189)
image	0		(979, 250)	(989, 250)	(989, 261)	(979, 261)
image	1		(1022, 250)	(1032, 250)	(1032, 262)	(1022, 262)
image	0		(980, 292)	(989, 292)	(989, 303)	(980, 303)
image	0		(979, 333)	(988, 333)	(988, 343)	(979, 343)
image	0		(979, 372)	(988, 372)	(988, 382)	(979, 382)
image	0		(980, 413)	(989, 413)	(989, 423)	(980, 423)
image	0		(979, 453)	(988, 453)	(988, 464)	(979, 464)
image	0		(979, 485)	(988, 485)	(988, 495)	(979, 495)
image	0		(979, 516)	(988, 516)	(988, 526)	(979, 526)
image	0		(979, 548)	(988, 548)	(988, 558)	(979, 558)
image	0		(979, 579)	(988, 579)	(988, 589)	(979, 589)
image	0		(979, 611)	(988, 611)	(988, 621)	(979, 621)
image	0		(979, 642)	(988, 642)	(988, 652)	(979, 652)
image	0		(979, 674)	(988, 674)	(988, 684)	(979, 684)
image	0		(980, 714)	(989, 714)	(989, 724)	(980, 724)
image	0		(980, 755)	(989, 755)	(989, 766)	(980, 766)
image	0		(980, 796)	(989, 796)	(989, 806)	(980, 806)
image	0		(979, 827)	(988, 827)	(988, 837)	(979, 837)
image	0		(979, 859)	(988, 859)	(988, 869)	(979, 869)
image	0		(980, 890)	(989, 890)	(989, 901)	(980, 901)
image	0		(979, 922)	(988, 922)	(988, 933)	(979, 933)
image	0		(980, 953)	(989, 953)	(989, 963)	(980, 963)
image	0		(980, 984)	(989, 984)	(989, 994)	(980, 994)
image	0		(980, 1016)	(988, 1016)	(988, 1026)	(980, 1026)
image	Dto		(1001, 178)	(1026, 178)	(1026, 189)	(1001, 189)
image	bron		(1039, 178)	(1071, 178)	(1071, 189)	(1039, 189)
image	0		(980, 1048)	(989, 1048)	(989, 1058)	(980, 1058)
image	to		(1037, 283)	(1037, 302)	(1023, 302)	(1023, 283)
image	0		(1022, 333)	(1031, 333)	(1031, 343)	(1022, 343)
image	0		(1022, 372)	(1031, 372)	(1031, 382)	(1022, 382)
image	0		(1022, 414)	(1031, 414)	(1031, 424)	(1022, 424)
image	0		(1022, 454)	(1031, 454)	(1031, 464)	(1022, 464)
image	0		(1022, 486)	(1031, 486)	(1031, 496)	(1022, 496)
image	0		(1022, 517)	(1031, 517)	(1031, 527)	(1022, 527)
image	0		(1022, 549)	(1031, 549)	(1031, 559)	(1022, 559)
image	0		(1022, 580)	(1031, 580)	(1031, 590)	(1022, 590)
image	0		(1022, 612)	(1031, 612)	(1031, 622)	(1022, 622)
image	0		(1022, 642)	(1031, 642)	(1031, 652)	(1022, 652)
image	0		(1022, 675)	(1031, 675)	(1031, 685)	(1022, 685)
image	0		(1023, 714)	(1031, 714)	(1031, 724)	(1023, 724)
image	1		(1023, 756)	(1030, 756)	(1030, 766)	(1023, 766)
image	0		(1022, 797)	(1031, 797)	(1031, 807)	(1022, 807)
image	0		(1023, 827)	(1031, 827)	(1031, 837)	(1023, 837)
image	0		(1022, 859)	(1030, 859)	(1030, 869)	(1022, 869)
image	0		(1022, 890)	(1031, 890)	(1031, 901)	(1022, 901)
image	0		(1022, 922)	(1031, 922)	(1031, 932)	(1022, 932)
image	0		(1022, 954)	(1031, 954)	(1031, 964)	(1022, 964)
image	OOO		(1022, 1060)	(1019, 984)	(1029, 984)	(1032, 1060)
image	2		(1062, 186)	(1062, 195)	(1050, 195)	(1050, 186)
image	N		(1062, 198)	(1062, 209)	(1050, 209)	(1050, 198)
image	o		(1065, 261)	(1065, 249)	(1074, 249)	(1074, 261)
image	0		(1064, 251)	(1073, 251)	(1073, 262)	(1064, 262)
image	0		(1065, 291)	(1074, 291)	(1074, 301)	(1065, 301)
image	0		(1065, 333)	(1074, 333)	(1074, 343)	(1065, 343)
image	To		(1064, 365)	(1076, 365)	(1076, 382)	(1064, 382)
image	0		(1065, 373)	(1073, 373)	(1073, 383)	(1065, 383)
image	0		(1065, 413)	(1073, 413)	(1073, 423)	(1065, 423)
image	0		(1065, 453)	(1073, 453)	(1073, 463)	(1065, 463)
image	OOOO		(1063, 482)	(1073, 482)	(1072, 590)	(1062, 590)
image	0		(1065, 485)	(1074, 485)	(1074, 496)	(1065, 496)
image	0		(1065, 517)	(1073, 517)	(1073, 528)	(1065, 528)
image	0		(1064, 549)	(1073, 549)	(1073, 559)	(1064, 559)
image	0		(1065, 580)	(1074, 580)	(1074, 590)	(1065, 590)
image	0		(1065, 611)	(1073, 611)	(1073, 621)	(1065, 621)
image	0		(1065, 643)	(1073, 643)	(1073, 653)	(1065, 653)
image	0		(1065, 675)	(1073, 675)	(1073, 685)	(1065, 685)
image	0		(1065, 714)	(1074, 714)	(1074, 724)	(1065, 724)
image	0		(1065, 756)	(1073, 756)	(1073, 766)	(1065, 766)
image	OOO		(1072, 796)	(1073, 868)	(1063, 868)	(1062, 796)
image	OO		(1073, 888)	(1074, 934)	(1065, 934)	(1064, 888)
image	0		(1065, 890)	(1074, 890)	(1074, 901)	(1065, 901)
image	0		(1064, 922)	(1073, 922)	(1073, 933)	(1064, 933)
image	0		(1065, 954)	(1073, 954)	(1073, 964)	(1065, 964)
image	0		(1065, 984)	(1074, 984)	(1074, 994)	(1065, 994)
image	0		(1065, 1016)	(1074, 1016)	(1074, 1026)	(1065, 1026)
image	0		(1065, 1048)	(1074, 1048)	(1074, 1058)	(1065, 1058)
image	Fe		(1090, 177)	(1107, 177)	(1107, 189)	(1090, 189)
image	Str		(1131, 178)	(1151, 178)	(1151, 189)	(1131, 189)
image	jiné		(1184, 177)	(1209, 177)	(1209, 192)	(1184, 192)
image	0		(1108, 250)	(1116, 250)	(1116, 260)	(1108, 260)
image	0		(1107, 291)	(1117, 291)	(1117, 301)	(1107, 301)
image	0		(1107, 333)	(1115, 333)	(1115, 343)	(1107, 343)
image	0		(1107, 372)	(1116, 372)	(1116, 383)	(1107, 383)
image	0		(1107, 414)	(1115, 414)	(1115, 424)	(1107, 424)
image	0		(1107, 453)	(1116, 453)	(1116, 464)	(1107, 464)
image	0		(1107, 486)	(1115, 486)	(1115, 496)	(1107, 496)
image	0		(1108, 517)	(1116, 517)	(1116, 528)	(1108, 528)
image	0		(1107, 549)	(1115, 549)	(1115, 559)	(1107, 559)
image	0		(1108, 580)	(1116, 580)	(1116, 591)	(1108, 591)
image	0		(1107, 612)	(1115, 612)	(1115, 622)	(1107, 622)
image	0		(1107, 643)	(1116, 643)	(1116, 653)	(1107, 653)
image	0		(1107, 675)	(1116, 675)	(1116, 685)	(1107, 685)
image	0		(1108, 715)	(1116, 715)	(1116, 725)	(1108, 725)
image	0		(1107, 756)	(1115, 756)	(1115, 766)	(1107, 766)
image	0		(1107, 797)	(1115, 797)	(1115, 807)	(1107, 807)
image	0		(1107, 828)	(1115, 828)	(1115, 838)	(1107, 838)
image	0		(1107, 859)	(1115, 859)	(1115, 870)	(1107, 870)
image	0		(1107, 890)	(1116, 890)	(1116, 901)	(1107, 901)
image	0		(1107, 923)	(1115, 923)	(1115, 933)	(1107, 933)
image	0		(1107, 954)	(1115, 954)	(1115, 964)	(1107, 964)
image	0		(1107, 984)	(1115, 984)	(1115, 995)	(1107, 995)
image	0		(1107, 1017)	(1116, 1017)	(1116, 1027)	(1107, 1027)
image	0		(1107, 1049)	(1116, 1049)	(1116, 1059)	(1107, 1059)
image	0		(1150, 250)	(1159, 250)	(1159, 261)	(1150, 261)
image	0		(1150, 291)	(1159, 291)	(1159, 302)	(1150, 302)
image	0		(1150, 332)	(1158, 332)	(1158, 344)	(1150, 344)
image	surovina		(1165, 331)	(1219, 330)	(1219, 343)	(1165, 344)
image	0		(1150, 373)	(1158, 373)	(1158, 382)	(1150, 382)
image	0		(1150, 413)	(1158, 413)	(1158, 423)	(1150, 423)
image	0		(1150, 453)	(1159, 453)	(1159, 466)	(1150, 466)
image	přep.hl		(1167, 453)	(1213, 453)	(1213, 466)	(1167, 466)
image	0		(1150, 486)	(1158, 486)	(1158, 496)	(1150, 496)
image	0		(1150, 517)	(1159, 517)	(1159, 526)	(1150, 526)
image	0		(1150, 548)	(1159, 548)	(1159, 558)	(1150, 558)
image	0		(1150, 580)	(1158, 580)	(1158, 590)	(1150, 590)
image	0		(1150, 611)	(1159, 611)	(1159, 620)	(1150, 620)
image	0		(1150, 642)	(1159, 642)	(1159, 653)	(1150, 653)
image	0		(1150, 675)	(1158, 675)	(1158, 685)	(1150, 685)
image	0		(1150, 714)	(1159, 714)	(1159, 725)	(1150, 725)
image	0		(1150, 756)	(1158, 756)	(1158, 766)	(1150, 766)
image	0		(1150, 797)	(1158, 797)	(1158, 807)	(1150, 807)
image	0		(1150, 827)	(1158, 827)	(1158, 837)	(1150, 837)
image	0		(1150, 858)	(1158, 858)	(1158, 868)	(1150, 868)
image	1		(1150, 890)	(1158, 890)	(1158, 901)	(1150, 901)
image	0		(1150, 922)	(1159, 922)	(1159, 933)	(1150, 933)
image	0		(1150, 953)	(1158, 953)	(1158, 963)	(1150, 963)
image	0		(1150, 984)	(1159, 984)	(1159, 995)	(1150, 995)
image	0		(1150, 1016)	(1159, 1016)	(1159, 1027)	(1150, 1027)
image	1		(1151, 1048)	(1159, 1048)	(1159, 1058)	(1151, 1058)
image	DATACE		(1270, 178)	(1322, 178)	(1322, 189)	(1270, 189)
image	BR		(1238, 249)	(1254, 249)	(1254, 262)	(1238, 262)
image	střed		(1258, 249)	(1290, 249)	(1290, 262)	(1258, 262)
image	.		(1293, 249)	(1297, 249)	(1297, 262)	(1293, 262)
image	/		(1295, 249)	(1302, 249)	(1302, 262)	(1295, 262)
image	ml		(1302, 249)	(1318, 249)	(1318, 263)	(1302, 263)
image	.		(1319, 250)	(1322, 250)	(1322, 263)	(1319, 263)
image	BR		(1238, 290)	(1254, 290)	(1254, 303)	(1238, 303)
image	střed		(1258, 290)	(1291, 290)	(1291, 303)	(1258, 303)
image	.		(1292, 290)	(1296, 290)	(1296, 303)	(1292, 303)
image	/		(1295, 290)	(1302, 290)	(1302, 303)	(1295, 303)
image	ml		(1302, 290)	(1319, 290)	(1319, 303)	(1302, 303)
image	.		(1319, 290)	(1323, 290)	(1323, 303)	(1319, 303)
image	BR		(1238, 331)	(1253, 331)	(1253, 345)	(1238, 345)
image	střed		(1257, 331)	(1290, 330)	(1290, 343)	(1257, 344)
image	.		(1291, 331)	(1295, 331)	(1295, 344)	(1291, 344)
image	/		(1294, 330)	(1301, 330)	(1301, 343)	(1294, 343)
image	ml		(1301, 330)	(1318, 330)	(1318, 343)	(1301, 343)
image	.		(1318, 330)	(1322, 330)	(1322, 343)	(1318, 343)
image	BR		(1238, 371)	(1254, 371)	(1254, 384)	(1238, 384)
image	střed		(1258, 371)	(1290, 371)	(1290, 384)	(1258, 384)
image	.		(1292, 371)	(1296, 371)	(1296, 384)	(1292, 384)
image	/		(1294, 371)	(1301, 371)	(1301, 384)	(1294, 384)
image	ml		(1302, 371)	(1318, 371)	(1318, 384)	(1302, 384)
image	.		(1319, 371)	(1323, 371)	(1323, 384)	(1319, 384)
image	BR		(1238, 412)	(1254, 412)	(1254, 425)	(1238, 425)
image	střed		(1258, 412)	(1291, 412)	(1291, 425)	(1258, 425)
image	.		(1292, 412)	(1296, 412)	(1296, 425)	(1292, 425)
image	/		(1295, 412)	(1302, 412)	(1302, 425)	(1295, 425)
image	ml		(1301, 412)	(1319, 412)	(1319, 425)	(1301, 425)
image	.		(1319, 412)	(1323, 412)	(1323, 425)	(1319, 425)
image	BR		(1238, 453)	(1254, 453)	(1254, 465)	(1238, 465)
image	střed		(1258, 453)	(1291, 453)	(1291, 465)	(1258, 465)
image	.		(1292, 453)	(1296, 453)	(1296, 465)	(1292, 465)
image	/		(1295, 453)	(1302, 453)	(1302, 465)	(1295, 465)
image	ml		(1302, 453)	(1319, 453)	(1319, 465)	(1302, 465)
image	.		(1319, 453)	(1323, 453)	(1323, 465)	(1319, 465)
image	BR		(1238, 484)	(1254, 484)	(1254, 496)	(1238, 496)
image	střed		(1258, 484)	(1290, 484)	(1290, 496)	(1258, 496)
image	.		(1292, 484)	(1295, 484)	(1295, 496)	(1292, 496)
image	/		(1296, 484)	(1303, 484)	(1303, 496)	(1296, 496)
image	ml		(1302, 484)	(1318, 484)	(1318, 497)	(1302, 497)
image	.		(1319, 485)	(1322, 485)	(1322, 497)	(1319, 497)
image	BR		(1238, 514)	(1254, 514)	(1254, 527)	(1238, 527)
image	střed		(1258, 513)	(1290, 514)	(1290, 528)	(1258, 527)
image	.		(1292, 515)	(1296, 515)	(1296, 528)	(1292, 528)
image	/		(1295, 515)	(1302, 515)	(1302, 528)	(1295, 528)
image	ml		(1302, 515)	(1319, 515)	(1319, 528)	(1302, 528)
image	.		(1319, 515)	(1322, 515)	(1322, 528)	(1319, 528)
image	BR		(1238, 546)	(1254, 546)	(1254, 559)	(1238, 559)
image	střed		(1258, 545)	(1290, 546)	(1290, 560)	(1258, 559)
image	.		(1292, 547)	(1296, 547)	(1296, 560)	(1292, 560)
image	/		(1295, 547)	(1302, 547)	(1302, 560)	(1295, 560)
image	ml		(1302, 547)	(1319, 547)	(1319, 560)	(1302, 560)
image	.		(1319, 547)	(1322, 547)	(1322, 560)	(1319, 560)
image	BR		(1238, 579)	(1254, 579)	(1254, 591)	(1238, 591)
image	střed		(1258, 579)	(1291, 579)	(1291, 591)	(1258, 591)
image	.		(1292, 579)	(1296, 579)	(1296, 591)	(1292, 591)
image	/		(1295, 579)	(1302, 579)	(1302, 591)	(1295, 591)
image	ml		(1302, 579)	(1319, 579)	(1319, 591)	(1302, 591)
image	.		(1319, 579)	(1322, 579)	(1322, 591)	(1319, 591)
image	BR		(1238, 611)	(1254, 611)	(1254, 623)	(1238, 623)
image	střed		(1258, 611)	(1291, 611)	(1291, 623)	(1258, 623)
image	.		(1292, 611)	(1296, 611)	(1296, 623)	(1292, 623)
image	/		(1295, 611)	(1302, 611)	(1302, 623)	(1295, 623)
image	ml		(1302, 611)	(1319, 611)	(1319, 623)	(1302, 623)
image	.		(1319, 611)	(1322, 611)	(1322, 623)	(1319, 623)
image	BR		(1238, 642)	(1254, 642)	(1254, 654)	(1238, 654)
image	střed		(1258, 642)	(1291, 642)	(1291, 654)	(1258, 654)
image	.		(1292, 642)	(1296, 642)	(1296, 654)	(1292, 654)
image	/		(1295, 642)	(1302, 642)	(1302, 654)	(1295, 654)
image	ml		(1302, 642)	(1319, 642)	(1319, 654)	(1302, 654)
image	.		(1319, 642)	(1322, 642)	(1322, 654)	(1319, 654)
image	BR		(1238, 674)	(1253, 674)	(1253, 686)	(1238, 686)
image	střed		(1258, 674)	(1289, 674)	(1289, 686)	(1258, 686)
image	.		(1292, 674)	(1296, 674)	(1296, 686)	(1292, 686)
image	/		(1294, 674)	(1301, 674)	(1301, 686)	(1294, 686)
image	ml		(1302, 674)	(1318, 674)	(1318, 686)	(1302, 686)
image	.		(1319, 674)	(1322, 674)	(1322, 686)	(1319, 686)
image	BR		(1238, 713)	(1254, 713)	(1254, 727)	(1238, 727)
image	střed		(1258, 713)	(1291, 713)	(1291, 727)	(1258, 727)
image	.		(1293, 713)	(1297, 713)	(1297, 727)	(1293, 727)
image	/		(1295, 713)	(1302, 713)	(1302, 727)	(1295, 727)
image	ml		(1302, 713)	(1319, 713)	(1319, 727)	(1302, 727)
image	.		(1319, 714)	(1323, 714)	(1323, 728)	(1319, 728)
image	BR		(1238, 755)	(1253, 755)	(1253, 767)	(1238, 767)
image	střed		(1258, 755)	(1289, 755)	(1289, 767)	(1258, 767)
image	.		(1293, 755)	(1296, 755)	(1296, 767)	(1293, 767)
image	/		(1295, 755)	(1301, 755)	(1301, 767)	(1295, 767)
image	ml		(1302, 755)	(1319, 755)	(1319, 767)	(1302, 767)
image	.		(1319, 755)	(1322, 755)	(1322, 767)	(1319, 767)
image	BR		(1238, 796)	(1253, 796)	(1253, 808)	(1238, 808)
image	,		(1256, 796)	(1260, 796)	(1260, 807)	(1256, 807)
image	intruze		(1261, 796)	(1306, 796)	(1306, 807)	(1261, 807)
image	LAT		(1311, 796)	(1336, 796)	(1336, 807)	(1311, 807)
image	BR		(1238, 826)	(1254, 826)	(1254, 840)	(1238, 840)
image	střed		(1258, 826)	(1290, 826)	(1290, 840)	(1258, 840)
image	.		(1292, 826)	(1296, 826)	(1296, 840)	(1292, 840)
image	/		(1295, 826)	(1302, 826)	(1302, 840)	(1295, 840)
image	ml		(1302, 826)	(1319, 826)	(1319, 840)	(1302, 840)
image	.		(1319, 826)	(1322, 826)	(1322, 840)	(1319, 840)
image	BR		(1238, 858)	(1253, 858)	(1253, 870)	(1238, 870)
image	střed		(1258, 858)	(1289, 858)	(1289, 870)	(1258, 870)
image	.		(1292, 858)	(1296, 858)	(1296, 870)	(1292, 870)
image	/		(1294, 858)	(1301, 858)	(1301, 870)	(1294, 870)
image	ml		(1302, 858)	(1318, 858)	(1318, 870)	(1302, 870)
image	.		(1319, 858)	(1322, 858)	(1322, 870)	(1319, 870)
image	BR		(1238, 890)	(1254, 890)	(1254, 903)	(1238, 903)
image	střed		(1258, 890)	(1291, 890)	(1291, 903)	(1258, 903)
image	.		(1292, 890)	(1296, 890)	(1296, 903)	(1292, 903)
image	/		(1295, 890)	(1302, 890)	(1302, 903)	(1295, 903)
image	ml		(1302, 890)	(1319, 890)	(1319, 903)	(1302, 903)
image	.		(1319, 890)	(1322, 890)	(1322, 903)	(1319, 903)
image	BR		(1238, 922)	(1254, 922)	(1254, 935)	(1238, 935)
image	střed		(1258, 922)	(1291, 922)	(1291, 935)	(1258, 935)
image	.		(1292, 922)	(1296, 922)	(1296, 935)	(1292, 935)
image	/		(1295, 922)	(1302, 922)	(1302, 935)	(1295, 935)
image	ml		(1302, 922)	(1319, 922)	(1319, 935)	(1302, 935)
image	.		(1319, 922)	(1322, 922)	(1322, 935)	(1319, 935)
image	BR		(1238, 952)	(1254, 952)	(1254, 964)	(1238, 964)
image	střed		(1258, 952)	(1290, 952)	(1290, 964)	(1258, 964)
image	.		(1292, 952)	(1295, 952)	(1295, 964)	(1292, 964)
image	/		(1296, 952)	(1303, 952)	(1303, 964)	(1296, 964)
image	ml		(1302, 952)	(1318, 952)	(1318, 965)	(1302, 965)
image	.		(1319, 953)	(1322, 953)	(1322, 965)	(1319, 965)
image	BR		(1238, 981)	(1254, 981)	(1254, 995)	(1238, 995)
image	střed		(1258, 981)	(1290, 982)	(1290, 997)	(1258, 996)
image	.		(1292, 982)	(1296, 982)	(1296, 996)	(1292, 996)
image	/		(1296, 982)	(1303, 982)	(1303, 996)	(1296, 996)
image	ml		(1302, 982)	(1319, 982)	(1319, 997)	(1302, 997)
image	.		(1319, 983)	(1322, 983)	(1322, 997)	(1319, 997)
image	BR		(1238, 1013)	(1255, 1014)	(1255, 1027)	(1238, 1026)
image	střed		(1258, 1013)	(1291, 1014)	(1291, 1027)	(1258, 1026)
image	.		(1292, 1014)	(1296, 1014)	(1296, 1027)	(1292, 1027)
image	/		(1295, 1014)	(1302, 1014)	(1302, 1027)	(1295, 1027)
image	ml		(1302, 1014)	(1319, 1015)	(1319, 1029)	(1302, 1028)
image	.		(1319, 1015)	(1323, 1015)	(1323, 1028)	(1319, 1028)
image	BR		(1238, 1045)	(1254, 1045)	(1254, 1058)	(1238, 1058)
image	střed		(1258, 1045)	(1291, 1046)	(1291, 1059)	(1258, 1058)
image	.		(1293, 1046)	(1297, 1046)	(1297, 1059)	(1293, 1059)
image	/		(1296, 1046)	(1303, 1046)	(1303, 1059)	(1296, 1059)
image	ml		(1302, 1046)	(1319, 1047)	(1319, 1061)	(1302, 1060)
image	.		(1319, 1047)	(1322, 1047)	(1322, 1060)	(1319, 1060)
image	přetav.keramika		(1365, 291)	(1471, 291)	(1471, 304)	(1365, 304)
image	poznámka		(1424, 177)	(1491, 177)	(1491, 191)	(1424, 191)
image	přetav.mazanice		(1365, 331)	(1472, 330)	(1472, 344)	(1365, 345)
image	přetav.mazanice		(1365, 413)	(1472, 412)	(1472, 426)	(1365, 427)
image	přetav.keramika		(1365, 452)	(1470, 451)	(1470, 465)	(1365, 466)
image	Ši		(1365, 514)	(1376, 514)	(1376, 529)	(1365, 529)
image	?		(1376, 514)	(1383, 514)	(1383, 529)	(1376, 529)
image	,		(1383, 514)	(1387, 514)	(1387, 529)	(1383, 529)
image	přetav.ker		(1388, 513)	(1455, 514)	(1455, 530)	(1388, 529)
image	.		(1454, 515)	(1458, 515)	(1458, 530)	(1454, 530)
image	Ši		(1364, 546)	(1378, 546)	(1378, 559)	(1364, 559)
image	?		(1376, 546)	(1385, 546)	(1385, 559)	(1376, 559)
image	přetav.mazanice		(1365, 611)	(1471, 610)	(1471, 624)	(1365, 625)
image	kolečko		(1365, 641)	(1413, 641)	(1413, 653)	(1365, 653)
image	maz.s		(1365, 675)	(1401, 674)	(1401, 685)	(1365, 686)
image	otisk		(1405, 674)	(1436, 673)	(1436, 684)	(1405, 685)
image	.		(1435, 674)	(1440, 674)	(1440, 684)	(1435, 684)
image	přetav.ker		(1365, 827)	(1433, 827)	(1433, 840)	(1365, 840)
image	.		(1432, 827)	(1435, 827)	(1435, 840)	(1432, 840)
image	,		(1436, 827)	(1440, 827)	(1440, 840)	(1436, 840)
image	kolečko		(1440, 827)	(1490, 827)	(1490, 840)	(1440, 840)
image	přetav.keramika		(1365, 889)	(1470, 887)	(1470, 901)	(1365, 903)
