IMAGE_NAME	DESCRIPTION	LANGUAGE	BBOX_1	BBOX_2	BBOX_3	BBOX_4
image	"200,00
199,00
198,00
197,00
196,00
$
0
1
beton
op:
S04-04
ma.
2
beton
S04-01
S04-08
S04-02
ma.
S04-09
S04-10
S04-11
S04-05
$04-06
3
S04-07
ma.
op.
D
4
£
4,6 m
2015/21
Sonda
Měřil, kreslil:
Digitalizoval:
Vedoucí výzkumu:
obrazová příloha č. 17
E. Ditmar, J Švach
E. Ditmar
PhDr. J. Podliska, Ph.D.
200,00
199,00
198,00
197,00
196,00
Národní památkový ústav - územní odborné pracoviště v hl. m. Praze
PRAHA 2 - NOVÉ MĚSTO
Albertov
ppč. 1556, 1557
S04 Řez:
Měřítko:
Datum:
Výškový systém:
S04-RJ
1:20
24.8.2015
ČSJNS/Bpv"	cs	(112, 37)	(2344, 37)	(2344, 1623)	(112, 1623)
image	200,00		(112, 206)	(161, 206)	(161, 219)	(112, 219)
image	199,00		(114, 489)	(161, 487)	(161, 501)	(115, 503)
image	198,00		(114, 773)	(162, 772)	(162, 784)	(114, 785)
image	197,00		(115, 1056)	(161, 1055)	(161, 1069)	(115, 1070)
image	196,00		(115, 1339)	(162, 1340)	(162, 1353)	(115, 1352)
image	$		(513, 51)	(526, 51)	(527, 92)	(514, 92)
image	0		(514, 1378)	(523, 1378)	(523, 1390)	(514, 1390)
image	1		(797, 1378)	(804, 1378)	(804, 1390)	(797, 1390)
image	beton		(893, 832)	(923, 832)	(923, 841)	(893, 841)
image	op		(934, 693)	(945, 697)	(943, 705)	(931, 701)
image	:		(947, 697)	(950, 698)	(947, 706)	(944, 705)
image	S04-04		(973, 722)	(1011, 722)	(1011, 731)	(973, 731)
image	ma		(1047, 454)	(1063, 454)	(1063, 461)	(1047, 461)
image	.		(1063, 454)	(1066, 454)	(1066, 461)	(1063, 461)
image	2		(1079, 1379)	(1090, 1379)	(1090, 1390)	(1079, 1390)
image	beton		(1159, 765)	(1186, 765)	(1186, 775)	(1159, 775)
image	S04-01		(1191, 394)	(1229, 394)	(1229, 403)	(1191, 403)
image	S04-08		(1171, 1033)	(1209, 1033)	(1209, 1042)	(1171, 1042)
image	S04-02		(1215, 491)	(1253, 491)	(1253, 500)	(1215, 500)
image	ma		(1234, 813)	(1249, 813)	(1249, 819)	(1234, 819)
image	.		(1251, 813)	(1254, 813)	(1254, 819)	(1251, 819)
image	S04-09		(1202, 1198)	(1241, 1198)	(1241, 1207)	(1202, 1207)
image	S04-10		(1255, 1281)	(1294, 1282)	(1294, 1293)	(1255, 1292)
image	S04-11		(1258, 1308)	(1295, 1309)	(1295, 1319)	(1258, 1318)
image	S04-05		(1348, 783)	(1386, 783)	(1386, 792)	(1348, 792)
image	$		(1344, 884)	(1351, 885)	(1350, 894)	(1343, 893)
image	04-06		(1352, 884)	(1382, 886)	(1381, 896)	(1351, 894)
image	3		(1363, 1379)	(1373, 1379)	(1373, 1390)	(1363, 1390)
image	S04-07		(1379, 930)	(1417, 933)	(1416, 944)	(1378, 941)
image	ma		(1466, 580)	(1483, 582)	(1482, 590)	(1465, 588)
image	.		(1483, 582)	(1486, 582)	(1485, 589)	(1482, 589)
image	op		(1458, 844)	(1471, 846)	(1469, 855)	(1457, 853)
image	.		(1471, 847)	(1475, 848)	(1474, 856)	(1470, 855)
image	D		(1643, 553)	(1643, 575)	(1621, 575)	(1621, 553)
image	4		(1645, 1379)	(1654, 1379)	(1654, 1390)	(1645, 1390)
image	£		(1813, 51)	(1828, 51)	(1828, 90)	(1813, 90)
image	4,6		(1810, 1379)	(1832, 1379)	(1832, 1390)	(1810, 1390)
image	m		(1837, 1379)	(1851, 1379)	(1851, 1390)	(1837, 1390)
image	2015/21		(1843, 1497)	(1928, 1497)	(1928, 1514)	(1843, 1514)
image	Sonda		(1843, 1538)	(1905, 1539)	(1905, 1555)	(1843, 1554)
image	Měřil		(1840, 1565)	(1865, 1565)	(1865, 1575)	(1840, 1575)
image	,		(1865, 1565)	(1868, 1565)	(1868, 1574)	(1865, 1574)
image	kreslil		(1872, 1564)	(1903, 1563)	(1903, 1573)	(1872, 1574)
image	:		(1902, 1564)	(1906, 1564)	(1906, 1573)	(1902, 1573)
image	Digitalizoval		(1840, 1587)	(1904, 1587)	(1904, 1599)	(1840, 1599)
image	:		(1904, 1587)	(1908, 1587)	(1908, 1599)	(1904, 1599)
image	Vedoucí		(1840, 1609)	(1885, 1610)	(1885, 1620)	(1840, 1619)
image	výzkumu		(1887, 1609)	(1934, 1610)	(1934, 1621)	(1887, 1620)
image	:		(1935, 1610)	(1939, 1610)	(1939, 1620)	(1935, 1620)
image	obrazová		(2222, 39)	(2271, 38)	(2271, 50)	(2222, 51)
image	příloha		(2273, 38)	(2311, 38)	(2311, 50)	(2273, 50)
image	č		(2314, 38)	(2320, 38)	(2320, 49)	(2314, 49)
image	.		(2319, 38)	(2322, 38)	(2322, 49)	(2319, 49)
image	17		(2327, 38)	(2344, 38)	(2344, 49)	(2327, 49)
image	E.		(2033, 1564)	(2046, 1564)	(2046, 1576)	(2033, 1576)
image	Ditmar		(2048, 1564)	(2084, 1564)	(2084, 1576)	(2048, 1576)
image	,		(2083, 1564)	(2086, 1564)	(2086, 1576)	(2083, 1576)
image	J		(2089, 1564)	(2095, 1564)	(2095, 1576)	(2089, 1576)
image	Švach		(2099, 1564)	(2133, 1564)	(2133, 1576)	(2099, 1576)
image	E.		(2084, 1588)	(2096, 1588)	(2096, 1597)	(2084, 1597)
image	Ditmar		(2098, 1588)	(2135, 1589)	(2135, 1598)	(2098, 1597)
image	PhDr		(2008, 1610)	(2036, 1610)	(2036, 1620)	(2008, 1620)
image	.		(2035, 1610)	(2038, 1610)	(2038, 1620)	(2035, 1620)
image	J.		(2041, 1610)	(2051, 1610)	(2051, 1620)	(2041, 1620)
image	Podliska		(2054, 1610)	(2099, 1610)	(2099, 1620)	(2054, 1620)
image	,		(2099, 1610)	(2102, 1610)	(2102, 1620)	(2099, 1620)
image	Ph.D.		(2106, 1610)	(2137, 1610)	(2137, 1620)	(2106, 1620)
image	200,00		(2247, 206)	(2296, 206)	(2296, 217)	(2247, 217)
image	199,00		(2250, 488)	(2297, 489)	(2297, 503)	(2250, 502)
image	198,00		(2250, 771)	(2298, 773)	(2297, 787)	(2249, 785)
image	197,00		(2249, 1057)	(2297, 1057)	(2297, 1070)	(2249, 1070)
image	196,00		(2250, 1338)	(2296, 1339)	(2296, 1353)	(2250, 1352)
image	Národní		(1951, 1484)	(1995, 1484)	(1995, 1495)	(1951, 1495)
image	památkový		(1998, 1484)	(2056, 1484)	(2056, 1495)	(1998, 1495)
image	ústav		(2059, 1484)	(2088, 1484)	(2088, 1495)	(2059, 1495)
image	-		(2091, 1484)	(2095, 1484)	(2095, 1495)	(2091, 1495)
image	územní		(2099, 1484)	(2138, 1484)	(2138, 1495)	(2099, 1495)
image	odborné		(2141, 1484)	(2185, 1484)	(2185, 1495)	(2141, 1495)
image	pracoviště		(2189, 1484)	(2242, 1484)	(2242, 1495)	(2189, 1495)
image	v		(2247, 1484)	(2253, 1484)	(2253, 1495)	(2247, 1495)
image	hl		(2256, 1484)	(2265, 1484)	(2265, 1495)	(2256, 1495)
image	.		(2266, 1484)	(2269, 1484)	(2269, 1495)	(2266, 1495)
image	m		(2272, 1484)	(2281, 1484)	(2281, 1495)	(2272, 1495)
image	.		(2282, 1484)	(2285, 1484)	(2285, 1495)	(2282, 1495)
image	Praze		(2289, 1484)	(2320, 1484)	(2320, 1495)	(2289, 1495)
image	PRAHA		(2053, 1499)	(2101, 1499)	(2101, 1512)	(2053, 1512)
image	2		(2103, 1499)	(2111, 1499)	(2111, 1511)	(2103, 1511)
image	-		(2114, 1499)	(2120, 1499)	(2120, 1511)	(2114, 1511)
image	NOVÉ		(2124, 1499)	(2162, 1499)	(2162, 1511)	(2124, 1511)
image	MĚSTO		(2167, 1499)	(2216, 1499)	(2216, 1511)	(2167, 1511)
image	Albertov		(2046, 1516)	(2097, 1516)	(2097, 1527)	(2046, 1527)
image	ppč		(2124, 1516)	(2146, 1516)	(2146, 1529)	(2124, 1529)
image	.		(2146, 1516)	(2150, 1516)	(2150, 1528)	(2146, 1528)
image	1556		(2155, 1516)	(2184, 1516)	(2184, 1528)	(2155, 1528)
image	,		(2185, 1516)	(2188, 1516)	(2188, 1528)	(2185, 1528)
image	1557		(2195, 1516)	(2225, 1516)	(2225, 1528)	(2195, 1528)
image	S04		(2100, 1537)	(2135, 1536)	(2136, 1554)	(2101, 1555)
image	Řez		(2151, 1535)	(2185, 1534)	(2186, 1552)	(2152, 1553)
image	:		(2185, 1534)	(2191, 1534)	(2192, 1551)	(2186, 1551)
image	Měřítko		(2150, 1566)	(2191, 1566)	(2191, 1575)	(2150, 1575)
image	:		(2190, 1566)	(2194, 1566)	(2194, 1575)	(2190, 1575)
image	Datum		(2150, 1589)	(2185, 1589)	(2185, 1598)	(2150, 1598)
image	:		(2185, 1589)	(2190, 1589)	(2190, 1598)	(2185, 1598)
image	Výškový		(2151, 1610)	(2197, 1611)	(2197, 1622)	(2151, 1621)
image	systém		(2199, 1611)	(2237, 1612)	(2237, 1623)	(2199, 1622)
image	:		(2237, 1612)	(2241, 1612)	(2241, 1622)	(2237, 1622)
image	S04		(2254, 1539)	(2289, 1539)	(2289, 1554)	(2254, 1554)
image	-		(2290, 1539)	(2296, 1539)	(2296, 1554)	(2290, 1554)
image	RJ		(2296, 1539)	(2320, 1539)	(2320, 1554)	(2296, 1554)
image	1:20		(2300, 1566)	(2323, 1566)	(2323, 1575)	(2300, 1575)
image	24.8.2015		(2272, 1589)	(2325, 1589)	(2325, 1599)	(2272, 1599)
image	ČSJNS		(2260, 1609)	(2299, 1609)	(2299, 1622)	(2260, 1622)
image	/		(2297, 1609)	(2302, 1609)	(2302, 1621)	(2297, 1621)
image	Bpv		(2302, 1609)	(2323, 1609)	(2323, 1621)	(2302, 1621)
