IMAGE_NAME	DESCRIPTION	LANGUAGE	BBOX_1	BBOX_2	BBOX_3	BBOX_4
image	"Čáslav - Skála 2003
poč| KONTEXT ČÁST VRSTV
A
303 sekt.2211
304 sekt.2211
305 sekt.2211
100
316 sekt.2300
317 sekt.2300 sběr
318 sekt.2303
319 sekt.2303
320 sekt.2303
321 s.2303-05
322 sekt.2305
323 sekt.2305
324 sekt.2305
325 sekt.2305
326 sekt.2321
327 sekt.2321
PŘIR_Č K_ATY K ZDK_PR K_N K_SU BI
OF AD ΜΑ
P
OB
302/03
80-
100
100-11 303/03
0
100-12 304/03
0
306 sekt.2221
307 sekt.2221
308 sekt.2221
309 sekt.2221
310 sekt.2221
311 sekt.2221
312 sekt.2221
313 sekt.2221
314 sekt.2221
305/03
0-10 306/03
10-20 307/03
20-30 308/03
30-40 309/03
40-50 310/03
50-60 311/03
60-70 312/03
80-90 313/03
315 sekt.2300 skrývka začišťo 314/03
vání
315/03
povrch 316/03
0-5 317/03
0-20 318/03
20-40 319/03
povrch 320/03
0-20 321/03
20-60 322/03
60-80 323/03
80-100 324/03
325/03
0-15 326/03
55
35
45
1
124
0
5
48 2
46
26
19
9
26
32
67
58
19
9
86
42
0
20
24
1
63
15
28
27
1
2
2
OOO
0
0
0
1
0
1
2
2
0
4
7
0
1
základní zpracování
2
1
0
4
0
12
2
8
0
13
8
4
4
1
1
3
6
8
6
1
0
18
6
0
6
5
6
2
5
2
0
0
0
0
0
0
0
0
6
0
0
0
0
0
0
0
0
0
0
0
0
0
0
0
0
68
38
55
1
142
58
52
30
26
10
30
38
76
66
22
9
108
55
0
27
31
70
17
37
29
0
0
0
0
Ooooo
0
0
0
0
0
0
0
0
0
0
0
0
0
OOO OO
1
0
0
POO
0
ŠI
0
0
0
0
0
0
0
0
1
0
0
0
0 0
0
0
0
0
0
0
0
0
0
0
0
0
0
0
mlýn BR
0
0
0
0
0
0
0
0
0
0
0
0
0
0
0
0
0
0
0
0
0
0
0
0
0
0
0
0
0
OOO O
0
0
0
0
0
0
0
0
0
0
0
KA
0
1
57
0
3
0
4
0
2
0
0
0
0 0
0
0
0
0
0
2
2
1
152
11
0 22 12
2 183
25
22
2
3
0
OOOO
ΜΑ
0
16
0
30
8 5
0
24
4
119
5 103
0
8
0
30
30
13
22
0
58
0
35
12
KO
0
30
8
10
0
26
2
0
JE
4
0
12
22
92
0
20
2
40
U
1 ne
0
ne
2
.
0 ne
4
ne
ne
74 ne
ne
ne
ne
ne
ne
ne
ne
.
ne
ne
ne
ne
ne
ne
ne
ne
ano
ano
ne
ne
KI
0
0
0
0
0
0
OOO O
0
0
0
0
0
0
C
0
0
0
OOO O
0
0
0
0
0
0
0
0
0
Dto bron
0
0
0
0
0
0
0
0
0
0
0
0
0
0
0
0
0
0
0
0
0
0
0
c
0
PI
2 N
0
0
0
0
0
0
0
0
0
0
0 0
0
0
0
0
0
0
0
0
0
0
1
0
0
Fe Str
0 0
0
0
0
0
OOO OOO OO
0
0
0
0
0
0
ooooooo
0
0
0
0
0
0
0
0
0
0
0
0
0
0
0
0
0
0
0
BR střed./ml.
BR střed./ml.
BR střed./ml.
BR střed./ml.
BR střed./ml.
BR střed./ml.
BR střed./ml.
0
BR střed./ml.
BR střed./ml.
O rudnina?
O rudnina? BR střed./ml.
0
0
0
0
0
0
0 surovina
0
0
0
0
jiné
0
0
0
DATACE
BR střed./ml.
BR střed./ml.
BR střed./ml.
BR střed./ml.
BR střed./ml.
BR střed./ml.
BR střed./ml.
BR střed./ml.
Neolit, eneolit
BR střed./ml.
BR střed./ml.
BR střed./ml.
BR střed./ml.
BR,intruze VS
BR střed./ml.
poznámka
přetav.keramika
kulička
Ši?
část nádoby
přetav.maz.
přetav.keramika
část lžičky
přetav.keramika
ker.s bronzem
přetav.keramika"	und	(57, 73)	(1491, 73)	(1491, 1166)	(57, 1166)
image	Čáslav		(57, 73)	(113, 74)	(113, 92)	(57, 91)
image	-		(117, 74)	(128, 74)	(128, 91)	(117, 91)
image	Skála		(134, 74)	(180, 75)	(180, 93)	(134, 92)
image	2003		(185, 75)	(230, 76)	(230, 94)	(185, 93)
image	poč		(61, 178)	(87, 178)	(87, 191)	(61, 191)
image	|		(86, 178)	(94, 178)	(94, 191)	(86, 191)
image	KONTEXT		(99, 178)	(163, 178)	(163, 191)	(99, 191)
image	ČÁST		(182, 175)	(215, 175)	(215, 189)	(182, 189)
image	VRSTV		(233, 177)	(277, 178)	(277, 191)	(233, 190)
image	A		(249, 199)	(261, 199)	(261, 209)	(249, 209)
image	303		(62, 250)	(86, 250)	(86, 261)	(62, 261)
image	sekt.2211		(94, 250)	(158, 250)	(158, 261)	(94, 261)
image	304		(62, 291)	(86, 291)	(86, 302)	(62, 302)
image	sekt.2211		(94, 291)	(158, 291)	(158, 302)	(94, 302)
image	305		(62, 332)	(86, 332)	(86, 344)	(62, 344)
image	sekt.2211		(94, 332)	(158, 332)	(158, 344)	(94, 344)
image	100		(231, 219)	(255, 219)	(255, 230)	(231, 230)
image	316		(62, 696)	(85, 696)	(85, 708)	(62, 708)
image	sekt.2300		(94, 696)	(157, 697)	(157, 709)	(94, 708)
image	317		(62, 728)	(86, 728)	(86, 739)	(62, 739)
image	sekt.2300		(94, 728)	(157, 728)	(157, 739)	(94, 739)
image	sběr		(173, 728)	(203, 728)	(203, 739)	(173, 739)
image	318		(62, 759)	(86, 759)	(86, 771)	(62, 771)
image	sekt.2303		(94, 759)	(158, 760)	(158, 772)	(94, 771)
image	319		(62, 791)	(86, 791)	(86, 802)	(62, 802)
image	sekt.2303		(94, 791)	(158, 791)	(158, 802)	(94, 802)
image	320		(62, 821)	(85, 821)	(85, 834)	(62, 834)
image	sekt.2303		(93, 821)	(156, 820)	(156, 833)	(93, 834)
image	321		(62, 853)	(85, 853)	(85, 866)	(62, 866)
image	s.2303-05		(93, 853)	(158, 853)	(158, 865)	(93, 865)
image	322		(62, 884)	(85, 884)	(85, 896)	(62, 896)
image	sekt.2305		(93, 884)	(157, 884)	(157, 895)	(93, 895)
image	323		(62, 916)	(85, 916)	(85, 928)	(62, 928)
image	sekt.2305		(93, 916)	(157, 916)	(157, 927)	(93, 927)
image	324		(62, 946)	(85, 946)	(85, 959)	(62, 959)
image	sekt.2305		(93, 946)	(156, 946)	(156, 958)	(93, 958)
image	325		(62, 980)	(86, 980)	(86, 991)	(62, 991)
image	sekt.2305		(94, 980)	(156, 980)	(156, 991)	(94, 991)
image	326		(62, 1011)	(85, 1011)	(85, 1022)	(62, 1022)
image	sekt.2321		(94, 1011)	(156, 1011)	(156, 1022)	(94, 1022)
image	327		(62, 1043)	(86, 1043)	(86, 1054)	(62, 1054)
image	sekt.2321		(94, 1043)	(157, 1043)	(157, 1054)	(94, 1054)
image	PŘIR_Č		(302, 174)	(350, 175)	(350, 191)	(302, 190)
image	K_ATY		(376, 178)	(419, 178)	(419, 191)	(376, 191)
image	K		(429, 178)	(439, 178)	(439, 191)	(429, 191)
image	ZDK_PR		(445, 178)	(506, 178)	(506, 191)	(445, 191)
image	K_N		(518, 178)	(545, 178)	(545, 191)	(518, 191)
image	K_SU		(563, 178)	(598, 178)	(598, 191)	(563, 191)
image	BI		(624, 178)	(638, 178)	(638, 190)	(624, 190)
image	OF		(479, 199)	(498, 199)	(498, 210)	(479, 210)
image	AD		(521, 198)	(542, 198)	(542, 209)	(521, 209)
image	ΜΑ		(568, 196)	(591, 196)	(591, 211)	(568, 211)
image	P		(392, 199)	(402, 199)	(402, 210)	(392, 210)
image	OB		(436, 198)	(456, 198)	(456, 209)	(436, 209)
image	302/03		(287, 250)	(334, 250)	(334, 263)	(287, 263)
image	80		(231, 251)	(247, 251)	(247, 261)	(231, 261)
image	100		(231, 270)	(256, 270)	(256, 280)	(231, 280)
image	100-11		(231, 290)	(276, 290)	(276, 302)	(231, 302)
image	303/03		(288, 290)	(335, 290)	(335, 302)	(288, 302)
image	0		(230, 311)	(239, 311)	(239, 321)	(230, 321)
image	100-12		(232, 331)	(275, 331)	(275, 344)	(232, 344)
image	304/03		(287, 331)	(334, 331)	(334, 343)	(287, 343)
image	0		(230, 352)	(239, 352)	(239, 362)	(230, 362)
image	306		(62, 371)	(85, 371)	(85, 384)	(62, 384)
image	sekt.2221		(93, 371)	(156, 371)	(156, 383)	(93, 383)
image	307		(62, 404)	(87, 404)	(87, 415)	(62, 415)
image	sekt.2221		(94, 404)	(157, 404)	(157, 415)	(94, 415)
image	308		(62, 435)	(86, 435)	(86, 447)	(62, 447)
image	sekt.2221		(93, 435)	(156, 435)	(156, 446)	(93, 446)
image	309		(62, 466)	(85, 466)	(85, 479)	(62, 479)
image	sekt.2221		(93, 466)	(156, 466)	(156, 478)	(93, 478)
image	310		(62, 498)	(85, 498)	(85, 510)	(62, 510)
image	sekt.2221		(94, 498)	(158, 498)	(158, 510)	(94, 510)
image	311		(62, 530)	(85, 530)	(85, 541)	(62, 541)
image	sekt.2221		(94, 530)	(158, 530)	(158, 541)	(94, 541)
image	312		(62, 561)	(85, 561)	(85, 573)	(62, 573)
image	sekt.2221		(94, 561)	(159, 561)	(159, 573)	(94, 573)
image	313		(62, 593)	(85, 593)	(85, 605)	(62, 605)
image	sekt.2221		(94, 593)	(157, 593)	(157, 605)	(94, 605)
image	314		(62, 624)	(86, 624)	(86, 636)	(62, 636)
image	sekt.2221		(94, 624)	(158, 624)	(158, 636)	(94, 636)
image	305/03		(287, 372)	(334, 372)	(334, 385)	(287, 385)
image	0-10		(231, 404)	(267, 404)	(267, 415)	(231, 415)
image	306/03		(288, 402)	(334, 403)	(334, 417)	(288, 416)
image	10-20		(232, 431)	(276, 432)	(276, 447)	(232, 446)
image	307/03		(288, 433)	(335, 434)	(335, 449)	(288, 448)
image	20-30		(231, 466)	(276, 467)	(276, 480)	(231, 479)
image	308/03		(287, 466)	(334, 467)	(334, 481)	(287, 480)
image	30-40		(231, 498)	(275, 498)	(275, 510)	(231, 510)
image	309/03		(287, 498)	(334, 498)	(334, 510)	(287, 510)
image	40-50		(230, 530)	(276, 530)	(276, 542)	(230, 542)
image	310/03		(287, 530)	(335, 530)	(335, 542)	(287, 542)
image	50-60		(231, 561)	(275, 561)	(275, 573)	(231, 573)
image	311/03		(287, 561)	(334, 561)	(334, 573)	(287, 573)
image	60-70		(231, 591)	(275, 591)	(275, 605)	(231, 605)
image	312/03		(286, 591)	(334, 591)	(334, 604)	(286, 604)
image	80-90		(231, 621)	(276, 622)	(276, 637)	(231, 636)
image	313/03		(288, 622)	(335, 623)	(335, 638)	(288, 637)
image	315		(62, 656)	(86, 656)	(86, 669)	(62, 669)
image	sekt.2300		(94, 656)	(157, 656)	(157, 669)	(94, 669)
image	skrývka		(174, 656)	(222, 656)	(222, 669)	(174, 669)
image	začišťo		(231, 656)	(275, 656)	(275, 669)	(231, 669)
image	314/03		(287, 656)	(335, 656)	(335, 669)	(287, 669)
image	vání		(230, 675)	(259, 675)	(259, 686)	(230, 686)
image	315/03		(287, 696)	(335, 696)	(335, 708)	(287, 708)
image	povrch		(231, 727)	(274, 726)	(274, 740)	(231, 741)
image	316/03		(286, 726)	(334, 725)	(334, 739)	(286, 740)
image	0-5		(230, 758)	(259, 758)	(259, 771)	(230, 771)
image	317/03		(287, 757)	(335, 758)	(335, 771)	(287, 770)
image	0-20		(231, 790)	(268, 791)	(268, 803)	(231, 802)
image	318/03		(287, 790)	(335, 790)	(335, 803)	(287, 803)
image	20-40		(231, 821)	(275, 821)	(275, 833)	(231, 833)
image	319/03		(287, 821)	(334, 821)	(334, 833)	(287, 833)
image	povrch		(231, 854)	(276, 854)	(276, 867)	(231, 867)
image	320/03		(287, 854)	(335, 854)	(335, 867)	(287, 867)
image	0-20		(230, 885)	(267, 885)	(267, 895)	(230, 895)
image	321/03		(287, 886)	(334, 886)	(334, 898)	(287, 898)
image	20-60		(231, 917)	(275, 917)	(275, 929)	(231, 929)
image	322/03		(286, 917)	(334, 917)	(334, 929)	(286, 929)
image	60-80		(231, 948)	(276, 948)	(276, 960)	(231, 960)
image	323/03		(287, 948)	(335, 948)	(335, 960)	(287, 960)
image	80-100		(231, 979)	(275, 979)	(275, 992)	(231, 992)
image	324/03		(287, 979)	(333, 979)	(333, 991)	(287, 991)
image	325/03		(287, 1010)	(335, 1011)	(335, 1023)	(287, 1022)
image	0-15		(231, 1043)	(266, 1043)	(266, 1053)	(231, 1053)
image	326/03		(287, 1042)	(334, 1042)	(334, 1055)	(287, 1055)
image	55		(405, 250)	(420, 250)	(420, 261)	(405, 261)
image	35		(405, 291)	(421, 291)	(421, 302)	(405, 302)
image	45		(405, 333)	(420, 333)	(420, 343)	(405, 343)
image	1		(413, 373)	(422, 373)	(422, 384)	(413, 384)
image	124		(397, 404)	(422, 404)	(422, 414)	(397, 414)
image	0		(455, 373)	(463, 373)	(463, 384)	(455, 384)
image	5		(455, 405)	(465, 405)	(465, 416)	(455, 416)
image	48		(404, 435)	(422, 435)	(422, 446)	(404, 446)
image	2		(454, 435)	(464, 435)	(464, 446)	(454, 446)
image	46		(404, 468)	(420, 468)	(420, 478)	(404, 478)
image	26		(405, 499)	(421, 499)	(421, 509)	(405, 509)
image	19		(405, 531)	(420, 531)	(420, 541)	(405, 541)
image	9		(412, 561)	(422, 561)	(422, 572)	(412, 572)
image	26		(405, 594)	(421, 594)	(421, 604)	(405, 604)
image	32		(405, 624)	(421, 624)	(421, 635)	(405, 635)
image	67		(405, 656)	(420, 656)	(420, 667)	(405, 667)
image	58		(405, 697)	(421, 697)	(421, 707)	(405, 707)
image	19		(405, 729)	(420, 729)	(420, 739)	(405, 739)
image	9		(412, 759)	(421, 759)	(421, 770)	(412, 770)
image	86		(405, 791)	(421, 791)	(421, 802)	(405, 802)
image	42		(405, 822)	(420, 822)	(420, 833)	(405, 833)
image	0		(412, 854)	(422, 854)	(422, 865)	(412, 865)
image	20		(405, 886)	(421, 886)	(421, 896)	(405, 896)
image	24		(405, 917)	(420, 917)	(420, 927)	(405, 927)
image	1		(455, 250)	(463, 250)	(463, 261)	(455, 261)
image	63		(405, 948)	(420, 948)	(420, 959)	(405, 959)
image	15		(405, 980)	(421, 980)	(421, 991)	(405, 991)
image	28		(404, 1011)	(421, 1011)	(421, 1022)	(404, 1022)
image	27		(404, 1043)	(420, 1043)	(420, 1054)	(404, 1054)
image	1		(455, 291)	(464, 291)	(464, 302)	(455, 302)
image	2		(454, 333)	(464, 333)	(464, 344)	(454, 344)
image	2		(455, 468)	(464, 468)	(464, 478)	(455, 478)
image	OOO		(463, 497)	(465, 572)	(453, 572)	(451, 497)
image	0		(455, 499)	(464, 499)	(464, 509)	(455, 509)
image	0		(455, 530)	(463, 530)	(463, 540)	(455, 540)
image	0		(455, 562)	(464, 562)	(464, 572)	(455, 572)
image	1		(456, 593)	(464, 593)	(464, 604)	(456, 604)
image	0		(455, 625)	(464, 625)	(464, 636)	(455, 636)
image	1		(456, 657)	(464, 657)	(464, 668)	(456, 668)
image	2		(455, 696)	(465, 696)	(465, 707)	(455, 707)
image	2		(455, 728)	(464, 728)	(464, 739)	(455, 739)
image	0		(455, 759)	(464, 759)	(464, 770)	(455, 770)
image	4		(455, 791)	(464, 791)	(464, 802)	(455, 802)
image	7		(455, 823)	(465, 823)	(465, 835)	(455, 835)
image	0		(455, 854)	(463, 854)	(463, 865)	(455, 865)
image	1		(456, 885)	(465, 885)	(465, 896)	(456, 896)
image	základní		(470, 74)	(545, 75)	(545, 94)	(470, 93)
image	zpracování		(548, 75)	(646, 76)	(646, 95)	(548, 94)
image	2		(455, 917)	(464, 917)	(464, 928)	(455, 928)
image	1		(455, 948)	(464, 948)	(464, 959)	(455, 959)
image	0		(455, 980)	(464, 980)	(464, 991)	(455, 991)
image	4		(455, 1011)	(464, 1011)	(464, 1022)	(455, 1022)
image	0		(455, 1043)	(464, 1043)	(464, 1054)	(455, 1054)
image	12		(490, 251)	(506, 251)	(506, 261)	(490, 261)
image	2		(496, 291)	(507, 291)	(507, 302)	(496, 302)
image	8		(497, 333)	(507, 333)	(507, 344)	(497, 344)
image	0		(498, 372)	(507, 372)	(507, 382)	(498, 382)
image	13		(490, 404)	(505, 404)	(505, 415)	(490, 415)
image	8		(497, 436)	(507, 436)	(507, 446)	(497, 446)
image	4		(497, 468)	(505, 468)	(505, 478)	(497, 478)
image	4		(498, 499)	(506, 499)	(506, 509)	(498, 509)
image	1		(498, 530)	(506, 530)	(506, 540)	(498, 540)
image	1		(498, 561)	(506, 561)	(506, 571)	(498, 571)
image	3		(498, 593)	(507, 593)	(507, 603)	(498, 603)
image	6		(498, 625)	(506, 625)	(506, 635)	(498, 635)
image	8		(498, 657)	(508, 657)	(508, 667)	(498, 667)
image	6		(498, 697)	(506, 697)	(506, 707)	(498, 707)
image	1		(498, 728)	(506, 728)	(506, 739)	(498, 739)
image	0		(498, 759)	(507, 759)	(507, 770)	(498, 770)
image	18		(490, 791)	(506, 791)	(506, 801)	(490, 801)
image	6		(498, 823)	(506, 823)	(506, 833)	(498, 833)
image	0		(498, 855)	(507, 855)	(507, 866)	(498, 866)
image	6		(498, 886)	(506, 886)	(506, 896)	(498, 896)
image	5		(498, 918)	(506, 918)	(506, 929)	(498, 929)
image	6		(498, 948)	(506, 948)	(506, 958)	(498, 958)
image	2		(498, 980)	(507, 980)	(507, 990)	(498, 990)
image	5		(497, 1011)	(507, 1011)	(507, 1022)	(497, 1022)
image	2		(497, 1043)	(507, 1043)	(507, 1053)	(497, 1053)
image	0		(540, 250)	(549, 250)	(549, 261)	(540, 261)
image	0		(540, 291)	(549, 291)	(549, 302)	(540, 302)
image	0		(540, 332)	(549, 332)	(549, 343)	(540, 343)
image	0		(540, 372)	(549, 372)	(549, 383)	(540, 383)
image	0		(540, 404)	(550, 404)	(550, 415)	(540, 415)
image	0		(540, 435)	(549, 435)	(549, 446)	(540, 446)
image	0		(540, 468)	(549, 468)	(549, 478)	(540, 478)
image	0		(540, 499)	(549, 499)	(549, 509)	(540, 509)
image	6		(540, 530)	(548, 530)	(548, 540)	(540, 540)
image	0		(540, 562)	(549, 562)	(549, 572)	(540, 572)
image	0		(540, 593)	(549, 593)	(549, 603)	(540, 603)
image	0		(540, 623)	(550, 623)	(550, 635)	(540, 635)
image	0		(540, 656)	(549, 656)	(549, 667)	(540, 667)
image	0		(540, 696)	(550, 696)	(550, 707)	(540, 707)
image	0		(540, 728)	(549, 728)	(549, 739)	(540, 739)
image	0		(540, 759)	(549, 759)	(549, 770)	(540, 770)
image	0		(540, 791)	(549, 791)	(549, 802)	(540, 802)
image	0		(540, 823)	(549, 823)	(549, 834)	(540, 834)
image	0		(540, 855)	(549, 855)	(549, 866)	(540, 866)
image	0		(540, 886)	(549, 886)	(549, 896)	(540, 896)
image	0		(540, 918)	(548, 918)	(548, 928)	(540, 928)
image	0		(540, 948)	(549, 948)	(549, 959)	(540, 959)
image	0		(540, 980)	(549, 980)	(549, 991)	(540, 991)
image	0		(540, 1011)	(550, 1011)	(550, 1022)	(540, 1022)
image	0		(540, 1043)	(549, 1043)	(549, 1054)	(540, 1054)
image	68		(589, 250)	(605, 250)	(605, 261)	(589, 261)
image	38		(589, 291)	(606, 291)	(606, 302)	(589, 302)
image	55		(589, 332)	(605, 332)	(605, 343)	(589, 343)
image	1		(598, 373)	(605, 373)	(605, 383)	(598, 383)
image	142		(582, 405)	(606, 405)	(606, 415)	(582, 415)
image	58		(589, 435)	(607, 435)	(607, 447)	(589, 447)
image	52		(589, 468)	(605, 468)	(605, 478)	(589, 478)
image	30		(589, 498)	(606, 498)	(606, 509)	(589, 509)
image	26		(588, 530)	(605, 530)	(605, 541)	(588, 541)
image	10		(589, 561)	(605, 561)	(605, 572)	(589, 572)
image	30		(589, 593)	(606, 593)	(606, 604)	(589, 604)
image	38		(589, 624)	(606, 624)	(606, 635)	(589, 635)
image	76		(589, 656)	(604, 656)	(604, 666)	(589, 666)
image	66		(589, 696)	(604, 696)	(604, 706)	(589, 706)
image	22		(588, 728)	(605, 728)	(605, 738)	(588, 738)
image	9		(596, 759)	(606, 759)	(606, 770)	(596, 770)
image	108		(581, 791)	(607, 791)	(607, 803)	(581, 803)
image	55		(589, 823)	(606, 823)	(606, 834)	(589, 834)
image	0		(597, 855)	(605, 855)	(605, 866)	(597, 866)
image	27		(588, 885)	(605, 885)	(605, 896)	(588, 896)
image	31		(589, 916)	(606, 916)	(606, 928)	(589, 928)
image	70		(589, 948)	(605, 948)	(605, 959)	(589, 959)
image	17		(589, 980)	(605, 980)	(605, 990)	(589, 990)
image	37		(589, 1010)	(606, 1010)	(606, 1022)	(589, 1022)
image	29		(589, 1043)	(605, 1043)	(605, 1054)	(589, 1054)
image	0		(640, 250)	(649, 250)	(649, 260)	(640, 260)
image	0		(639, 291)	(648, 291)	(648, 302)	(639, 302)
image	0		(639, 332)	(648, 332)	(648, 342)	(639, 342)
image	0		(639, 373)	(648, 373)	(648, 383)	(639, 383)
image	Ooooo		(647, 404)	(648, 542)	(640, 542)	(639, 404)
image	0		(639, 405)	(648, 405)	(648, 415)	(639, 415)
image	0		(640, 435)	(649, 435)	(649, 445)	(640, 445)
image	0		(639, 467)	(648, 467)	(648, 477)	(639, 477)
image	0		(639, 498)	(648, 498)	(648, 508)	(639, 508)
image	0		(640, 530)	(649, 530)	(649, 540)	(640, 540)
image	0		(640, 561)	(649, 561)	(649, 571)	(640, 571)
image	0		(640, 593)	(649, 593)	(649, 603)	(640, 603)
image	0		(639, 625)	(648, 625)	(648, 635)	(639, 635)
image	0		(639, 657)	(648, 657)	(648, 667)	(639, 667)
image	0		(639, 696)	(648, 696)	(648, 706)	(639, 706)
image	0		(640, 728)	(649, 728)	(649, 738)	(640, 738)
image	0		(639, 759)	(649, 759)	(649, 769)	(639, 769)
image	0		(639, 791)	(648, 791)	(648, 802)	(639, 802)
image	OOO		(639, 953)	(638, 885)	(648, 885)	(649, 953)
image	OO		(638, 834)	(638, 795)	(647, 795)	(647, 834)
image	1		(640, 855)	(648, 855)	(648, 865)	(640, 865)
image	0		(640, 885)	(649, 885)	(649, 895)	(640, 895)
image	0		(639, 917)	(649, 917)	(649, 927)	(639, 927)
image	POO		(639, 1049)	(639, 978)	(649, 978)	(649, 1049)
image	0		(639, 1011)	(649, 1011)	(649, 1021)	(639, 1021)
image	ŠI		(666, 176)	(679, 176)	(679, 190)	(666, 190)
image	0		(640, 1043)	(649, 1043)	(649, 1054)	(640, 1054)
image	0		(682, 250)	(691, 250)	(691, 260)	(682, 260)
image	0		(682, 291)	(691, 291)	(691, 302)	(682, 302)
image	0		(682, 333)	(691, 333)	(691, 343)	(682, 343)
image	0		(682, 373)	(690, 373)	(690, 383)	(682, 383)
image	0		(682, 405)	(691, 405)	(691, 415)	(682, 415)
image	0		(682, 435)	(691, 435)	(691, 446)	(682, 446)
image	0		(682, 468)	(691, 468)	(691, 478)	(682, 478)
image	1		(683, 499)	(691, 499)	(691, 508)	(683, 508)
image	0		(682, 531)	(691, 531)	(691, 541)	(682, 541)
image	0		(682, 561)	(691, 561)	(691, 572)	(682, 572)
image	0		(682, 918)	(691, 918)	(691, 928)	(682, 928)
image	0		(639, 948)	(649, 948)	(649, 959)	(639, 959)
image	0		(682, 947)	(691, 947)	(691, 958)	(682, 958)
image	0		(639, 979)	(649, 979)	(649, 990)	(639, 990)
image	0		(682, 979)	(691, 979)	(691, 991)	(682, 991)
image	0		(682, 1011)	(692, 1011)	(692, 1022)	(682, 1022)
image	0		(682, 1043)	(691, 1043)	(691, 1054)	(682, 1054)
image	0		(682, 594)	(691, 594)	(691, 604)	(682, 604)
image	0		(682, 623)	(692, 623)	(692, 634)	(682, 634)
image	0		(682, 655)	(692, 655)	(692, 666)	(682, 666)
image	0		(682, 697)	(691, 697)	(691, 707)	(682, 707)
image	0		(682, 729)	(691, 729)	(691, 739)	(682, 739)
image	0		(682, 759)	(692, 759)	(692, 770)	(682, 770)
image	0		(682, 791)	(691, 791)	(691, 802)	(682, 802)
image	0		(682, 822)	(691, 822)	(691, 833)	(682, 833)
image	0		(682, 854)	(691, 854)	(691, 865)	(682, 865)
image	0		(682, 886)	(691, 886)	(691, 897)	(682, 897)
image	mlýn		(700, 177)	(732, 177)	(732, 191)	(700, 191)
image	BR		(749, 177)	(767, 177)	(767, 190)	(749, 190)
image	0		(725, 250)	(734, 250)	(734, 260)	(725, 260)
image	0		(725, 291)	(734, 291)	(734, 301)	(725, 301)
image	0		(725, 333)	(733, 333)	(733, 343)	(725, 343)
image	0		(724, 373)	(733, 373)	(733, 383)	(724, 383)
image	0		(725, 405)	(733, 405)	(733, 415)	(725, 415)
image	0		(724, 436)	(733, 436)	(733, 446)	(724, 446)
image	0		(725, 468)	(734, 468)	(734, 478)	(725, 478)
image	0		(725, 498)	(734, 498)	(734, 508)	(725, 508)
image	0		(725, 531)	(734, 531)	(734, 541)	(725, 541)
image	0		(724, 562)	(733, 562)	(733, 572)	(724, 572)
image	0		(725, 594)	(734, 594)	(734, 604)	(725, 604)
image	0		(725, 625)	(734, 625)	(734, 635)	(725, 635)
image	0		(725, 657)	(734, 657)	(734, 667)	(725, 667)
image	0		(725, 696)	(734, 696)	(734, 707)	(725, 707)
image	0		(725, 728)	(734, 728)	(734, 739)	(725, 739)
image	0		(725, 759)	(734, 759)	(734, 770)	(725, 770)
image	0		(725, 791)	(734, 791)	(734, 802)	(725, 802)
image	0		(725, 823)	(734, 823)	(734, 834)	(725, 834)
image	0		(725, 854)	(734, 854)	(734, 864)	(725, 864)
image	0		(725, 885)	(734, 885)	(734, 896)	(725, 896)
image	0		(725, 918)	(733, 918)	(733, 929)	(725, 929)
image	0		(725, 948)	(734, 948)	(734, 959)	(725, 959)
image	0		(725, 980)	(734, 980)	(734, 991)	(725, 991)
image	0		(725, 1011)	(734, 1011)	(734, 1022)	(725, 1022)
image	0		(725, 1043)	(734, 1043)	(734, 1053)	(725, 1053)
image	0		(767, 250)	(776, 250)	(776, 260)	(767, 260)
image	0		(767, 291)	(776, 291)	(776, 302)	(767, 302)
image	0		(767, 333)	(775, 333)	(775, 343)	(767, 343)
image	0		(767, 373)	(775, 373)	(775, 383)	(767, 383)
image	OOO		(774, 404)	(774, 477)	(766, 477)	(766, 404)
image	O		(773, 497)	(773, 509)	(766, 509)	(766, 497)
image	0		(767, 435)	(776, 435)	(776, 446)	(767, 446)
image	0		(767, 531)	(776, 531)	(776, 541)	(767, 541)
image	0		(767, 562)	(776, 562)	(776, 572)	(767, 572)
image	0		(767, 594)	(776, 594)	(776, 604)	(767, 604)
image	0		(767, 625)	(775, 625)	(775, 635)	(767, 635)
image	0		(767, 657)	(775, 657)	(775, 667)	(767, 667)
image	0		(767, 697)	(776, 697)	(776, 707)	(767, 707)
image	0		(767, 917)	(776, 917)	(776, 927)	(767, 927)
image	0		(767, 948)	(777, 948)	(777, 959)	(767, 959)
image	0		(767, 979)	(776, 979)	(776, 990)	(767, 990)
image	0		(767, 1011)	(776, 1011)	(776, 1022)	(767, 1022)
image	KA		(792, 178)	(811, 178)	(811, 189)	(792, 189)
image	0		(767, 1044)	(776, 1044)	(776, 1054)	(767, 1054)
image	1		(810, 250)	(818, 250)	(818, 260)	(810, 260)
image	57		(783, 1154)	(800, 1154)	(800, 1166)	(783, 1166)
image	0		(809, 291)	(818, 291)	(818, 302)	(809, 302)
image	3		(809, 331)	(819, 331)	(819, 342)	(809, 342)
image	0		(809, 373)	(818, 373)	(818, 383)	(809, 383)
image	4		(810, 405)	(818, 405)	(818, 415)	(810, 415)
image	0		(809, 498)	(818, 498)	(818, 508)	(809, 508)
image	2		(809, 530)	(819, 530)	(819, 540)	(809, 540)
image	0		(809, 562)	(818, 562)	(818, 572)	(809, 572)
image	0		(767, 727)	(776, 727)	(776, 738)	(767, 738)
image	0		(809, 729)	(818, 729)	(818, 739)	(809, 739)
image	0		(767, 759)	(776, 759)	(776, 770)	(767, 770)
image	0		(809, 758)	(818, 758)	(818, 769)	(809, 769)
image	0		(767, 791)	(776, 791)	(776, 802)	(767, 802)
image	0		(767, 823)	(776, 823)	(776, 834)	(767, 834)
image	0		(767, 855)	(776, 855)	(776, 866)	(767, 866)
image	0		(767, 885)	(776, 885)	(776, 896)	(767, 896)
image	0		(809, 594)	(818, 594)	(818, 604)	(809, 604)
image	2		(809, 624)	(818, 624)	(818, 634)	(809, 634)
image	2		(809, 657)	(818, 657)	(818, 667)	(809, 667)
image	1		(810, 697)	(818, 697)	(818, 707)	(810, 707)
image	152		(837, 404)	(862, 404)	(862, 415)	(837, 415)
image	11		(888, 405)	(901, 405)	(901, 415)	(888, 415)
image	0		(809, 435)	(818, 435)	(818, 446)	(809, 446)
image	22		(844, 435)	(860, 435)	(860, 445)	(844, 445)
image	12		(887, 435)	(902, 435)	(902, 445)	(887, 445)
image	2		(808, 467)	(818, 467)	(818, 478)	(808, 478)
image	183		(836, 467)	(861, 467)	(861, 479)	(836, 479)
image	25		(887, 467)	(903, 467)	(903, 478)	(887, 478)
image	22		(844, 498)	(860, 498)	(860, 508)	(844, 508)
image	2		(809, 791)	(819, 791)	(819, 801)	(809, 801)
image	3		(810, 885)	(819, 885)	(819, 897)	(810, 897)
image	0		(809, 917)	(818, 917)	(818, 927)	(809, 927)
image	OOOO		(816, 917)	(818, 1020)	(808, 1020)	(806, 917)
image	ΜΑ		(830, 176)	(852, 176)	(852, 192)	(830, 192)
image	0		(809, 1011)	(818, 1011)	(818, 1022)	(809, 1022)
image	16		(845, 249)	(860, 249)	(860, 261)	(845, 261)
image	0		(809, 1043)	(818, 1043)	(818, 1053)	(809, 1053)
image	30		(845, 332)	(861, 332)	(861, 343)	(845, 343)
image	8		(851, 291)	(862, 291)	(862, 302)	(851, 302)
image	5		(894, 290)	(905, 290)	(905, 301)	(894, 301)
image	0		(852, 373)	(861, 373)	(861, 383)	(852, 383)
image	24		(845, 728)	(861, 728)	(861, 739)	(845, 739)
image	4		(852, 759)	(860, 759)	(860, 770)	(852, 770)
image	119		(836, 791)	(863, 791)	(863, 803)	(836, 803)
image	5		(809, 823)	(818, 823)	(818, 833)	(809, 833)
image	103		(836, 822)	(862, 822)	(862, 833)	(836, 833)
image	0		(809, 854)	(818, 854)	(818, 865)	(809, 865)
image	8		(852, 531)	(862, 531)	(862, 541)	(852, 541)
image	0		(852, 562)	(861, 562)	(861, 572)	(852, 572)
image	30		(845, 593)	(860, 593)	(860, 604)	(845, 604)
image	30		(845, 624)	(860, 624)	(860, 635)	(845, 635)
image	13		(845, 656)	(860, 656)	(860, 667)	(845, 667)
image	22		(844, 696)	(860, 696)	(860, 706)	(844, 706)
image	0		(852, 855)	(861, 855)	(861, 866)	(852, 866)
image	58		(844, 885)	(861, 885)	(861, 896)	(844, 896)
image	0		(852, 917)	(861, 917)	(861, 928)	(852, 928)
image	35		(845, 947)	(861, 947)	(861, 959)	(845, 959)
image	12		(845, 980)	(860, 980)	(860, 990)	(845, 990)
image	KO		(877, 178)	(894, 178)	(894, 189)	(877, 189)
image	0		(852, 1011)	(861, 1011)	(861, 1022)	(852, 1022)
image	30		(887, 251)	(903, 251)	(903, 261)	(887, 261)
image	8		(852, 1043)	(863, 1043)	(863, 1053)	(852, 1053)
image	10		(887, 333)	(903, 333)	(903, 343)	(887, 343)
image	0		(894, 373)	(903, 373)	(903, 383)	(894, 383)
image	26		(887, 499)	(903, 499)	(903, 509)	(887, 509)
image	2		(894, 531)	(903, 531)	(903, 541)	(894, 541)
image	0		(894, 562)	(903, 562)	(903, 572)	(894, 572)
image	JE		(894, 625)	(894, 610)	(902, 610)	(902, 625)
image	4		(895, 697)	(903, 697)	(903, 708)	(895, 708)
image	0		(895, 729)	(904, 729)	(904, 739)	(895, 739)
image	12		(887, 760)	(903, 760)	(903, 770)	(887, 770)
image	22		(886, 791)	(903, 791)	(903, 801)	(886, 801)
image	92		(887, 823)	(903, 823)	(903, 834)	(887, 834)
image	0		(895, 855)	(903, 855)	(903, 866)	(895, 866)
image	20		(887, 886)	(903, 886)	(903, 896)	(887, 896)
image	2		(895, 917)	(904, 917)	(904, 927)	(895, 927)
image	40		(886, 949)	(902, 949)	(902, 959)	(886, 959)
image	U		(923, 178)	(935, 178)	(935, 189)	(923, 189)
image	1		(895, 593)	(903, 593)	(903, 603)	(895, 603)
image	ne		(930, 596)	(945, 596)	(945, 604)	(930, 604)
image	0		(895, 980)	(904, 980)	(904, 990)	(895, 990)
image	ne		(930, 253)	(946, 253)	(946, 261)	(930, 261)
image	2		(894, 1011)	(904, 1011)	(904, 1021)	(894, 1021)
image	.		(929, 289)	(929, 285)	(944, 285)	(944, 289)
image	0		(895, 625)	(904, 625)	(904, 635)	(895, 635)
image	ne		(930, 627)	(946, 627)	(946, 635)	(930, 635)
image	4		(894, 1043)	(903, 1043)	(903, 1054)	(894, 1054)
image	ne		(930, 294)	(946, 294)	(946, 302)	(930, 302)
image	ne		(930, 335)	(945, 335)	(945, 343)	(930, 343)
image	74		(887, 656)	(903, 656)	(903, 667)	(887, 667)
image	ne		(930, 659)	(945, 659)	(945, 666)	(930, 666)
image	ne		(930, 375)	(945, 375)	(945, 383)	(930, 383)
image	ne		(930, 407)	(945, 407)	(945, 415)	(930, 415)
image	ne		(930, 438)	(945, 438)	(945, 446)	(930, 446)
image	ne		(930, 470)	(946, 470)	(946, 478)	(930, 478)
image	ne		(930, 501)	(945, 501)	(945, 509)	(930, 509)
image	ne		(930, 533)	(946, 533)	(946, 541)	(930, 541)
image	ne		(930, 564)	(945, 564)	(945, 571)	(930, 571)
image	.		(927, 655)	(927, 650)	(944, 650)	(944, 655)
image	ne		(930, 699)	(947, 699)	(947, 707)	(930, 707)
image	ne		(930, 731)	(947, 731)	(947, 739)	(930, 739)
image	ne		(930, 761)	(945, 761)	(945, 769)	(930, 769)
image	ne		(930, 794)	(947, 794)	(947, 802)	(930, 802)
image	ne		(930, 825)	(946, 825)	(946, 833)	(930, 833)
image	ne		(930, 856)	(945, 856)	(945, 865)	(930, 865)
image	ne		(930, 888)	(947, 888)	(947, 896)	(930, 896)
image	ne		(930, 919)	(946, 919)	(946, 928)	(930, 928)
image	ano		(921, 951)	(947, 951)	(947, 959)	(921, 959)
image	ano		(921, 982)	(945, 982)	(945, 991)	(921, 991)
image	ne		(930, 1013)	(945, 1013)	(945, 1021)	(930, 1021)
image	ne		(930, 1046)	(947, 1046)	(947, 1054)	(930, 1054)
image	KI		(965, 177)	(977, 177)	(977, 189)	(965, 189)
image	0		(980, 250)	(988, 250)	(988, 260)	(980, 260)
image	0		(980, 292)	(989, 292)	(989, 303)	(980, 303)
image	0		(979, 333)	(988, 333)	(988, 343)	(979, 343)
image	0		(980, 372)	(989, 372)	(989, 383)	(980, 383)
image	0		(980, 405)	(989, 405)	(989, 415)	(980, 415)
image	0		(980, 435)	(989, 435)	(989, 446)	(980, 446)
image	OOO		(980, 542)	(980, 467)	(989, 467)	(989, 542)
image	O		(980, 448)	(980, 435)	(989, 435)	(989, 448)
image	0		(979, 467)	(988, 467)	(988, 477)	(979, 477)
image	0		(979, 498)	(988, 498)	(988, 508)	(979, 508)
image	0		(979, 530)	(988, 530)	(988, 540)	(979, 540)
image	0		(980, 562)	(989, 562)	(989, 572)	(980, 572)
image	0		(980, 593)	(989, 593)	(989, 603)	(980, 603)
image	0		(979, 624)	(988, 624)	(988, 634)	(979, 634)
image	C		(977, 655)	(985, 655)	(985, 661)	(977, 661)
image	0		(979, 656)	(989, 656)	(989, 666)	(979, 666)
image	0		(980, 696)	(989, 696)	(989, 706)	(980, 706)
image	0		(980, 728)	(989, 728)	(989, 739)	(980, 739)
image	OOO		(980, 867)	(980, 791)	(987, 791)	(987, 867)
image	O		(980, 772)	(980, 759)	(987, 759)	(987, 772)
image	0		(979, 760)	(988, 760)	(988, 770)	(979, 770)
image	0		(979, 792)	(988, 792)	(988, 802)	(979, 802)
image	0		(979, 854)	(988, 854)	(988, 865)	(979, 865)
image	0		(979, 886)	(988, 886)	(988, 896)	(979, 896)
image	0		(979, 918)	(988, 918)	(988, 928)	(979, 928)
image	0		(979, 949)	(988, 949)	(988, 959)	(979, 959)
image	0		(980, 980)	(989, 980)	(989, 991)	(980, 991)
image	0		(979, 1011)	(988, 1011)	(988, 1021)	(979, 1021)
image	0		(979, 1043)	(989, 1043)	(989, 1054)	(979, 1054)
image	Dto		(1002, 178)	(1026, 178)	(1026, 188)	(1002, 188)
image	bron		(1039, 178)	(1071, 178)	(1071, 188)	(1039, 188)
image	0		(1022, 250)	(1031, 250)	(1031, 261)	(1022, 261)
image	0		(1022, 291)	(1031, 291)	(1031, 302)	(1022, 302)
image	0		(1022, 333)	(1031, 333)	(1031, 343)	(1022, 343)
image	0		(1022, 373)	(1031, 373)	(1031, 383)	(1022, 383)
image	0		(1022, 405)	(1030, 405)	(1030, 415)	(1022, 415)
image	0		(1022, 435)	(1031, 435)	(1031, 446)	(1022, 446)
image	0		(1022, 467)	(1031, 467)	(1031, 477)	(1022, 477)
image	0		(1022, 499)	(1031, 499)	(1031, 509)	(1022, 509)
image	0		(1022, 530)	(1031, 530)	(1031, 540)	(1022, 540)
image	0		(1022, 561)	(1030, 561)	(1030, 571)	(1022, 571)
image	0		(1022, 594)	(1031, 594)	(1031, 604)	(1022, 604)
image	0		(1022, 624)	(1031, 624)	(1031, 634)	(1022, 634)
image	0		(1022, 656)	(1031, 656)	(1031, 666)	(1022, 666)
image	0		(1022, 697)	(1030, 697)	(1030, 708)	(1022, 708)
image	0		(1022, 729)	(1030, 729)	(1030, 740)	(1022, 740)
image	0		(1022, 759)	(1031, 759)	(1031, 770)	(1022, 770)
image	0		(1022, 791)	(1031, 791)	(1031, 802)	(1022, 802)
image	0		(1022, 823)	(1030, 823)	(1030, 834)	(1022, 834)
image	0		(1022, 854)	(1031, 854)	(1031, 865)	(1022, 865)
image	0		(1022, 885)	(1031, 885)	(1031, 896)	(1022, 896)
image	0		(1022, 917)	(1031, 917)	(1031, 928)	(1022, 928)
image	0		(1022, 948)	(1031, 948)	(1031, 959)	(1022, 959)
image	0		(1022, 980)	(1031, 980)	(1031, 991)	(1022, 991)
image	c		(1030, 1009)	(1030, 1020)	(1022, 1020)	(1022, 1009)
image	0		(1022, 1011)	(1031, 1011)	(1031, 1022)	(1022, 1022)
image	PI		(1020, 1051)	(1020, 1032)	(1032, 1032)	(1032, 1051)
image	2		(1062, 186)	(1062, 195)	(1050, 195)	(1050, 186)
image	N		(1062, 198)	(1062, 210)	(1050, 210)	(1050, 198)
image	0		(1065, 250)	(1074, 250)	(1074, 261)	(1065, 261)
image	0		(1065, 291)	(1074, 291)	(1074, 301)	(1065, 301)
image	0		(1065, 333)	(1074, 333)	(1074, 343)	(1065, 343)
image	0		(1065, 373)	(1073, 373)	(1073, 383)	(1065, 383)
image	0		(1064, 468)	(1073, 468)	(1073, 478)	(1064, 478)
image	0		(1065, 499)	(1073, 499)	(1073, 509)	(1065, 509)
image	0		(1065, 531)	(1073, 531)	(1073, 541)	(1065, 541)
image	0		(1065, 561)	(1073, 561)	(1073, 571)	(1065, 571)
image	0		(1065, 593)	(1073, 593)	(1073, 603)	(1065, 603)
image	0		(1065, 405)	(1073, 405)	(1073, 415)	(1065, 415)
image	0		(1065, 435)	(1074, 435)	(1074, 446)	(1065, 446)
image	0		(1107, 436)	(1115, 436)	(1115, 447)	(1107, 447)
image	0		(1065, 625)	(1073, 625)	(1073, 635)	(1065, 635)
image	0		(1065, 657)	(1073, 657)	(1073, 667)	(1065, 667)
image	0		(1065, 696)	(1074, 696)	(1074, 707)	(1065, 707)
image	0		(1065, 728)	(1074, 728)	(1074, 739)	(1065, 739)
image	0		(1064, 759)	(1073, 759)	(1073, 769)	(1064, 769)
image	0		(1065, 791)	(1074, 791)	(1074, 802)	(1065, 802)
image	0		(1064, 822)	(1073, 822)	(1073, 833)	(1064, 833)
image	0		(1065, 854)	(1074, 854)	(1074, 865)	(1065, 865)
image	0		(1065, 886)	(1074, 886)	(1074, 896)	(1065, 896)
image	0		(1065, 917)	(1073, 917)	(1073, 927)	(1065, 927)
image	1		(1065, 948)	(1074, 948)	(1074, 959)	(1065, 959)
image	0		(1064, 980)	(1073, 980)	(1073, 991)	(1064, 991)
image	0		(1064, 1011)	(1073, 1011)	(1073, 1021)	(1064, 1021)
image	Fe		(1090, 177)	(1107, 177)	(1107, 189)	(1090, 189)
image	Str		(1131, 178)	(1151, 178)	(1151, 189)	(1131, 189)
image	0		(1022, 1043)	(1031, 1043)	(1031, 1054)	(1022, 1054)
image	0		(1064, 1043)	(1074, 1043)	(1074, 1053)	(1064, 1053)
image	0		(1108, 250)	(1116, 250)	(1116, 260)	(1108, 260)
image	0		(1107, 291)	(1117, 291)	(1117, 302)	(1107, 302)
image	0		(1107, 333)	(1116, 333)	(1116, 343)	(1107, 343)
image	0		(1107, 372)	(1116, 372)	(1116, 383)	(1107, 383)
image	OOO		(1114, 372)	(1114, 446)	(1105, 446)	(1105, 372)
image	OOO		(1114, 466)	(1114, 541)	(1105, 541)	(1105, 466)
image	OO		(1114, 560)	(1114, 606)	(1105, 606)	(1105, 560)
image	0		(1108, 468)	(1116, 468)	(1116, 479)	(1108, 479)
image	0		(1107, 499)	(1116, 499)	(1116, 509)	(1107, 509)
image	0		(1107, 531)	(1116, 531)	(1116, 541)	(1107, 541)
image	0		(1107, 624)	(1116, 624)	(1116, 635)	(1107, 635)
image	0		(1107, 656)	(1116, 656)	(1116, 667)	(1107, 667)
image	0		(1107, 696)	(1116, 696)	(1116, 707)	(1107, 707)
image	ooooooo		(1107, 727)	(1114, 727)	(1114, 927)	(1107, 927)
image	0		(1107, 729)	(1115, 729)	(1115, 740)	(1107, 740)
image	0		(1107, 759)	(1116, 759)	(1116, 770)	(1107, 770)
image	0		(1107, 791)	(1116, 791)	(1116, 802)	(1107, 802)
image	0		(1107, 823)	(1115, 823)	(1115, 833)	(1107, 833)
image	0		(1108, 854)	(1116, 854)	(1116, 864)	(1108, 864)
image	0		(1107, 886)	(1115, 886)	(1115, 897)	(1107, 897)
image	0		(1107, 918)	(1115, 918)	(1115, 929)	(1107, 929)
image	0		(1107, 949)	(1115, 949)	(1115, 959)	(1107, 959)
image	0		(1108, 981)	(1116, 981)	(1116, 992)	(1108, 992)
image	0		(1107, 1011)	(1116, 1011)	(1116, 1022)	(1107, 1022)
image	0		(1107, 1043)	(1117, 1043)	(1117, 1054)	(1107, 1054)
image	0		(1150, 250)	(1159, 250)	(1159, 260)	(1150, 260)
image	0		(1150, 291)	(1159, 291)	(1159, 301)	(1150, 301)
image	0		(1150, 333)	(1158, 333)	(1158, 343)	(1150, 343)
image	0		(1150, 373)	(1159, 373)	(1159, 383)	(1150, 383)
image	0		(1150, 405)	(1159, 405)	(1159, 415)	(1150, 415)
image	0		(1150, 435)	(1160, 435)	(1160, 445)	(1150, 445)
image	0		(1150, 467)	(1159, 467)	(1159, 477)	(1150, 477)
image	0		(1150, 498)	(1159, 498)	(1159, 508)	(1150, 508)
image	BR		(1238, 372)	(1254, 372)	(1254, 384)	(1238, 384)
image	střed		(1258, 372)	(1290, 372)	(1290, 384)	(1258, 384)
image	.		(1292, 372)	(1296, 372)	(1296, 384)	(1292, 384)
image	/		(1295, 372)	(1302, 372)	(1302, 384)	(1295, 384)
image	ml		(1302, 372)	(1319, 372)	(1319, 384)	(1302, 384)
image	.		(1319, 372)	(1323, 372)	(1323, 384)	(1319, 384)
image	BR		(1238, 404)	(1254, 404)	(1254, 417)	(1238, 417)
image	střed		(1258, 404)	(1290, 404)	(1290, 417)	(1258, 417)
image	.		(1292, 404)	(1296, 404)	(1296, 417)	(1292, 417)
image	/		(1295, 404)	(1302, 404)	(1302, 417)	(1295, 417)
image	ml		(1302, 404)	(1319, 404)	(1319, 417)	(1302, 417)
image	.		(1319, 404)	(1322, 404)	(1322, 417)	(1319, 417)
image	BR		(1237, 434)	(1253, 434)	(1253, 447)	(1237, 447)
image	střed		(1257, 434)	(1289, 434)	(1289, 446)	(1257, 446)
image	.		(1291, 434)	(1295, 434)	(1295, 446)	(1291, 446)
image	/		(1294, 434)	(1301, 434)	(1301, 446)	(1294, 446)
image	ml		(1301, 434)	(1318, 434)	(1318, 446)	(1301, 446)
image	.		(1318, 434)	(1322, 434)	(1322, 446)	(1318, 446)
image	BR		(1238, 467)	(1254, 467)	(1254, 479)	(1238, 479)
image	střed		(1258, 467)	(1291, 467)	(1291, 479)	(1258, 479)
image	.		(1292, 467)	(1296, 467)	(1296, 479)	(1292, 479)
image	/		(1295, 467)	(1302, 467)	(1302, 479)	(1295, 479)
image	ml		(1302, 467)	(1319, 467)	(1319, 479)	(1302, 479)
image	.		(1319, 467)	(1322, 467)	(1322, 479)	(1319, 479)
image	BR		(1238, 498)	(1254, 498)	(1254, 510)	(1238, 510)
image	střed		(1258, 498)	(1291, 498)	(1291, 510)	(1258, 510)
image	.		(1292, 498)	(1296, 498)	(1296, 510)	(1292, 510)
image	/		(1295, 498)	(1302, 498)	(1302, 510)	(1295, 510)
image	ml		(1302, 498)	(1319, 498)	(1319, 510)	(1302, 510)
image	.		(1319, 498)	(1322, 498)	(1322, 510)	(1319, 510)
image	BR		(1238, 530)	(1254, 530)	(1254, 542)	(1238, 542)
image	střed		(1258, 530)	(1291, 530)	(1291, 542)	(1258, 542)
image	.		(1292, 530)	(1296, 530)	(1296, 542)	(1292, 542)
image	/		(1295, 530)	(1302, 530)	(1302, 542)	(1295, 542)
image	ml		(1302, 530)	(1319, 530)	(1319, 542)	(1302, 542)
image	.		(1319, 530)	(1322, 530)	(1322, 542)	(1319, 542)
image	BR		(1238, 561)	(1254, 561)	(1254, 573)	(1238, 573)
image	střed		(1258, 561)	(1291, 561)	(1291, 573)	(1258, 573)
image	.		(1292, 561)	(1296, 561)	(1296, 573)	(1292, 573)
image	/		(1295, 561)	(1302, 561)	(1302, 573)	(1295, 573)
image	ml		(1302, 561)	(1319, 561)	(1319, 573)	(1302, 573)
image	.		(1319, 561)	(1323, 561)	(1323, 573)	(1319, 573)
image	0		(1150, 594)	(1159, 594)	(1159, 605)	(1150, 605)
image	BR		(1238, 592)	(1253, 592)	(1253, 605)	(1238, 605)
image	střed		(1257, 592)	(1289, 592)	(1289, 604)	(1257, 604)
image	.		(1291, 592)	(1294, 592)	(1294, 604)	(1291, 604)
image	/		(1294, 592)	(1301, 592)	(1301, 604)	(1294, 604)
image	ml		(1301, 592)	(1318, 592)	(1318, 604)	(1301, 604)
image	.		(1318, 592)	(1321, 592)	(1321, 604)	(1318, 604)
image	BR		(1238, 623)	(1254, 623)	(1254, 635)	(1238, 635)
image	střed		(1258, 623)	(1289, 623)	(1289, 636)	(1258, 636)
image	.		(1292, 624)	(1296, 624)	(1296, 636)	(1292, 636)
image	/		(1294, 624)	(1301, 624)	(1301, 636)	(1294, 636)
image	ml		(1302, 624)	(1320, 624)	(1320, 636)	(1302, 636)
image	.		(1319, 624)	(1323, 624)	(1323, 636)	(1319, 636)
image	O		(1150, 623)	(1158, 623)	(1158, 635)	(1150, 635)
image	rudnina		(1166, 623)	(1216, 623)	(1216, 635)	(1166, 635)
image	?		(1218, 623)	(1224, 623)	(1224, 635)	(1218, 635)
image	O		(1150, 655)	(1158, 655)	(1158, 668)	(1150, 668)
image	rudnina		(1167, 655)	(1216, 655)	(1216, 668)	(1167, 668)
image	?		(1218, 655)	(1225, 655)	(1225, 668)	(1218, 668)
image	BR		(1238, 655)	(1255, 655)	(1255, 668)	(1238, 668)
image	střed		(1258, 656)	(1289, 656)	(1289, 669)	(1258, 669)
image	.		(1292, 656)	(1296, 656)	(1296, 669)	(1292, 669)
image	/		(1294, 656)	(1301, 656)	(1301, 669)	(1294, 669)
image	ml		(1302, 656)	(1318, 656)	(1318, 669)	(1302, 669)
image	.		(1319, 656)	(1323, 656)	(1323, 669)	(1319, 669)
image	0		(1150, 531)	(1158, 531)	(1158, 541)	(1150, 541)
image	0		(1150, 562)	(1158, 562)	(1158, 572)	(1150, 572)
image	0		(1150, 697)	(1158, 697)	(1158, 707)	(1150, 707)
image	0		(1150, 729)	(1158, 729)	(1158, 739)	(1150, 739)
image	0		(1150, 759)	(1159, 759)	(1159, 770)	(1150, 770)
image	0		(1150, 791)	(1159, 791)	(1159, 802)	(1150, 802)
image	0		(1151, 823)	(1159, 823)	(1159, 833)	(1151, 833)
image	surovina		(1166, 822)	(1221, 823)	(1221, 834)	(1166, 833)
image	0		(1150, 854)	(1159, 854)	(1159, 865)	(1150, 865)
image	0		(1150, 886)	(1158, 886)	(1158, 896)	(1150, 896)
image	0		(1150, 918)	(1158, 918)	(1158, 928)	(1150, 928)
image	0		(1150, 949)	(1158, 949)	(1158, 959)	(1150, 959)
image	jiné		(1184, 177)	(1209, 177)	(1209, 192)	(1184, 192)
image	0		(1150, 981)	(1158, 981)	(1158, 991)	(1150, 991)
image	0		(1150, 1011)	(1159, 1011)	(1159, 1022)	(1150, 1022)
image	0		(1150, 1043)	(1159, 1043)	(1159, 1054)	(1150, 1054)
image	DATACE		(1270, 178)	(1322, 178)	(1322, 189)	(1270, 189)
image	BR		(1238, 249)	(1254, 249)	(1254, 262)	(1238, 262)
image	střed		(1258, 249)	(1290, 249)	(1290, 262)	(1258, 262)
image	.		(1292, 249)	(1296, 249)	(1296, 262)	(1292, 262)
image	/		(1295, 249)	(1302, 249)	(1302, 262)	(1295, 262)
image	ml		(1302, 249)	(1318, 249)	(1318, 263)	(1302, 263)
image	.		(1319, 250)	(1323, 250)	(1323, 263)	(1319, 263)
image	BR		(1238, 290)	(1254, 290)	(1254, 303)	(1238, 303)
image	střed		(1258, 290)	(1291, 290)	(1291, 303)	(1258, 303)
image	.		(1292, 290)	(1296, 290)	(1296, 303)	(1292, 303)
image	/		(1295, 290)	(1302, 290)	(1302, 303)	(1295, 303)
image	ml		(1302, 290)	(1319, 290)	(1319, 303)	(1302, 303)
image	.		(1319, 290)	(1323, 290)	(1323, 303)	(1319, 303)
image	BR		(1238, 331)	(1253, 331)	(1253, 344)	(1238, 344)
image	střed		(1257, 331)	(1289, 331)	(1289, 343)	(1257, 343)
image	.		(1291, 331)	(1295, 331)	(1295, 343)	(1291, 343)
image	/		(1294, 331)	(1301, 331)	(1301, 343)	(1294, 343)
image	ml		(1301, 331)	(1317, 331)	(1317, 343)	(1301, 343)
image	.		(1318, 331)	(1321, 331)	(1321, 343)	(1318, 343)
image	BR		(1238, 696)	(1253, 696)	(1253, 708)	(1238, 708)
image	střed		(1258, 696)	(1289, 696)	(1289, 708)	(1258, 708)
image	.		(1293, 696)	(1297, 696)	(1297, 708)	(1293, 708)
image	/		(1294, 696)	(1301, 696)	(1301, 708)	(1294, 708)
image	ml		(1302, 696)	(1318, 696)	(1318, 708)	(1302, 708)
image	.		(1319, 696)	(1322, 696)	(1322, 708)	(1319, 708)
image	BR		(1238, 727)	(1253, 727)	(1253, 741)	(1238, 741)
image	střed		(1256, 727)	(1289, 726)	(1289, 739)	(1256, 740)
image	.		(1291, 727)	(1295, 727)	(1295, 740)	(1291, 740)
image	/		(1294, 727)	(1301, 727)	(1301, 740)	(1294, 740)
image	ml		(1301, 726)	(1317, 726)	(1317, 739)	(1301, 739)
image	.		(1318, 726)	(1322, 726)	(1322, 739)	(1318, 739)
image	BR		(1237, 758)	(1253, 758)	(1253, 771)	(1237, 771)
image	střed		(1257, 758)	(1289, 758)	(1289, 770)	(1257, 770)
image	.		(1291, 758)	(1295, 758)	(1295, 770)	(1291, 770)
image	/		(1294, 758)	(1301, 758)	(1301, 770)	(1294, 770)
image	ml		(1301, 758)	(1318, 758)	(1318, 770)	(1301, 770)
image	.		(1318, 758)	(1322, 758)	(1322, 770)	(1318, 770)
image	BR		(1238, 790)	(1254, 790)	(1254, 803)	(1238, 803)
image	střed		(1258, 790)	(1291, 790)	(1291, 803)	(1258, 803)
image	.		(1292, 790)	(1296, 790)	(1296, 803)	(1292, 803)
image	/		(1295, 790)	(1302, 790)	(1302, 803)	(1295, 803)
image	ml		(1302, 790)	(1318, 790)	(1318, 803)	(1302, 803)
image	.		(1319, 790)	(1323, 790)	(1323, 803)	(1319, 803)
image	BR		(1238, 821)	(1254, 821)	(1254, 835)	(1238, 835)
image	střed		(1258, 821)	(1290, 821)	(1290, 835)	(1258, 835)
image	.		(1292, 821)	(1296, 821)	(1296, 835)	(1292, 835)
image	/		(1295, 821)	(1302, 821)	(1302, 835)	(1295, 835)
image	ml		(1302, 821)	(1319, 821)	(1319, 835)	(1302, 835)
image	.		(1319, 821)	(1323, 821)	(1323, 835)	(1319, 835)
image	Neolit		(1237, 854)	(1277, 854)	(1277, 867)	(1237, 867)
image	,		(1276, 854)	(1280, 854)	(1280, 867)	(1276, 867)
image	eneolit		(1280, 854)	(1327, 854)	(1327, 867)	(1280, 867)
image	BR		(1238, 884)	(1253, 884)	(1253, 897)	(1238, 897)
image	střed		(1257, 884)	(1290, 884)	(1290, 896)	(1257, 896)
image	.		(1291, 884)	(1295, 884)	(1295, 896)	(1291, 896)
image	/		(1294, 884)	(1301, 884)	(1301, 896)	(1294, 896)
image	ml		(1301, 884)	(1317, 884)	(1317, 896)	(1301, 896)
image	.		(1318, 884)	(1322, 884)	(1322, 896)	(1318, 896)
image	BR		(1238, 916)	(1253, 916)	(1253, 929)	(1238, 929)
image	střed		(1257, 916)	(1290, 916)	(1290, 928)	(1257, 928)
image	.		(1291, 916)	(1295, 916)	(1295, 928)	(1291, 928)
image	/		(1294, 916)	(1301, 916)	(1301, 928)	(1294, 928)
image	ml		(1301, 916)	(1318, 916)	(1318, 928)	(1301, 928)
image	.		(1318, 916)	(1321, 916)	(1321, 928)	(1318, 928)
image	BR		(1237, 946)	(1252, 946)	(1252, 961)	(1237, 961)
image	střed		(1256, 946)	(1290, 945)	(1290, 960)	(1256, 961)
image	.		(1290, 945)	(1295, 945)	(1295, 959)	(1290, 959)
image	/		(1294, 945)	(1302, 945)	(1302, 959)	(1294, 959)
image	ml		(1301, 945)	(1318, 945)	(1318, 959)	(1301, 959)
image	.		(1317, 945)	(1321, 945)	(1321, 959)	(1317, 959)
image	BR		(1237, 978)	(1253, 978)	(1253, 993)	(1237, 993)
image	střed		(1256, 978)	(1290, 977)	(1290, 991)	(1256, 992)
image	.		(1290, 978)	(1294, 978)	(1294, 992)	(1290, 992)
image	/		(1294, 978)	(1302, 978)	(1302, 992)	(1294, 992)
image	ml		(1301, 977)	(1318, 977)	(1318, 991)	(1301, 991)
image	.		(1318, 977)	(1322, 977)	(1322, 991)	(1318, 991)
image	BR		(1237, 1011)	(1254, 1011)	(1254, 1023)	(1237, 1023)
image	,		(1254, 1011)	(1259, 1011)	(1259, 1023)	(1254, 1023)
image	intruze		(1258, 1011)	(1304, 1011)	(1304, 1023)	(1258, 1023)
image	VS		(1307, 1011)	(1324, 1011)	(1324, 1023)	(1307, 1023)
image	BR		(1238, 1042)	(1254, 1042)	(1254, 1055)	(1238, 1055)
image	střed		(1258, 1042)	(1291, 1042)	(1291, 1055)	(1258, 1055)
image	.		(1292, 1042)	(1296, 1042)	(1296, 1055)	(1292, 1055)
image	/		(1295, 1042)	(1302, 1042)	(1302, 1055)	(1295, 1055)
image	ml		(1302, 1042)	(1319, 1042)	(1319, 1055)	(1302, 1055)
image	.		(1319, 1042)	(1323, 1042)	(1323, 1055)	(1319, 1055)
image	poznámka		(1424, 177)	(1491, 177)	(1491, 191)	(1424, 191)
image	přetav.keramika		(1365, 249)	(1471, 248)	(1471, 263)	(1365, 264)
image	kulička		(1365, 434)	(1408, 434)	(1408, 446)	(1365, 446)
image	Ši		(1364, 496)	(1377, 496)	(1377, 509)	(1364, 509)
image	?		(1375, 496)	(1383, 496)	(1383, 509)	(1375, 509)
image	část		(1365, 530)	(1392, 530)	(1392, 543)	(1365, 543)
image	nádoby		(1395, 530)	(1443, 531)	(1443, 544)	(1395, 543)
image	přetav.maz		(1365, 594)	(1437, 594)	(1437, 607)	(1365, 607)
image	.		(1438, 594)	(1442, 594)	(1442, 607)	(1438, 607)
image	přetav.keramika		(1365, 623)	(1470, 622)	(1470, 636)	(1365, 637)
image	část		(1365, 693)	(1393, 694)	(1393, 708)	(1365, 707)
image	lžičky		(1395, 694)	(1429, 695)	(1429, 709)	(1395, 708)
image	přetav.keramika		(1365, 822)	(1471, 822)	(1471, 836)	(1365, 836)
image	ker.s		(1365, 947)	(1395, 947)	(1395, 959)	(1365, 959)
image	bronzem		(1399, 947)	(1456, 947)	(1456, 958)	(1399, 958)
image	přetav.keramika		(1365, 979)	(1470, 977)	(1470, 991)	(1365, 993)
