IMAGE_NAME	DESCRIPTION	LANGUAGE	BBOX_1	BBOX_2	BBOX_3	BBOX_4
image	"200,00
199,00
198,00
197,00
196,00
0
o
kř.
C.
O
op
D
o
ma.
1
D
X st.
O S06-10
a
ma.
n
D
I
V05
1
S06-01
S06-02
S06-03
O
S06-05
S06-06
O
S06-07
S06-08
D
O
S06-11
S
S06-RJ
kř.
D
J
1
S06-09
4
2015/21
Sonda
Měřil, kreslil:
Digitalizoval:
Vedoucí výzkumu:
ma.
S06-04.
ma
1
J
1,26 m
obrazová příloha č. 20
E. Ditmar, J Švach
200,00
E. Ditmar Datum:
PhDr. J. Podliska, Ph.D. Výškový systém:
199,00
198,00
197,00
Národní památkový ústav - územní odborné pracoviště v hl. m. Praze
PRAHA 2 - NOVÉ MĚSTO
Albertov 3a, ppč. 1556, 1557
S06 Řez:
Měřítko:
196,00
S06-RV
1:20
13.8.2015
ČSJNS/Bpv"	cs	(79, 38)	(1140, 38)	(1140, 1622)	(79, 1622)
image	200,00		(79, 206)	(128, 206)	(128, 218)	(79, 218)
image	199,00		(82, 490)	(130, 490)	(130, 502)	(82, 502)
image	198,00		(81, 773)	(129, 771)	(129, 784)	(82, 786)
image	197,00		(82, 1057)	(129, 1057)	(129, 1069)	(82, 1069)
image	196,00		(82, 1340)	(130, 1340)	(130, 1352)	(82, 1352)
image	0		(267, 1378)	(276, 1378)	(276, 1389)	(267, 1389)
image	o		(371, 331)	(385, 330)	(385, 338)	(372, 339)
image	kř		(434, 326)	(444, 326)	(444, 335)	(434, 335)
image	.		(444, 326)	(447, 326)	(447, 334)	(444, 334)
image	C.		(442, 394)	(450, 394)	(450, 401)	(442, 401)
image	O		(469, 328)	(479, 328)	(479, 335)	(469, 335)
image	op		(459, 441)	(471, 441)	(471, 448)	(459, 448)
image	D		(469, 443)	(472, 469)	(450, 471)	(447, 445)
image	o		(455, 669)	(469, 669)	(469, 678)	(455, 678)
image	ma		(460, 747)	(476, 747)	(476, 754)	(460, 754)
image	.		(477, 747)	(480, 747)	(480, 754)	(477, 754)
image	1		(481, 862)	(493, 862)	(493, 876)	(481, 876)
image	D		(506, 329)	(517, 330)	(517, 338)	(506, 337)
image	X		(494, 1000)	(505, 1000)	(505, 1009)	(494, 1009)
image	st		(510, 999)	(521, 999)	(521, 1008)	(510, 1008)
image	.		(519, 999)	(523, 999)	(523, 1008)	(519, 1008)
image	O		(441, 1053)	(456, 1053)	(456, 1064)	(441, 1064)
image	S06-10		(476, 1056)	(516, 1056)	(516, 1066)	(476, 1066)
image	a		(537, 332)	(553, 333)	(553, 343)	(537, 342)
image	ma		(526, 394)	(542, 395)	(541, 402)	(526, 401)
image	.		(543, 396)	(546, 396)	(546, 402)	(543, 402)
image	n		(525, 408)	(540, 409)	(539, 420)	(524, 419)
image	D		(552, 726)	(552, 709)	(571, 709)	(571, 726)
image	I		(557, 855)	(567, 855)	(567, 863)	(557, 863)
image	V05		(537, 1046)	(573, 1046)	(573, 1062)	(537, 1062)
image	1		(549, 1378)	(557, 1378)	(557, 1390)	(549, 1390)
image	S06-01		(587, 265)	(624, 265)	(624, 274)	(587, 274)
image	S06-02		(595, 331)	(633, 331)	(633, 339)	(595, 339)
image	S06-03		(592, 439)	(631, 439)	(631, 448)	(592, 448)
image	O		(612, 579)	(613, 561)	(630, 562)	(629, 580)
image	S06-05		(588, 612)	(626, 613)	(626, 623)	(588, 622)
image	S06-06		(599, 738)	(636, 738)	(636, 747)	(599, 747)
image	O		(603, 855)	(603, 835)	(620, 835)	(620, 855)
image	S06-07		(599, 891)	(638, 891)	(638, 900)	(599, 900)
image	S06-08		(606, 1003)	(646, 1003)	(646, 1012)	(606, 1012)
image	D		(656, 329)	(666, 329)	(666, 337)	(656, 337)
image	O		(654, 1046)	(669, 1046)	(669, 1054)	(654, 1054)
image	S06-11		(636, 1101)	(672, 1102)	(672, 1113)	(636, 1112)
image	S		(692, 900)	(692, 915)	(679, 915)	(679, 900)
image	S06		(710, 56)	(737, 56)	(737, 69)	(710, 69)
image	-		(737, 56)	(743, 56)	(743, 69)	(737, 69)
image	RJ		(743, 56)	(763, 56)	(763, 69)	(743, 69)
image	kř		(743, 334)	(753, 334)	(753, 343)	(743, 343)
image	.		(754, 334)	(758, 334)	(758, 343)	(754, 343)
image	D		(746, 660)	(745, 682)	(727, 681)	(728, 659)
image	J		(729, 834)	(729, 844)	(717, 844)	(717, 834)
image	1		(739, 913)	(750, 913)	(750, 924)	(739, 924)
image	S06-09		(707, 1043)	(744, 1043)	(744, 1053)	(707, 1053)
image	4		(761, 56)	(788, 57)	(787, 86)	(760, 85)
image	2015/21		(649, 1497)	(735, 1497)	(735, 1514)	(649, 1514)
image	Sonda		(649, 1538)	(711, 1538)	(711, 1554)	(649, 1554)
image	Měřil		(645, 1565)	(673, 1565)	(673, 1575)	(645, 1575)
image	,		(673, 1565)	(676, 1565)	(676, 1575)	(673, 1575)
image	kreslil		(679, 1565)	(710, 1565)	(710, 1575)	(679, 1575)
image	:		(709, 1565)	(713, 1565)	(713, 1575)	(709, 1575)
image	Digitalizoval		(646, 1586)	(711, 1587)	(711, 1599)	(646, 1598)
image	:		(710, 1587)	(714, 1587)	(714, 1598)	(710, 1598)
image	Vedoucí		(646, 1608)	(691, 1609)	(691, 1620)	(646, 1619)
image	výzkumu		(693, 1609)	(740, 1610)	(740, 1621)	(693, 1620)
image	:		(741, 1610)	(745, 1610)	(745, 1620)	(741, 1620)
image	ma		(768, 387)	(783, 387)	(783, 393)	(768, 393)
image	.		(785, 387)	(788, 387)	(788, 393)	(785, 393)
image	S06-04		(760, 575)	(799, 577)	(798, 590)	(759, 588)
image	.		(800, 577)	(803, 577)	(802, 589)	(799, 589)
image	ma		(776, 676)	(791, 676)	(791, 682)	(776, 682)
image	1		(833, 1378)	(841, 1378)	(841, 1390)	(833, 1390)
image	J		(901, 1355)	(916, 1355)	(916, 1370)	(901, 1370)
image	1,26		(899, 1376)	(929, 1378)	(928, 1391)	(898, 1389)
image	m		(934, 1378)	(947, 1379)	(946, 1391)	(933, 1390)
image	obrazová		(1017, 40)	(1066, 39)	(1066, 52)	(1017, 53)
image	příloha		(1069, 39)	(1107, 38)	(1107, 51)	(1069, 52)
image	č		(1109, 39)	(1115, 39)	(1115, 51)	(1109, 51)
image	.		(1115, 39)	(1119, 39)	(1119, 51)	(1115, 51)
image	20		(1123, 38)	(1140, 38)	(1140, 51)	(1123, 51)
image	E.		(839, 1564)	(850, 1564)	(850, 1576)	(839, 1576)
image	Ditmar		(853, 1564)	(888, 1564)	(888, 1575)	(853, 1575)
image	,		(888, 1564)	(891, 1564)	(891, 1575)	(888, 1575)
image	J		(894, 1564)	(900, 1564)	(900, 1575)	(894, 1575)
image	Švach		(905, 1563)	(937, 1563)	(937, 1575)	(905, 1575)
image	200,00		(1068, 206)	(1116, 206)	(1116, 217)	(1068, 217)
image	E.		(890, 1588)	(902, 1588)	(902, 1597)	(890, 1597)
image	Ditmar		(905, 1588)	(941, 1588)	(941, 1597)	(905, 1597)
image	Datum		(956, 1589)	(990, 1589)	(990, 1598)	(956, 1598)
image	:		(991, 1589)	(995, 1589)	(995, 1598)	(991, 1598)
image	PhDr		(817, 1609)	(845, 1609)	(845, 1620)	(817, 1620)
image	.		(845, 1609)	(848, 1609)	(848, 1620)	(845, 1620)
image	J.		(849, 1609)	(860, 1609)	(860, 1620)	(849, 1620)
image	Podliska		(863, 1609)	(908, 1609)	(908, 1620)	(863, 1620)
image	,		(909, 1609)	(911, 1609)	(911, 1620)	(909, 1620)
image	Ph.D.		(915, 1610)	(945, 1610)	(945, 1621)	(915, 1621)
image	Výškový		(957, 1610)	(1002, 1610)	(1002, 1621)	(957, 1621)
image	systém		(1005, 1610)	(1041, 1610)	(1041, 1622)	(1005, 1622)
image	:		(1043, 1611)	(1046, 1611)	(1046, 1622)	(1043, 1622)
image	199,00		(1070, 490)	(1116, 490)	(1116, 503)	(1070, 503)
image	198,00		(1070, 771)	(1117, 772)	(1117, 785)	(1070, 784)
image	197,00		(1071, 1055)	(1117, 1056)	(1117, 1070)	(1071, 1069)
image	Národní		(758, 1484)	(801, 1484)	(801, 1495)	(758, 1495)
image	památkový		(804, 1484)	(862, 1484)	(862, 1495)	(804, 1495)
image	ústav		(865, 1484)	(894, 1484)	(894, 1495)	(865, 1495)
image	-		(897, 1484)	(901, 1484)	(901, 1495)	(897, 1495)
image	územní		(905, 1484)	(944, 1484)	(944, 1495)	(905, 1495)
image	odborné		(947, 1484)	(991, 1484)	(991, 1495)	(947, 1495)
image	pracoviště		(995, 1484)	(1049, 1484)	(1049, 1495)	(995, 1495)
image	v		(1053, 1484)	(1059, 1484)	(1059, 1495)	(1053, 1495)
image	hl		(1062, 1484)	(1072, 1484)	(1072, 1495)	(1062, 1495)
image	.		(1072, 1484)	(1074, 1484)	(1074, 1495)	(1072, 1495)
image	m		(1078, 1484)	(1087, 1484)	(1087, 1495)	(1078, 1495)
image	.		(1089, 1484)	(1091, 1484)	(1091, 1495)	(1089, 1495)
image	Praze		(1095, 1484)	(1127, 1484)	(1127, 1495)	(1095, 1495)
image	PRAHA		(859, 1499)	(907, 1499)	(907, 1512)	(859, 1512)
image	2		(909, 1499)	(917, 1499)	(917, 1511)	(909, 1511)
image	-		(920, 1499)	(926, 1499)	(926, 1511)	(920, 1511)
image	NOVÉ		(930, 1499)	(969, 1499)	(969, 1511)	(930, 1511)
image	MĚSTO		(973, 1498)	(1022, 1498)	(1022, 1511)	(973, 1511)
image	Albertov		(851, 1516)	(903, 1516)	(903, 1529)	(851, 1529)
image	3a		(907, 1516)	(922, 1516)	(922, 1529)	(907, 1529)
image	,		(923, 1516)	(926, 1516)	(926, 1529)	(923, 1529)
image	ppč		(931, 1516)	(953, 1516)	(953, 1529)	(931, 1529)
image	.		(954, 1516)	(957, 1516)	(957, 1529)	(954, 1529)
image	1556		(962, 1516)	(991, 1516)	(991, 1529)	(962, 1529)
image	,		(992, 1516)	(995, 1516)	(995, 1529)	(992, 1529)
image	1557		(1001, 1516)	(1030, 1516)	(1030, 1529)	(1001, 1529)
image	S06		(906, 1537)	(940, 1536)	(941, 1555)	(907, 1556)
image	Řez		(955, 1536)	(991, 1535)	(992, 1553)	(956, 1554)
image	:		(992, 1534)	(998, 1534)	(999, 1552)	(993, 1552)
image	Měřítko		(956, 1564)	(997, 1565)	(997, 1575)	(956, 1574)
image	:		(996, 1566)	(1000, 1566)	(1000, 1575)	(996, 1575)
image	196,00		(1070, 1338)	(1117, 1339)	(1117, 1353)	(1070, 1352)
image	S06		(1060, 1539)	(1094, 1539)	(1094, 1554)	(1060, 1554)
image	-		(1095, 1539)	(1102, 1539)	(1102, 1554)	(1095, 1554)
image	RV		(1103, 1539)	(1130, 1539)	(1130, 1554)	(1103, 1554)
image	1:20		(1107, 1566)	(1129, 1566)	(1129, 1575)	(1107, 1575)
image	13.8.2015		(1078, 1587)	(1132, 1588)	(1132, 1599)	(1078, 1598)
image	ČSJNS		(1067, 1608)	(1105, 1609)	(1105, 1621)	(1067, 1620)
image	/		(1105, 1610)	(1110, 1610)	(1110, 1621)	(1105, 1621)
image	Bpv		(1109, 1610)	(1130, 1611)	(1130, 1622)	(1109, 1621)
