IMAGE_NAME	DESCRIPTION	LANGUAGE	BBOX_1	BBOX_2	BBOX_3	BBOX_4
image	"Čáslav - Skála 2003
AKCE
ROK
3 Čáslav - Skála - léto 2003
7 komunikace
2
Čáslav - Skála - léto 2003
7 komunikace
3
3 Čáslav - Skála - léto 2003
7 komunikace
Čáslav - Skála - léto 2003
7 komunikace
3 Čáslav - Skála - léto 2003
7 komunikace
€
Čáslav - Skála - léto 2003
7 komunikace
7
Čáslav - Skála - léto 2003
7 komunikace
8
3 Čáslav - Skála - léto 2003
7 komunikace
9
Čáslav - Skála - léto 2003
& komunikace
C
Čáslav - Skála - léto 2003
& komunikace
1
3 Čáslav - Skála - léto 2003
& komunikace
2
Čáslav - Skála - léto 2003
& komunikace
3
Čáslav - Skála - léto 2003
& komunikace
SONDA SEKTOR KONTEXT DRUH_KONT
4000 2470
4000
4000
4000
4000
2471
4000 2474
2472
2473
4000 2476
4000
2475
4000 2477
4000
4000 2478
4000 2479
2480
2481
4000 2482
kj
kj
kj
kj
kj
kj
kj
kj
kj
kj
kj
kj
kj
seznam objektů
30
26
26
39
48
30
28
20
12
44
18
24 4
28 10 ΤΗ
18 8
32 8
36 10
22 9
20
20 16
12
30 4 ΤΗ
18
H
60
16
24 10 TH,O
6
Výplň
6
ΤΗ
6
Sš,0
TH,O
TH,O
TH,O
TH,O
40 7 TH,O
TH,O
TH,O
TH,O
ZKOUMAN STRATIGR DATOVANI PLAN MERENO
AFIE
27.8.2003
27.8.2003
27.8.2003
27.8.2003
27.8.2003
27.8.2003
27.8.2003
27.8.2003
27.8.2003
27.8.2003
27.8.2003
27.8.2003
27.8.2003
PRA
NV
NV
PRA
PRA
1:20 OK
1:20 OK
1:20 OK
1:20 OK
1:20 OK
1:20 OK
1:20 OK
1:20 OK
1:20 OK
1:20 OK
1:20 OK
1:20 OK
1:20
OK
POZNAMKA"	und	(142, 73)	(1483, 73)	(1483, 1166)	(142, 1166)
image	Čáslav		(142, 73)	(198, 74)	(198, 92)	(142, 91)
image	-		(202, 75)	(213, 75)	(213, 92)	(202, 92)
image	Skála		(219, 75)	(265, 76)	(265, 93)	(219, 92)
image	2003		(270, 76)	(314, 77)	(314, 94)	(270, 93)
image	AKCE		(190, 179)	(229, 179)	(229, 191)	(190, 191)
image	ROK		(303, 178)	(336, 178)	(336, 192)	(303, 192)
image	3		(145, 222)	(153, 222)	(153, 237)	(145, 237)
image	Čáslav		(154, 222)	(201, 222)	(201, 237)	(154, 237)
image	-		(205, 222)	(211, 222)	(211, 237)	(205, 237)
image	Skála		(216, 222)	(253, 222)	(253, 237)	(216, 237)
image	-		(257, 222)	(263, 222)	(263, 237)	(257, 237)
image	léto		(274, 222)	(302, 222)	(302, 237)	(274, 237)
image	2003		(305, 223)	(342, 223)	(342, 238)	(305, 238)
image	7		(146, 247)	(153, 247)	(153, 260)	(146, 260)
image	komunikace		(155, 246)	(244, 246)	(244, 259)	(155, 259)
image	2		(145, 270)	(153, 270)	(153, 280)	(145, 280)
image	Čáslav		(156, 289)	(202, 289)	(202, 304)	(156, 304)
image	-		(205, 289)	(212, 289)	(212, 304)	(205, 304)
image	Skála		(215, 289)	(253, 289)	(253, 304)	(215, 304)
image	-		(257, 290)	(264, 290)	(264, 305)	(257, 305)
image	léto		(274, 290)	(302, 290)	(302, 305)	(274, 305)
image	2003		(305, 290)	(343, 290)	(343, 305)	(305, 305)
image	7		(145, 313)	(155, 313)	(155, 327)	(145, 327)
image	komunikace		(156, 313)	(245, 313)	(245, 327)	(156, 327)
image	3		(144, 336)	(153, 336)	(153, 347)	(144, 347)
image	3		(145, 356)	(153, 356)	(153, 371)	(145, 371)
image	Čáslav		(154, 356)	(201, 356)	(201, 371)	(154, 371)
image	-		(205, 356)	(212, 356)	(212, 371)	(205, 371)
image	Skála		(216, 356)	(253, 356)	(253, 371)	(216, 371)
image	-		(257, 356)	(264, 356)	(264, 371)	(257, 371)
image	léto		(274, 356)	(302, 356)	(302, 371)	(274, 371)
image	2003		(305, 356)	(342, 356)	(342, 372)	(305, 372)
image	7		(145, 380)	(153, 380)	(153, 393)	(145, 393)
image	komunikace		(156, 379)	(244, 380)	(244, 394)	(156, 393)
image	Čáslav		(155, 424)	(201, 424)	(201, 439)	(155, 439)
image	-		(205, 424)	(212, 424)	(212, 439)	(205, 439)
image	Skála		(216, 424)	(253, 424)	(253, 439)	(216, 439)
image	-		(257, 424)	(264, 424)	(264, 439)	(257, 439)
image	léto		(274, 424)	(302, 424)	(302, 439)	(274, 439)
image	2003		(305, 424)	(342, 424)	(342, 439)	(305, 439)
image	7		(145, 449)	(154, 449)	(154, 463)	(145, 463)
image	komunikace		(155, 449)	(245, 449)	(245, 463)	(155, 463)
image	3		(145, 491)	(153, 491)	(153, 505)	(145, 505)
image	Čáslav		(155, 491)	(201, 491)	(201, 505)	(155, 505)
image	-		(205, 491)	(211, 491)	(211, 505)	(205, 505)
image	Skála		(216, 491)	(253, 491)	(253, 505)	(216, 505)
image	-		(257, 491)	(263, 491)	(263, 505)	(257, 505)
image	léto		(274, 492)	(302, 492)	(302, 506)	(274, 506)
image	2003		(305, 492)	(343, 492)	(343, 506)	(305, 506)
image	7		(145, 515)	(153, 515)	(153, 527)	(145, 527)
image	komunikace		(156, 515)	(244, 515)	(244, 527)	(156, 527)
image	€		(145, 538)	(153, 538)	(153, 549)	(145, 549)
image	Čáslav		(155, 559)	(201, 559)	(201, 574)	(155, 574)
image	-		(205, 559)	(212, 559)	(212, 574)	(205, 574)
image	Skála		(216, 559)	(253, 559)	(253, 574)	(216, 574)
image	-		(257, 559)	(264, 559)	(264, 574)	(257, 574)
image	léto		(274, 559)	(302, 559)	(302, 574)	(274, 574)
image	2003		(305, 559)	(342, 559)	(342, 575)	(305, 575)
image	7		(145, 584)	(153, 584)	(153, 596)	(145, 596)
image	komunikace		(155, 583)	(245, 584)	(245, 597)	(155, 596)
image	7		(146, 605)	(154, 605)	(154, 616)	(146, 616)
image	Čáslav		(156, 626)	(202, 626)	(202, 641)	(156, 641)
image	-		(206, 626)	(212, 626)	(212, 641)	(206, 641)
image	Skála		(215, 626)	(253, 626)	(253, 641)	(215, 641)
image	-		(256, 626)	(263, 626)	(263, 641)	(256, 641)
image	léto		(273, 626)	(302, 626)	(302, 641)	(273, 641)
image	2003		(306, 627)	(343, 627)	(343, 642)	(306, 642)
image	7		(145, 650)	(153, 650)	(153, 663)	(145, 663)
image	komunikace		(156, 649)	(244, 650)	(244, 664)	(156, 663)
image	8		(147, 673)	(151, 673)	(151, 685)	(147, 685)
image	3		(145, 694)	(153, 694)	(153, 709)	(145, 709)
image	Čáslav		(155, 694)	(201, 694)	(201, 709)	(155, 709)
image	-		(205, 694)	(211, 694)	(211, 709)	(205, 709)
image	Skála		(216, 694)	(253, 694)	(253, 709)	(216, 709)
image	-		(257, 694)	(263, 694)	(263, 709)	(257, 709)
image	léto		(274, 694)	(301, 694)	(301, 709)	(274, 709)
image	2003		(305, 694)	(343, 694)	(343, 710)	(305, 710)
image	7		(146, 718)	(154, 718)	(154, 731)	(146, 731)
image	komunikace		(156, 718)	(245, 718)	(245, 731)	(156, 731)
image	9		(144, 741)	(154, 741)	(154, 753)	(144, 753)
image	Čáslav		(156, 761)	(201, 761)	(201, 776)	(156, 776)
image	-		(205, 761)	(212, 761)	(212, 776)	(205, 776)
image	Skála		(215, 761)	(253, 761)	(253, 776)	(215, 776)
image	-		(257, 761)	(264, 761)	(264, 776)	(257, 776)
image	léto		(274, 761)	(302, 761)	(302, 777)	(274, 777)
image	2003		(306, 762)	(342, 762)	(342, 777)	(306, 777)
image	&		(145, 786)	(152, 786)	(152, 799)	(145, 799)
image	komunikace		(155, 785)	(243, 785)	(243, 798)	(155, 798)
image	C		(145, 808)	(153, 808)	(153, 819)	(145, 819)
image	Čáslav		(156, 829)	(202, 829)	(202, 844)	(156, 844)
image	-		(206, 829)	(213, 829)	(213, 844)	(206, 844)
image	Skála		(215, 829)	(253, 829)	(253, 844)	(215, 844)
image	-		(257, 830)	(264, 830)	(264, 845)	(257, 845)
image	léto		(273, 830)	(302, 830)	(302, 845)	(273, 845)
image	2003		(306, 830)	(342, 830)	(342, 845)	(306, 845)
image	&		(146, 853)	(153, 853)	(153, 866)	(146, 866)
image	komunikace		(155, 853)	(244, 853)	(244, 866)	(155, 866)
image	1		(145, 874)	(154, 874)	(154, 887)	(145, 887)
image	3		(145, 896)	(153, 896)	(153, 912)	(145, 912)
image	Čáslav		(155, 896)	(201, 896)	(201, 912)	(155, 912)
image	-		(206, 896)	(213, 896)	(213, 912)	(206, 912)
image	Skála		(215, 896)	(253, 896)	(253, 912)	(215, 912)
image	-		(257, 896)	(263, 896)	(263, 912)	(257, 912)
image	léto		(274, 896)	(302, 896)	(302, 912)	(274, 912)
image	2003		(306, 896)	(342, 896)	(342, 912)	(306, 912)
image	&		(145, 921)	(152, 921)	(152, 933)	(145, 933)
image	komunikace		(156, 921)	(244, 921)	(244, 933)	(156, 933)
image	2		(145, 943)	(153, 943)	(153, 954)	(145, 954)
image	Čáslav		(155, 963)	(201, 963)	(201, 978)	(155, 978)
image	-		(205, 963)	(212, 963)	(212, 978)	(205, 978)
image	Skála		(216, 963)	(253, 963)	(253, 978)	(216, 978)
image	-		(257, 963)	(264, 963)	(264, 978)	(257, 978)
image	léto		(274, 963)	(302, 963)	(302, 978)	(274, 978)
image	2003		(305, 963)	(342, 963)	(342, 978)	(305, 978)
image	&		(145, 988)	(152, 988)	(152, 1000)	(145, 1000)
image	komunikace		(156, 988)	(244, 988)	(244, 1000)	(156, 1000)
image	3		(144, 1009)	(152, 1009)	(152, 1020)	(144, 1020)
image	Čáslav		(156, 1031)	(201, 1031)	(201, 1045)	(156, 1045)
image	-		(206, 1031)	(212, 1031)	(212, 1045)	(206, 1045)
image	Skála		(215, 1031)	(253, 1031)	(253, 1045)	(215, 1045)
image	-		(257, 1031)	(264, 1031)	(264, 1045)	(257, 1045)
image	léto		(274, 1031)	(301, 1031)	(301, 1045)	(274, 1045)
image	2003		(306, 1031)	(342, 1031)	(342, 1045)	(306, 1045)
image	&		(145, 1055)	(153, 1055)	(153, 1068)	(145, 1068)
image	komunikace		(156, 1055)	(244, 1055)	(244, 1068)	(156, 1068)
image	SONDA		(376, 179)	(432, 179)	(432, 191)	(376, 191)
image	SEKTOR		(445, 179)	(504, 179)	(504, 191)	(445, 191)
image	KONTEXT		(518, 179)	(588, 179)	(588, 191)	(518, 191)
image	DRUH_KONT		(611, 179)	(707, 179)	(707, 192)	(611, 192)
image	4000		(443, 225)	(480, 225)	(480, 237)	(443, 237)
image	2470		(514, 225)	(551, 225)	(551, 237)	(514, 237)
image	4000		(443, 292)	(480, 292)	(480, 304)	(443, 304)
image	4000		(443, 359)	(479, 359)	(479, 370)	(443, 370)
image	4000		(443, 425)	(480, 426)	(479, 439)	(443, 438)
image	4000		(443, 562)	(479, 562)	(479, 573)	(443, 573)
image	2471		(514, 292)	(549, 292)	(549, 304)	(514, 304)
image	4000		(443, 493)	(479, 492)	(479, 505)	(443, 506)
image	2474		(514, 493)	(551, 494)	(551, 508)	(514, 507)
image	2472		(514, 359)	(549, 359)	(549, 371)	(514, 371)
image	2473		(514, 428)	(550, 428)	(550, 440)	(514, 440)
image	4000		(443, 629)	(479, 629)	(479, 640)	(443, 640)
image	2476		(514, 629)	(549, 629)	(549, 641)	(514, 641)
image	4000		(443, 899)	(480, 899)	(480, 911)	(443, 911)
image	2475		(514, 562)	(549, 562)	(549, 573)	(514, 573)
image	4000		(444, 697)	(479, 697)	(479, 708)	(444, 708)
image	2477		(514, 697)	(551, 697)	(551, 709)	(514, 709)
image	4000		(443, 966)	(479, 966)	(479, 977)	(443, 977)
image	4000		(443, 764)	(479, 764)	(479, 775)	(443, 775)
image	2478		(514, 764)	(550, 764)	(550, 776)	(514, 776)
image	4000		(443, 832)	(480, 832)	(480, 844)	(443, 844)
image	2479		(514, 832)	(549, 832)	(549, 844)	(514, 844)
image	2480		(513, 898)	(550, 897)	(550, 910)	(513, 911)
image	2481		(514, 966)	(551, 966)	(551, 978)	(514, 978)
image	4000		(442, 1034)	(479, 1033)	(479, 1046)	(442, 1047)
image	2482		(514, 1033)	(550, 1032)	(550, 1046)	(514, 1047)
image	kj		(599, 225)	(612, 225)	(612, 240)	(599, 240)
image	kj		(600, 292)	(611, 292)	(611, 306)	(600, 306)
image	kj		(600, 359)	(612, 359)	(612, 373)	(600, 373)
image	kj		(599, 428)	(610, 428)	(610, 442)	(599, 442)
image	kj		(600, 494)	(613, 494)	(613, 509)	(600, 509)
image	kj		(600, 562)	(612, 562)	(612, 576)	(600, 576)
image	kj		(599, 629)	(611, 629)	(611, 643)	(599, 643)
image	kj		(599, 697)	(612, 697)	(612, 712)	(599, 712)
image	kj		(600, 764)	(613, 764)	(613, 779)	(600, 779)
image	kj		(600, 832)	(611, 832)	(611, 846)	(600, 846)
image	kj		(599, 899)	(611, 899)	(611, 913)	(599, 913)
image	kj		(599, 966)	(612, 966)	(612, 981)	(599, 981)
image	kj		(599, 1033)	(613, 1033)	(613, 1049)	(599, 1049)
image	seznam		(715, 77)	(782, 76)	(782, 95)	(715, 96)
image	objektů		(787, 76)	(853, 75)	(853, 94)	(787, 95)
image	30		(727, 224)	(745, 224)	(745, 237)	(727, 237)
image	26		(726, 292)	(745, 292)	(745, 304)	(726, 304)
image	26		(727, 359)	(745, 359)	(745, 371)	(727, 371)
image	39		(727, 427)	(746, 427)	(746, 440)	(727, 440)
image	48		(726, 494)	(744, 494)	(744, 506)	(726, 506)
image	30		(727, 629)	(746, 629)	(746, 641)	(727, 641)
image	28		(726, 697)	(745, 697)	(745, 708)	(726, 708)
image	20		(727, 764)	(745, 764)	(745, 775)	(727, 775)
image	12		(727, 833)	(744, 833)	(744, 844)	(727, 844)
image	44		(726, 966)	(744, 966)	(744, 977)	(726, 977)
image	18		(727, 1034)	(745, 1034)	(745, 1046)	(727, 1046)
image	24		(783, 292)	(801, 292)	(801, 303)	(783, 303)
image	4		(826, 293)	(835, 293)	(835, 304)	(826, 304)
image	28		(783, 224)	(802, 224)	(802, 236)	(783, 236)
image	10		(826, 224)	(845, 224)	(845, 237)	(826, 237)
image	ΤΗ		(869, 225)	(888, 225)	(888, 237)	(869, 237)
image	18		(784, 359)	(802, 359)	(802, 370)	(784, 370)
image	8		(825, 359)	(837, 359)	(837, 370)	(825, 370)
image	32		(783, 427)	(801, 427)	(801, 439)	(783, 439)
image	8		(825, 427)	(836, 427)	(836, 439)	(825, 439)
image	36		(784, 493)	(803, 493)	(803, 506)	(784, 506)
image	10		(826, 494)	(845, 494)	(845, 506)	(826, 506)
image	22		(783, 629)	(801, 629)	(801, 640)	(783, 640)
image	9		(825, 629)	(835, 629)	(835, 641)	(825, 641)
image	20		(783, 764)	(802, 764)	(802, 776)	(783, 776)
image	20		(726, 899)	(746, 899)	(746, 911)	(726, 911)
image	16		(783, 898)	(801, 898)	(801, 911)	(783, 911)
image	12		(784, 833)	(801, 833)	(801, 844)	(784, 844)
image	30		(783, 563)	(802, 563)	(802, 574)	(783, 574)
image	4		(826, 563)	(835, 563)	(835, 574)	(826, 574)
image	ΤΗ		(869, 562)	(887, 562)	(887, 574)	(869, 574)
image	18		(784, 1034)	(804, 1034)	(804, 1046)	(784, 1046)
image	H		(838, 179)	(848, 179)	(848, 191)	(838, 191)
image	60		(827, 762)	(837, 762)	(837, 776)	(827, 776)
image	16		(783, 1154)	(801, 1154)	(801, 1166)	(783, 1166)
image	24		(783, 697)	(802, 697)	(802, 709)	(783, 709)
image	10		(826, 697)	(846, 697)	(846, 709)	(826, 709)
image	TH		(869, 697)	(888, 697)	(888, 710)	(869, 710)
image	,		(889, 697)	(894, 697)	(894, 710)	(889, 710)
image	O		(892, 697)	(905, 697)	(905, 710)	(892, 710)
image	6		(826, 833)	(835, 833)	(835, 844)	(826, 844)
image	Výplň		(886, 176)	(928, 177)	(927, 193)	(885, 192)
image	6		(826, 898)	(836, 898)	(836, 911)	(826, 911)
image	ΤΗ		(870, 292)	(886, 292)	(886, 304)	(870, 304)
image	6		(826, 1034)	(836, 1034)	(836, 1046)	(826, 1046)
image	Sš		(868, 357)	(886, 357)	(886, 372)	(868, 372)
image	,		(884, 357)	(890, 357)	(890, 372)	(884, 372)
image	0		(889, 357)	(902, 357)	(902, 372)	(889, 372)
image	TH		(869, 427)	(887, 427)	(887, 440)	(869, 440)
image	,		(889, 427)	(894, 427)	(894, 440)	(889, 440)
image	O		(892, 427)	(904, 427)	(904, 440)	(892, 440)
image	TH		(869, 493)	(888, 493)	(888, 507)	(869, 507)
image	,		(888, 493)	(893, 493)	(893, 507)	(888, 507)
image	O		(893, 493)	(905, 493)	(905, 507)	(893, 507)
image	TH		(869, 629)	(887, 628)	(887, 643)	(870, 644)
image	,		(887, 629)	(892, 629)	(892, 643)	(887, 643)
image	O		(893, 629)	(905, 629)	(905, 643)	(893, 643)
image	TH		(869, 764)	(888, 764)	(888, 777)	(869, 777)
image	,		(889, 764)	(894, 764)	(894, 777)	(889, 777)
image	O		(892, 764)	(905, 764)	(905, 777)	(892, 777)
image	40		(784, 966)	(802, 966)	(802, 978)	(784, 978)
image	7		(825, 966)	(835, 966)	(835, 978)	(825, 978)
image	TH		(868, 966)	(887, 966)	(887, 979)	(868, 979)
image	,		(889, 966)	(894, 966)	(894, 979)	(889, 979)
image	O		(893, 966)	(905, 966)	(905, 979)	(893, 979)
image	TH		(869, 832)	(886, 832)	(886, 844)	(869, 844)
image	,		(889, 832)	(893, 832)	(893, 844)	(889, 844)
image	O		(892, 832)	(904, 832)	(904, 844)	(892, 844)
image	TH		(869, 899)	(887, 899)	(887, 911)	(869, 911)
image	,		(889, 899)	(894, 899)	(894, 911)	(889, 911)
image	O		(892, 899)	(905, 899)	(905, 911)	(892, 911)
image	TH		(868, 1033)	(889, 1034)	(888, 1047)	(867, 1046)
image	,		(889, 1033)	(894, 1033)	(893, 1046)	(888, 1046)
image	O		(893, 1034)	(905, 1034)	(904, 1047)	(892, 1047)
image	ZKOUMAN		(958, 179)	(1039, 179)	(1039, 192)	(958, 192)
image	STRATIGR		(1054, 179)	(1128, 179)	(1128, 192)	(1054, 192)
image	DATOVANI		(1143, 179)	(1224, 179)	(1224, 192)	(1143, 192)
image	PLAN		(1242, 178)	(1279, 178)	(1279, 191)	(1242, 191)
image	MERENO		(1298, 178)	(1365, 178)	(1365, 190)	(1298, 190)
image	AFIE		(1074, 201)	(1107, 201)	(1107, 213)	(1074, 213)
image	27.8.2003		(972, 225)	(1044, 224)	(1044, 236)	(972, 237)
image	27.8.2003		(972, 291)	(1043, 290)	(1043, 303)	(972, 304)
image	27.8.2003		(972, 359)	(1043, 358)	(1043, 370)	(972, 371)
image	27.8.2003		(972, 426)	(1044, 427)	(1044, 441)	(972, 440)
image	27.8.2003		(972, 493)	(1044, 494)	(1044, 507)	(972, 506)
image	27.8.2003		(972, 561)	(1043, 560)	(1043, 573)	(972, 574)
image	27.8.2003		(972, 629)	(1043, 628)	(1043, 640)	(972, 641)
image	27.8.2003		(972, 697)	(1044, 698)	(1044, 711)	(972, 710)
image	27.8.2003		(971, 764)	(1045, 764)	(1045, 775)	(971, 775)
image	27.8.2003		(972, 833)	(1044, 833)	(1044, 845)	(972, 845)
image	27.8.2003		(972, 899)	(1045, 899)	(1045, 911)	(972, 911)
image	27.8.2003		(972, 966)	(1043, 966)	(1043, 977)	(972, 977)
image	27.8.2003		(972, 1033)	(1044, 1034)	(1044, 1047)	(972, 1046)
image	PRA		(1139, 225)	(1168, 225)	(1168, 237)	(1139, 237)
image	NV		(1139, 292)	(1160, 292)	(1160, 304)	(1139, 304)
image	NV		(1138, 899)	(1159, 899)	(1159, 910)	(1138, 910)
image	PRA		(1138, 966)	(1167, 966)	(1167, 978)	(1138, 978)
image	PRA		(1138, 1034)	(1168, 1034)	(1168, 1046)	(1138, 1046)
image	1:20		(1238, 225)	(1270, 225)	(1270, 236)	(1238, 236)
image	OK		(1295, 225)	(1315, 225)	(1315, 237)	(1295, 237)
image	1:20		(1237, 292)	(1270, 292)	(1270, 303)	(1237, 303)
image	OK		(1294, 292)	(1315, 292)	(1315, 304)	(1294, 304)
image	1:20		(1237, 359)	(1270, 359)	(1270, 370)	(1237, 370)
image	OK		(1295, 359)	(1315, 359)	(1315, 371)	(1295, 371)
image	1:20		(1238, 428)	(1270, 428)	(1270, 439)	(1238, 439)
image	OK		(1295, 427)	(1315, 427)	(1315, 439)	(1295, 439)
image	1:20		(1238, 494)	(1271, 494)	(1271, 506)	(1238, 506)
image	OK		(1295, 494)	(1315, 494)	(1315, 506)	(1295, 506)
image	1:20		(1237, 562)	(1270, 562)	(1270, 573)	(1237, 573)
image	OK		(1294, 562)	(1314, 562)	(1314, 574)	(1294, 574)
image	1:20		(1237, 629)	(1270, 629)	(1270, 640)	(1237, 640)
image	OK		(1295, 629)	(1315, 629)	(1315, 641)	(1295, 641)
image	1:20		(1238, 697)	(1269, 697)	(1269, 708)	(1238, 708)
image	OK		(1295, 697)	(1315, 697)	(1315, 709)	(1295, 709)
image	1:20		(1238, 764)	(1270, 764)	(1270, 775)	(1238, 775)
image	OK		(1295, 764)	(1315, 764)	(1315, 776)	(1295, 776)
image	1:20		(1237, 832)	(1270, 832)	(1270, 843)	(1237, 843)
image	OK		(1295, 832)	(1315, 832)	(1315, 844)	(1295, 844)
image	1:20		(1238, 899)	(1269, 900)	(1269, 911)	(1238, 910)
image	OK		(1295, 899)	(1315, 899)	(1315, 911)	(1295, 911)
image	1:20		(1238, 966)	(1269, 966)	(1269, 977)	(1238, 977)
image	OK		(1295, 966)	(1315, 966)	(1315, 978)	(1295, 978)
image	1:20		(1237, 1034)	(1270, 1033)	(1270, 1045)	(1237, 1046)
image	OK		(1294, 1034)	(1315, 1034)	(1315, 1047)	(1294, 1047)
image	POZNAMKA		(1394, 179)	(1483, 179)	(1483, 191)	(1394, 191)
