IMAGE_NAME	DESCRIPTION	LANGUAGE	BBOX_1	BBOX_2	BBOX_3	BBOX_4
image	"0
1 m
S11-RZ
195,86
1196,20
V29
196,46
V24 výplň vr.
$11-03
(V28
196,42
V27
196,09
(V22)
spodní hranice sondy
196,42
horní hranice sondy
S11-RS
povrch vr. S11-24
196,45
S11-RJ
196,50
(V26
196,11
2015/21
Sonda
Měřil, kreslil:
Digitalizoval:
Vedoucí výzkumu:
V25
(V23
196,211
S11-RV
196,48
$
Národní památkový ústav - územní odborné pracoviště v hl. m. Praze
PRAHA 2 - NOVÉ MĚSTO
Albertov 3a, ppč. 1556, 1557
S11 Půdorys: S11-P03
E. Ditmar, J Švach
E. Ditmar
PhDr. J. Podliska, Ph.D.
Měřítko:
Datum:
Výškový systém:
1:20
21.8.2015
ČSJNS/Bpv
obrazová příloha č. 34"	cs	(73, 93)	(1647, 93)	(1647, 1154)	(73, 1154)
image	0		(73, 1136)	(83, 1136)	(83, 1147)	(73, 1147)
image	1		(351, 1137)	(359, 1137)	(359, 1148)	(351, 1148)
image	m		(364, 1137)	(378, 1137)	(378, 1148)	(364, 1148)
image	S11		(452, 386)	(477, 386)	(477, 399)	(452, 399)
image	-		(479, 386)	(485, 386)	(485, 399)	(479, 399)
image	RZ		(484, 386)	(505, 386)	(505, 399)	(484, 399)
image	195,86		(445, 497)	(481, 498)	(481, 510)	(445, 509)
image	1196,20		(435, 660)	(475, 660)	(475, 669)	(435, 669)
image	V29		(465, 745)	(501, 745)	(501, 760)	(465, 760)
image	196,46		(529, 444)	(565, 445)	(565, 456)	(529, 455)
image	V24		(525, 489)	(563, 486)	(564, 504)	(526, 507)
image	výplň		(573, 485)	(603, 483)	(604, 501)	(574, 503)
image	vr		(605, 483)	(617, 482)	(618, 499)	(606, 500)
image	.		(616, 482)	(621, 482)	(622, 499)	(617, 499)
image	$		(580, 501)	(585, 501)	(585, 510)	(580, 510)
image	11-03		(587, 501)	(617, 501)	(617, 510)	(587, 510)
image	(		(511, 590)	(522, 590)	(521, 606)	(510, 606)
image	V28		(520, 590)	(557, 591)	(556, 607)	(519, 606)
image	196,42		(514, 660)	(550, 661)	(550, 672)	(514, 671)
image	V27		(577, 581)	(615, 580)	(615, 596)	(577, 597)
image	196,09		(550, 699)	(587, 700)	(587, 711)	(550, 710)
image	(		(598, 670)	(608, 670)	(608, 686)	(598, 686)
image	V22		(606, 669)	(643, 670)	(643, 687)	(606, 686)
image	)		(640, 671)	(649, 671)	(649, 687)	(640, 687)
image	spodní		(679, 413)	(715, 413)	(715, 424)	(679, 424)
image	hranice		(718, 413)	(759, 413)	(759, 424)	(718, 424)
image	sondy		(762, 413)	(794, 413)	(794, 424)	(762, 424)
image	196,42		(734, 701)	(770, 701)	(770, 710)	(734, 710)
image	horní		(869, 157)	(897, 157)	(897, 167)	(869, 167)
image	hranice		(899, 157)	(939, 158)	(939, 168)	(899, 167)
image	sondy		(942, 157)	(975, 157)	(975, 168)	(942, 168)
image	S11		(976, 457)	(1001, 457)	(1001, 469)	(976, 469)
image	-		(1003, 457)	(1009, 457)	(1009, 469)	(1003, 469)
image	RS		(1009, 457)	(1032, 457)	(1032, 469)	(1009, 469)
image	povrch		(902, 545)	(936, 545)	(936, 556)	(902, 556)
image	vr		(940, 545)	(950, 545)	(950, 555)	(940, 555)
image	.		(950, 545)	(952, 545)	(952, 555)	(950, 555)
image	S11-24		(958, 545)	(995, 545)	(995, 555)	(958, 555)
image	196,45		(927, 606)	(962, 606)	(962, 615)	(927, 615)
image	S11		(998, 693)	(1023, 692)	(1023, 706)	(998, 707)
image	-		(1023, 693)	(1029, 693)	(1029, 706)	(1023, 706)
image	RJ		(1029, 692)	(1049, 691)	(1049, 705)	(1029, 706)
image	196,50		(1104, 459)	(1140, 459)	(1140, 469)	(1104, 469)
image	(		(1128, 478)	(1139, 478)	(1139, 494)	(1128, 494)
image	V26		(1137, 478)	(1172, 478)	(1172, 494)	(1137, 494)
image	196,11		(1198, 421)	(1233, 421)	(1233, 431)	(1198, 431)
image	2015/21		(1141, 1005)	(1224, 1004)	(1224, 1022)	(1141, 1023)
image	Sonda		(1140, 1048)	(1202, 1048)	(1202, 1064)	(1140, 1064)
image	Měřil		(1137, 1075)	(1162, 1075)	(1162, 1084)	(1137, 1084)
image	,		(1163, 1075)	(1166, 1075)	(1166, 1084)	(1163, 1084)
image	kreslil		(1168, 1075)	(1199, 1075)	(1199, 1084)	(1168, 1084)
image	:		(1200, 1075)	(1203, 1075)	(1203, 1084)	(1200, 1084)
image	Digitalizoval		(1136, 1097)	(1200, 1097)	(1200, 1109)	(1136, 1109)
image	:		(1201, 1097)	(1204, 1097)	(1204, 1109)	(1201, 1109)
image	Vedoucí		(1137, 1117)	(1182, 1118)	(1182, 1129)	(1137, 1128)
image	výzkumu		(1184, 1118)	(1231, 1119)	(1231, 1130)	(1184, 1129)
image	:		(1231, 1119)	(1235, 1119)	(1235, 1129)	(1231, 1129)
image	V25		(1301, 477)	(1338, 477)	(1338, 493)	(1301, 493)
image	(		(1319, 591)	(1332, 591)	(1331, 608)	(1318, 608)
image	V23		(1328, 591)	(1365, 592)	(1364, 609)	(1327, 608)
image	196,211		(1359, 459)	(1403, 458)	(1403, 469)	(1359, 470)
image	S11		(1333, 664)	(1358, 664)	(1358, 676)	(1333, 676)
image	-		(1360, 664)	(1366, 664)	(1366, 676)	(1360, 676)
image	RV		(1366, 664)	(1389, 664)	(1389, 676)	(1366, 676)
image	196,48		(1317, 700)	(1354, 700)	(1354, 709)	(1317, 709)
image	$		(1392, 93)	(1408, 93)	(1408, 109)	(1392, 109)
image	Národní		(1248, 993)	(1292, 993)	(1292, 1004)	(1248, 1004)
image	památkový		(1294, 993)	(1352, 993)	(1352, 1004)	(1294, 1004)
image	ústav		(1356, 993)	(1384, 993)	(1384, 1004)	(1356, 1004)
image	-		(1388, 993)	(1392, 993)	(1392, 1004)	(1388, 1004)
image	územní		(1395, 993)	(1434, 993)	(1434, 1004)	(1395, 1004)
image	odborné		(1438, 993)	(1482, 993)	(1482, 1004)	(1438, 1004)
image	pracoviště		(1485, 993)	(1539, 993)	(1539, 1004)	(1485, 1004)
image	v		(1544, 993)	(1550, 993)	(1550, 1004)	(1544, 1004)
image	hl		(1553, 993)	(1562, 993)	(1562, 1004)	(1553, 1004)
image	.		(1562, 993)	(1565, 993)	(1565, 1004)	(1562, 1004)
image	m		(1569, 993)	(1577, 993)	(1577, 1004)	(1569, 1004)
image	.		(1579, 993)	(1581, 993)	(1581, 1004)	(1579, 1004)
image	Praze		(1586, 993)	(1618, 993)	(1618, 1004)	(1586, 1004)
image	PRAHA		(1350, 1008)	(1397, 1008)	(1397, 1021)	(1350, 1021)
image	2		(1400, 1008)	(1408, 1008)	(1408, 1020)	(1400, 1020)
image	-		(1410, 1008)	(1416, 1008)	(1416, 1020)	(1410, 1020)
image	NOVÉ		(1420, 1008)	(1460, 1008)	(1460, 1020)	(1420, 1020)
image	MĚSTO		(1464, 1007)	(1513, 1007)	(1513, 1019)	(1464, 1019)
image	Albertov		(1342, 1025)	(1393, 1025)	(1393, 1038)	(1342, 1038)
image	3a		(1398, 1025)	(1413, 1025)	(1413, 1038)	(1398, 1038)
image	,		(1414, 1025)	(1417, 1025)	(1417, 1038)	(1414, 1038)
image	ppč		(1421, 1025)	(1444, 1025)	(1444, 1038)	(1421, 1038)
image	.		(1444, 1025)	(1447, 1025)	(1447, 1038)	(1444, 1038)
image	1556		(1452, 1025)	(1482, 1025)	(1482, 1038)	(1452, 1038)
image	,		(1483, 1025)	(1486, 1025)	(1486, 1038)	(1483, 1038)
image	1557		(1491, 1025)	(1522, 1025)	(1522, 1038)	(1491, 1038)
image	S11		(1397, 1048)	(1430, 1048)	(1430, 1066)	(1397, 1066)
image	Půdorys		(1447, 1048)	(1528, 1048)	(1528, 1066)	(1447, 1066)
image	:		(1528, 1048)	(1534, 1048)	(1534, 1066)	(1528, 1066)
image	S11		(1544, 1048)	(1577, 1048)	(1577, 1066)	(1544, 1066)
image	-		(1578, 1048)	(1585, 1048)	(1585, 1066)	(1578, 1066)
image	P03		(1585, 1048)	(1622, 1048)	(1622, 1066)	(1585, 1066)
image	E.		(1330, 1073)	(1342, 1073)	(1342, 1084)	(1330, 1084)
image	Ditmar		(1345, 1073)	(1381, 1073)	(1381, 1084)	(1345, 1084)
image	,		(1380, 1073)	(1383, 1073)	(1383, 1084)	(1380, 1084)
image	J		(1386, 1073)	(1392, 1073)	(1392, 1084)	(1386, 1084)
image	Švach		(1396, 1073)	(1428, 1073)	(1428, 1084)	(1396, 1084)
image	E.		(1381, 1097)	(1393, 1097)	(1393, 1105)	(1381, 1105)
image	Ditmar		(1395, 1096)	(1432, 1097)	(1432, 1106)	(1395, 1105)
image	PhDr		(1305, 1119)	(1332, 1119)	(1332, 1129)	(1305, 1129)
image	.		(1332, 1119)	(1335, 1119)	(1335, 1129)	(1332, 1129)
image	J.		(1338, 1119)	(1348, 1119)	(1348, 1129)	(1338, 1129)
image	Podliska		(1350, 1119)	(1395, 1119)	(1395, 1129)	(1350, 1129)
image	,		(1397, 1119)	(1399, 1119)	(1399, 1129)	(1397, 1129)
image	Ph.D.		(1403, 1119)	(1433, 1119)	(1433, 1129)	(1403, 1129)
image	Měřítko		(1447, 1074)	(1486, 1074)	(1486, 1083)	(1447, 1083)
image	:		(1486, 1074)	(1490, 1074)	(1490, 1083)	(1486, 1083)
image	Datum		(1447, 1098)	(1481, 1098)	(1481, 1107)	(1447, 1107)
image	:		(1482, 1098)	(1486, 1098)	(1486, 1107)	(1482, 1107)
image	Výškový		(1447, 1119)	(1492, 1118)	(1492, 1131)	(1447, 1132)
image	systém		(1495, 1119)	(1532, 1119)	(1532, 1131)	(1495, 1131)
image	:		(1533, 1119)	(1537, 1119)	(1537, 1131)	(1533, 1131)
image	1:20		(1597, 1075)	(1620, 1075)	(1620, 1084)	(1597, 1084)
image	21.8.2015		(1568, 1097)	(1621, 1096)	(1621, 1106)	(1568, 1107)
image	ČSJNS		(1557, 1118)	(1596, 1118)	(1596, 1130)	(1557, 1130)
image	/		(1596, 1118)	(1601, 1118)	(1601, 1130)	(1596, 1130)
image	Bpv		(1599, 1118)	(1621, 1118)	(1621, 1130)	(1599, 1130)
image	obrazová		(1646, 1030)	(1646, 1079)	(1634, 1079)	(1634, 1030)
image	příloha		(1646, 1081)	(1646, 1119)	(1634, 1119)	(1634, 1081)
image	č		(1646, 1122)	(1646, 1129)	(1634, 1129)	(1634, 1122)
image	.		(1646, 1128)	(1646, 1132)	(1634, 1132)	(1634, 1128)
image	34		(1646, 1137)	(1646, 1154)	(1634, 1154)	(1634, 1137)
