IMAGE_NAME	DESCRIPTION	LANGUAGE	BBOX_1	BBOX_2	BBOX_3	BBOX_4
image	"C2
D2
200,27
200,19
C2004
199,68
199,69
200,23
C2001
200,08
200,13
200,10
C3
D3
0
1
Plán č.:
12
Záchranný archeologický výzkum
Praha - Bubeneč, Juarézova ulice, ppč. 1254
Zkoumal: Archeo Pro o.p.s. sektor č.:
Měřil:
M. Pařez
sonda č.: C2
objekt č.:
Kreslil: L. Drápela
Zpracoval: Archeo Pro o.p.s.
Poznámka:
Výzkum č.:
27/12 AP
polohopis
2
Měřítko:
1:20
Datum:
06/2012
Souřadnicový systém: S-JTSK
ČSJNS/Bpv
Výškový systém:"	cs	(554, 133)	(2317, 133)	(2317, 1635)	(554, 1635)
image	C2		(561, 133)	(600, 133)	(600, 156)	(561, 156)
image	D2		(554, 1317)	(595, 1317)	(595, 1338)	(554, 1338)
image	200,27		(696, 280)	(748, 280)	(748, 297)	(696, 297)
image	200,19		(739, 578)	(791, 577)	(791, 593)	(739, 594)
image	C2004		(720, 814)	(794, 814)	(794, 834)	(720, 834)
image	199,68		(872, 390)	(923, 390)	(923, 406)	(872, 406)
image	199,69		(1011, 577)	(1062, 576)	(1062, 592)	(1011, 593)
image	200,23		(977, 875)	(1030, 875)	(1030, 891)	(977, 891)
image	C2001		(1134, 1048)	(1206, 1047)	(1206, 1066)	(1134, 1067)
image	200,08		(1420, 1103)	(1475, 1103)	(1475, 1118)	(1420, 1118)
image	200,13		(1550, 190)	(1601, 189)	(1601, 204)	(1550, 205)
image	200,10		(1537, 535)	(1588, 534)	(1588, 551)	(1537, 552)
image	C3		(1718, 133)	(1757, 133)	(1757, 157)	(1718, 157)
image	D3		(1721, 1318)	(1758, 1318)	(1758, 1341)	(1721, 1341)
image	0		(1737, 1387)	(1751, 1387)	(1751, 1406)	(1737, 1406)
image	1		(2021, 1386)	(2033, 1386)	(2033, 1406)	(2021, 1406)
image	Plán		(1746, 1440)	(1769, 1441)	(1769, 1452)	(1746, 1451)
image	č		(1771, 1440)	(1778, 1440)	(1778, 1451)	(1771, 1451)
image	.:		(1775, 1440)	(1784, 1440)	(1784, 1451)	(1775, 1451)
image	12		(1760, 1461)	(1780, 1461)	(1780, 1472)	(1760, 1472)
image	Záchranný		(1809, 1442)	(1863, 1442)	(1863, 1454)	(1809, 1454)
image	archeologický		(1870, 1442)	(1939, 1442)	(1939, 1454)	(1870, 1454)
image	výzkum		(1942, 1442)	(1979, 1442)	(1979, 1454)	(1942, 1454)
image	Praha		(1810, 1460)	(1857, 1460)	(1857, 1479)	(1810, 1479)
image	-		(1861, 1460)	(1868, 1460)	(1868, 1479)	(1861, 1479)
image	Bubeneč		(1872, 1460)	(1942, 1460)	(1942, 1479)	(1872, 1479)
image	,		(1944, 1460)	(1947, 1460)	(1947, 1479)	(1944, 1479)
image	Juarézova		(1952, 1460)	(2033, 1460)	(2033, 1479)	(1952, 1479)
image	ulice		(2040, 1460)	(2075, 1460)	(2075, 1479)	(2040, 1479)
image	,		(2076, 1460)	(2080, 1460)	(2080, 1479)	(2076, 1479)
image	ppč		(2085, 1460)	(2114, 1460)	(2114, 1479)	(2085, 1479)
image	.		(2115, 1460)	(2119, 1460)	(2119, 1479)	(2115, 1479)
image	1254		(2124, 1460)	(2162, 1460)	(2162, 1479)	(2124, 1479)
image	Zkoumal		(1752, 1489)	(1796, 1490)	(1796, 1506)	(1752, 1505)
image	:		(1796, 1490)	(1800, 1490)	(1800, 1505)	(1796, 1505)
image	Archeo		(1805, 1490)	(1864, 1491)	(1864, 1507)	(1805, 1506)
image	Pro		(1870, 1491)	(1898, 1491)	(1898, 1506)	(1870, 1506)
image	o.p.s.		(1904, 1491)	(1953, 1492)	(1953, 1508)	(1904, 1507)
image	sektor		(1964, 1488)	(1996, 1488)	(1996, 1499)	(1964, 1499)
image	č		(1997, 1488)	(2004, 1488)	(2004, 1499)	(1997, 1499)
image	.:		(2002, 1488)	(2011, 1488)	(2011, 1499)	(2002, 1499)
image	Měřil		(1753, 1516)	(1779, 1519)	(1777, 1532)	(1751, 1529)
image	:		(1777, 1519)	(1781, 1519)	(1780, 1531)	(1776, 1531)
image	M.		(1799, 1517)	(1822, 1517)	(1822, 1530)	(1799, 1530)
image	Pařez		(1828, 1517)	(1872, 1517)	(1872, 1530)	(1828, 1530)
image	sonda		(1964, 1514)	(1995, 1514)	(1995, 1525)	(1964, 1525)
image	č		(1997, 1514)	(2003, 1514)	(2003, 1525)	(1997, 1525)
image	.:		(2004, 1514)	(2011, 1514)	(2011, 1525)	(2004, 1525)
image	C2		(2018, 1514)	(2038, 1514)	(2038, 1525)	(2018, 1525)
image	objekt		(1964, 1541)	(1995, 1540)	(1995, 1553)	(1964, 1554)
image	č		(1997, 1540)	(2003, 1540)	(2003, 1552)	(1997, 1552)
image	.:		(2003, 1540)	(2009, 1540)	(2009, 1552)	(2003, 1552)
image	Kreslil		(1752, 1544)	(1784, 1544)	(1784, 1557)	(1752, 1557)
image	:		(1783, 1544)	(1788, 1544)	(1788, 1557)	(1783, 1557)
image	L.		(1800, 1544)	(1814, 1544)	(1814, 1557)	(1800, 1557)
image	Drápela		(1820, 1544)	(1882, 1544)	(1882, 1557)	(1820, 1557)
image	Zpracoval		(1752, 1566)	(1803, 1567)	(1803, 1583)	(1752, 1582)
image	:		(1802, 1567)	(1807, 1567)	(1807, 1582)	(1802, 1582)
image	Archeo		(1807, 1567)	(1865, 1568)	(1865, 1584)	(1807, 1583)
image	Pro		(1871, 1568)	(1899, 1568)	(1899, 1584)	(1871, 1584)
image	o.p.s.		(1906, 1568)	(1955, 1569)	(1955, 1585)	(1906, 1584)
image	Poznámka		(1753, 1594)	(1806, 1595)	(1806, 1606)	(1753, 1605)
image	:		(1806, 1596)	(1810, 1596)	(1810, 1606)	(1806, 1606)
image	Výzkum		(2198, 1440)	(2238, 1439)	(2238, 1452)	(2198, 1453)
image	č		(2241, 1440)	(2247, 1440)	(2247, 1452)	(2241, 1452)
image	.:		(2245, 1440)	(2253, 1440)	(2253, 1452)	(2245, 1452)
image	27/12		(2205, 1462)	(2269, 1462)	(2269, 1478)	(2205, 1478)
image	AP		(2278, 1462)	(2304, 1462)	(2304, 1478)	(2278, 1478)
image	polohopis		(2167, 1492)	(2233, 1491)	(2233, 1505)	(2167, 1506)
image	2		(2302, 1387)	(2317, 1388)	(2316, 1407)	(2301, 1406)
image	Měřítko		(2104, 1547)	(2141, 1547)	(2141, 1557)	(2104, 1557)
image	:		(2141, 1547)	(2145, 1547)	(2145, 1557)	(2141, 1557)
image	1:20		(2184, 1544)	(2220, 1544)	(2220, 1555)	(2184, 1555)
image	Datum		(2104, 1572)	(2137, 1572)	(2137, 1583)	(2104, 1583)
image	:		(2137, 1572)	(2142, 1572)	(2142, 1583)	(2137, 1583)
image	06/2012		(2180, 1569)	(2247, 1569)	(2247, 1581)	(2180, 1581)
image	Souřadnicový		(2103, 1596)	(2174, 1596)	(2174, 1608)	(2103, 1608)
image	systém		(2176, 1596)	(2211, 1596)	(2211, 1608)	(2176, 1608)
image	:		(2211, 1596)	(2215, 1596)	(2215, 1608)	(2211, 1608)
image	S		(2229, 1596)	(2239, 1596)	(2239, 1608)	(2229, 1608)
image	-		(2240, 1596)	(2245, 1596)	(2245, 1608)	(2240, 1608)
image	JTSK		(2245, 1596)	(2281, 1596)	(2281, 1608)	(2245, 1608)
image	ČSJNS		(2210, 1617)	(2259, 1618)	(2259, 1635)	(2210, 1634)
image	/		(2258, 1618)	(2264, 1618)	(2264, 1634)	(2258, 1634)
image	Bpv		(2263, 1618)	(2290, 1618)	(2290, 1635)	(2263, 1635)
image	Výškový		(2103, 1621)	(2147, 1621)	(2147, 1632)	(2103, 1632)
image	systém		(2150, 1621)	(2185, 1621)	(2185, 1632)	(2150, 1632)
image	:		(2185, 1621)	(2189, 1621)	(2189, 1632)	(2185, 1632)
