IMAGE_NAME	DESCRIPTION	LANGUAGE	BBOX_1	BBOX_2	BBOX_3	BBOX_4
image	"Čáslav - Skála 2003
poč| KONTEXT ČÁST VRSTV
512 SZ sondy
513 SZ sondy
514 SZ sondy
515
516 4000,0247 V
0
PŘIR_Č
A
halda povrch 511/03
halda
halda
halda
povrch 512/03
povrch 513/03
povrch 514/03
0-10 515/03
517 4000,0247 V
1
518 4000,0248 V
0
519 4000,0248 V
2
520 4000,0248 V
1
521 4000,0248 V
8
522 4000,0249 V
2
523 5000,0250 V
3
524 5000,0251 V
4
525 5000,0251 V
8
526 6000,0252 V
5
527 6000,0252 V
9
528 7000,0253 V
2
529 7000,0253 V
5
530 7000,0253 V
9
531 7000,0254 V
0
532 7000,0254 V
1
533 7000,0254 V
2
0-5
0-5
0-5
0-5
0-5
0-5
0-5
0-5
0-5
516/03
0-5
517/03
0-5
518/03
0-5
519/03
0-5 524/03
0-5
520/03
0-20 525/03
521/03
0-20 526/03
522/03
0-5 527/03
523/03
528/03
529/03
530/03
531/03
532/03
K_ATY K ZD K_PRK_N
P
OB
OF
35
53
23
116
2
1
0
1
1
0
1
1
1
0
0
1
3
1
1
0
1
1
1
2
0 6
x
8
0
0
to
0
0
0
0
0
0
0
0
0
0
základní zpracování
0
0
0
6
0
4
22
0 0
0
0
1
0 1
0
0
TH
1
1
0
1
0
0
0
0
0
Pl
0
0
AD
0
0
0
0
C
0
0
0
0
0
0
0
0
0
0
0
0
0
0
0
0
To
0
0
K_SU BI ŠI
ΜΑ
42
59
29
146
2
1
1
1
1
1
2
1
1
1
1
1
3
1
1
0
0
0
1
0
C
0
0
0
0
0
0
0
0
0
0
0
0
0
0
0
0
0
1 0
0
0
0
0
0
0
0
0
0
0
0
0
0
0
0
0
0
0
0
0
0
0
0
mlýn
OOO C
0 0
0 0
0
0 0
To
0
0
0
0
0
0
0
0
0
0
0
0
0
0
0
BR
0
OC
0
0
c
0
0
0
0
0
0
0
0
0
0
0
0
0
0
0
0
0
0
c
KA
0
65
1
0
0
0
0
0
0
0
0
0
0
0
0
0
0
0
0
0
0
0 0
0
ΜΑ KO
0
230
0
92
0
0
0
0
0
0
0
0
0
0
0
0
1
0
0
2
0
0
16 ne
4
0
35
4
0
To
0
0
0
0
0
0
0
0
0
0
0
0
0
0
0
U
0
ne
ne
ne
B
ne
ne
ne
ne
ne
ne
ne 0
ne
ne
ne
ne
ne
ne
ne
ne
ne
2
ne
KI
ne
0
0
0
0
0
0
0
0
0
0
0
0
0
0
0
0
0
0
0
0
0
Dto bron
z
0
0
0
0
0
0
0
0
0
to
0
0
9
0
0
to
0
0
0
0
to
0
0
0
0 0
0
0 0
0
To
0
0
0
0
0
To
0 0
0
0
0
0
0
0
To
0
to
0
0
Fe Str
0
Oc
0
0
0
0
0
0
0
0
0
0
0
0
0
0
0
0
0
0
0
0
0
0
0
0
0
0
0
0
5
0
0
0
0
0
0
0
0
0
c
0
0
0
0
0
jiné
BR,HA,int.VS, NV
BR,HA,intr.NV
BR střed./ml.
BR, intr.NV
PRA
NV
NV
PRA
PRA
PRA
PRA
PRA
NV
PRA
PRA
PRA
PRA
NV
PRA
PRA
DATACE
PRA
poznámka
nád.na nožce
tuha-ker.
kolečko
tuha-ker."	und	(57, 73)	(1491, 73)	(1491, 1166)	(57, 1166)
image	Čáslav		(57, 73)	(113, 74)	(113, 92)	(57, 91)
image	-		(117, 74)	(128, 74)	(128, 91)	(117, 91)
image	Skála		(134, 74)	(180, 75)	(180, 93)	(134, 92)
image	2003		(185, 75)	(230, 76)	(230, 94)	(185, 93)
image	poč		(61, 178)	(85, 178)	(85, 191)	(61, 191)
image	|		(86, 178)	(92, 178)	(92, 190)	(86, 190)
image	KONTEXT		(98, 178)	(161, 178)	(161, 190)	(98, 190)
image	ČÁST		(182, 175)	(215, 175)	(215, 189)	(182, 189)
image	VRSTV		(233, 178)	(275, 178)	(275, 189)	(233, 189)
image	512		(62, 219)	(85, 219)	(85, 232)	(62, 232)
image	SZ		(93, 219)	(109, 219)	(109, 232)	(93, 232)
image	sondy		(112, 219)	(152, 219)	(152, 232)	(112, 232)
image	513		(61, 249)	(86, 249)	(86, 262)	(61, 262)
image	SZ		(93, 249)	(110, 249)	(110, 262)	(93, 262)
image	sondy		(112, 249)	(152, 249)	(152, 262)	(112, 262)
image	514		(62, 281)	(87, 281)	(87, 294)	(62, 294)
image	SZ		(94, 281)	(110, 281)	(110, 294)	(94, 294)
image	sondy		(112, 281)	(152, 281)	(152, 294)	(112, 294)
image	515		(61, 313)	(86, 313)	(86, 324)	(61, 324)
image	516		(62, 345)	(85, 345)	(85, 357)	(62, 357)
image	4000,0247		(94, 345)	(164, 345)	(164, 357)	(94, 357)
image	V		(173, 345)	(184, 345)	(184, 357)	(173, 357)
image	0		(94, 365)	(103, 365)	(103, 376)	(94, 376)
image	PŘIR_Č		(303, 174)	(349, 175)	(349, 191)	(303, 190)
image	A		(249, 199)	(261, 199)	(261, 210)	(249, 210)
image	halda		(174, 218)	(210, 218)	(210, 230)	(174, 230)
image	povrch		(231, 219)	(275, 218)	(275, 232)	(231, 233)
image	511/03		(286, 218)	(334, 217)	(334, 231)	(286, 232)
image	halda		(174, 250)	(210, 250)	(210, 262)	(174, 262)
image	halda		(174, 281)	(209, 281)	(209, 293)	(174, 293)
image	halda		(174, 312)	(209, 312)	(209, 324)	(174, 324)
image	povrch		(231, 249)	(274, 249)	(274, 263)	(231, 263)
image	512/03		(286, 249)	(334, 249)	(334, 262)	(286, 262)
image	povrch		(231, 282)	(276, 282)	(276, 296)	(231, 296)
image	513/03		(287, 282)	(334, 282)	(334, 296)	(287, 296)
image	povrch		(231, 313)	(276, 313)	(276, 326)	(231, 326)
image	514/03		(287, 313)	(334, 313)	(334, 326)	(287, 326)
image	0-10		(231, 345)	(268, 345)	(268, 356)	(231, 356)
image	515/03		(286, 344)	(335, 344)	(335, 357)	(286, 357)
image	517		(62, 386)	(85, 386)	(85, 399)	(62, 399)
image	4000,0247		(92, 386)	(164, 386)	(164, 398)	(92, 398)
image	V		(172, 386)	(184, 386)	(184, 398)	(172, 398)
image	1		(94, 406)	(104, 406)	(104, 417)	(94, 417)
image	518		(61, 426)	(85, 426)	(85, 438)	(61, 438)
image	4000,0248		(94, 426)	(163, 426)	(163, 438)	(94, 438)
image	V		(172, 426)	(183, 426)	(183, 438)	(172, 438)
image	0		(94, 447)	(103, 447)	(103, 458)	(94, 458)
image	519		(62, 467)	(86, 467)	(86, 479)	(62, 479)
image	4000,0248		(93, 467)	(165, 467)	(165, 479)	(93, 479)
image	V		(181, 468)	(192, 468)	(192, 478)	(181, 478)
image	2		(93, 486)	(103, 486)	(103, 497)	(93, 497)
image	520		(61, 507)	(87, 507)	(87, 519)	(61, 519)
image	4000,0248		(93, 507)	(165, 507)	(165, 519)	(93, 519)
image	V		(173, 507)	(184, 507)	(184, 519)	(173, 519)
image	1		(94, 527)	(103, 527)	(103, 538)	(94, 538)
image	521		(61, 548)	(86, 548)	(86, 560)	(61, 560)
image	4000,0248		(93, 548)	(164, 548)	(164, 560)	(93, 560)
image	V		(173, 548)	(185, 548)	(185, 560)	(173, 560)
image	8		(93, 567)	(103, 567)	(103, 578)	(93, 578)
image	522		(61, 587)	(85, 587)	(85, 600)	(61, 600)
image	4000,0249		(93, 587)	(163, 587)	(163, 599)	(93, 599)
image	V		(172, 587)	(183, 587)	(183, 599)	(172, 599)
image	2		(93, 608)	(104, 608)	(104, 620)	(93, 620)
image	523		(62, 629)	(86, 629)	(86, 642)	(62, 642)
image	5000,0250		(94, 629)	(164, 629)	(164, 642)	(94, 642)
image	V		(173, 629)	(184, 629)	(184, 642)	(173, 642)
image	3		(94, 648)	(103, 648)	(103, 660)	(94, 660)
image	524		(62, 670)	(86, 670)	(86, 683)	(62, 683)
image	5000,0251		(94, 670)	(162, 670)	(162, 683)	(94, 683)
image	V		(173, 670)	(185, 670)	(185, 683)	(173, 683)
image	4		(93, 690)	(101, 690)	(101, 700)	(93, 700)
image	525		(61, 710)	(86, 710)	(86, 723)	(61, 723)
image	5000,0251		(93, 710)	(164, 711)	(164, 724)	(93, 723)
image	V		(173, 710)	(184, 710)	(184, 723)	(173, 723)
image	8		(93, 730)	(104, 730)	(104, 741)	(93, 741)
image	526		(61, 751)	(86, 751)	(86, 763)	(61, 763)
image	6000,0252		(94, 751)	(164, 751)	(164, 763)	(94, 763)
image	V		(173, 751)	(185, 751)	(185, 763)	(173, 763)
image	5		(93, 770)	(103, 770)	(103, 781)	(93, 781)
image	527		(62, 790)	(85, 790)	(85, 803)	(62, 803)
image	6000,0252		(93, 790)	(162, 790)	(162, 802)	(93, 802)
image	V		(172, 790)	(183, 790)	(183, 802)	(172, 802)
image	9		(94, 811)	(103, 811)	(103, 822)	(94, 822)
image	528		(62, 832)	(87, 832)	(87, 844)	(62, 844)
image	7000,0253		(95, 832)	(165, 832)	(165, 844)	(95, 844)
image	V		(173, 832)	(185, 832)	(185, 844)	(173, 844)
image	2		(93, 851)	(103, 851)	(103, 862)	(93, 862)
image	529		(61, 871)	(85, 871)	(85, 885)	(61, 885)
image	7000,0253		(93, 871)	(163, 871)	(163, 884)	(93, 884)
image	V		(172, 871)	(183, 871)	(183, 884)	(172, 884)
image	5		(93, 892)	(104, 892)	(104, 904)	(93, 904)
image	530		(62, 913)	(87, 913)	(87, 925)	(62, 925)
image	7000,0253		(94, 913)	(164, 913)	(164, 925)	(94, 925)
image	V		(173, 913)	(184, 913)	(184, 925)	(173, 925)
image	9		(93, 933)	(102, 933)	(102, 944)	(93, 944)
image	531		(62, 954)	(86, 954)	(86, 966)	(62, 966)
image	7000,0254		(94, 954)	(164, 954)	(164, 966)	(94, 966)
image	V		(172, 954)	(184, 954)	(184, 966)	(172, 966)
image	0		(94, 973)	(103, 973)	(103, 984)	(94, 984)
image	532		(62, 994)	(87, 994)	(87, 1007)	(62, 1007)
image	7000,0254		(94, 994)	(164, 994)	(164, 1007)	(94, 1007)
image	V		(173, 994)	(184, 994)	(184, 1007)	(173, 1007)
image	1		(94, 1014)	(103, 1014)	(103, 1025)	(94, 1025)
image	533		(61, 1033)	(85, 1033)	(85, 1047)	(61, 1047)
image	7000,0254		(93, 1033)	(163, 1033)	(163, 1046)	(93, 1046)
image	V		(172, 1033)	(183, 1033)	(183, 1046)	(172, 1046)
image	2		(93, 1054)	(104, 1054)	(104, 1066)	(93, 1066)
image	0-5		(230, 385)	(259, 384)	(259, 397)	(230, 398)
image	0-5		(230, 426)	(260, 426)	(260, 438)	(230, 438)
image	0-5		(230, 467)	(258, 467)	(258, 477)	(230, 477)
image	0-5		(230, 507)	(260, 507)	(260, 518)	(230, 518)
image	0-5		(230, 548)	(259, 548)	(259, 558)	(230, 558)
image	0-5		(230, 588)	(260, 588)	(260, 600)	(230, 600)
image	0-5		(230, 629)	(259, 629)	(259, 639)	(230, 639)
image	0-5		(231, 668)	(261, 670)	(260, 683)	(230, 681)
image	0-5		(230, 872)	(260, 872)	(260, 883)	(230, 883)
image	516/03		(287, 385)	(335, 386)	(335, 400)	(287, 399)
image	0-5		(230, 913)	(259, 913)	(259, 923)	(230, 923)
image	517/03		(287, 427)	(334, 427)	(334, 439)	(287, 439)
image	0-5		(230, 954)	(260, 954)	(260, 964)	(230, 964)
image	518/03		(286, 467)	(335, 467)	(335, 479)	(286, 479)
image	0-5		(230, 994)	(260, 994)	(260, 1005)	(230, 1005)
image	519/03		(287, 506)	(335, 506)	(335, 519)	(287, 519)
image	0-5		(230, 710)	(260, 710)	(260, 722)	(230, 722)
image	524/03		(287, 711)	(335, 711)	(335, 723)	(287, 723)
image	0-5		(230, 1035)	(260, 1035)	(260, 1045)	(230, 1045)
image	520/03		(286, 548)	(335, 548)	(335, 560)	(286, 560)
image	0-20		(230, 751)	(267, 751)	(267, 761)	(230, 761)
image	525/03		(286, 751)	(335, 751)	(335, 763)	(286, 763)
image	521/03		(287, 588)	(334, 588)	(334, 600)	(287, 600)
image	0-20		(230, 791)	(268, 791)	(268, 801)	(230, 801)
image	526/03		(287, 789)	(334, 790)	(334, 803)	(287, 802)
image	522/03		(287, 628)	(335, 629)	(335, 642)	(287, 641)
image	0-5		(231, 832)	(258, 832)	(258, 842)	(231, 842)
image	527/03		(287, 832)	(334, 832)	(334, 844)	(287, 844)
image	523/03		(287, 669)	(335, 670)	(335, 684)	(287, 683)
image	528/03		(287, 872)	(334, 872)	(334, 884)	(287, 884)
image	529/03		(287, 913)	(335, 914)	(335, 926)	(287, 925)
image	530/03		(286, 953)	(335, 953)	(335, 966)	(286, 966)
image	531/03		(287, 995)	(335, 995)	(335, 1007)	(287, 1007)
image	532/03		(286, 1034)	(335, 1034)	(335, 1047)	(286, 1047)
image	K_ATY		(376, 178)	(420, 178)	(420, 191)	(376, 191)
image	K		(429, 178)	(439, 178)	(439, 191)	(429, 191)
image	ZD		(445, 178)	(463, 178)	(463, 191)	(445, 191)
image	K_PRK_N		(472, 178)	(545, 178)	(545, 191)	(472, 191)
image	P		(392, 199)	(402, 199)	(402, 209)	(392, 209)
image	OB		(437, 198)	(457, 198)	(457, 209)	(437, 209)
image	OF		(480, 198)	(498, 198)	(498, 209)	(480, 209)
image	35		(405, 220)	(422, 220)	(422, 231)	(405, 231)
image	53		(405, 250)	(421, 250)	(421, 261)	(405, 261)
image	23		(404, 282)	(421, 282)	(421, 293)	(404, 293)
image	116		(397, 313)	(421, 313)	(421, 324)	(397, 324)
image	2		(412, 345)	(423, 345)	(423, 356)	(412, 356)
image	1		(413, 386)	(422, 386)	(422, 398)	(413, 398)
image	0		(413, 426)	(422, 426)	(422, 437)	(413, 437)
image	1		(412, 467)	(422, 467)	(422, 478)	(412, 478)
image	1		(413, 507)	(422, 507)	(422, 518)	(413, 518)
image	0		(412, 548)	(422, 548)	(422, 558)	(412, 558)
image	1		(413, 589)	(422, 589)	(422, 600)	(413, 600)
image	1		(413, 629)	(422, 629)	(422, 640)	(413, 640)
image	1		(413, 670)	(423, 670)	(423, 682)	(413, 682)
image	0		(412, 710)	(422, 710)	(422, 721)	(412, 721)
image	0		(413, 751)	(422, 751)	(422, 762)	(413, 762)
image	1		(413, 790)	(423, 790)	(423, 802)	(413, 802)
image	3		(412, 832)	(422, 832)	(422, 843)	(412, 843)
image	1		(413, 873)	(422, 873)	(422, 884)	(413, 884)
image	1		(413, 912)	(422, 912)	(422, 923)	(413, 923)
image	0		(412, 954)	(421, 954)	(421, 965)	(412, 965)
image	1		(413, 994)	(423, 994)	(423, 1005)	(413, 1005)
image	1		(413, 1035)	(422, 1035)	(422, 1046)	(413, 1046)
image	1		(455, 218)	(465, 218)	(465, 230)	(455, 230)
image	2		(455, 250)	(465, 250)	(465, 261)	(455, 261)
image	0		(455, 282)	(464, 282)	(464, 293)	(455, 293)
image	6		(497, 282)	(505, 282)	(505, 293)	(497, 293)
image	x		(464, 312)	(464, 322)	(457, 322)	(457, 312)
image	8		(455, 314)	(466, 314)	(466, 324)	(455, 324)
image	0		(455, 346)	(463, 346)	(463, 357)	(455, 357)
image	0		(455, 386)	(464, 386)	(464, 397)	(455, 397)
image	to		(469, 416)	(469, 439)	(455, 439)	(455, 416)
image	0		(455, 426)	(464, 426)	(464, 437)	(455, 437)
image	0		(455, 468)	(463, 468)	(463, 479)	(455, 479)
image	0		(455, 508)	(463, 508)	(463, 519)	(455, 519)
image	0		(455, 549)	(463, 549)	(463, 560)	(455, 560)
image	0		(455, 589)	(463, 589)	(463, 599)	(455, 599)
image	0		(455, 670)	(464, 670)	(464, 681)	(455, 681)
image	0		(455, 751)	(464, 751)	(464, 762)	(455, 762)
image	0		(455, 790)	(465, 790)	(465, 801)	(455, 801)
image	0		(455, 833)	(464, 833)	(464, 844)	(455, 844)
image	0		(455, 872)	(464, 872)	(464, 883)	(455, 883)
image	základní		(470, 74)	(545, 75)	(545, 94)	(470, 93)
image	zpracování		(548, 75)	(646, 76)	(646, 95)	(548, 94)
image	0		(455, 914)	(464, 914)	(464, 924)	(455, 924)
image	0		(455, 954)	(464, 954)	(464, 965)	(455, 965)
image	0		(455, 995)	(464, 995)	(464, 1005)	(455, 1005)
image	6		(498, 219)	(507, 219)	(507, 229)	(498, 229)
image	0		(455, 1034)	(465, 1034)	(465, 1045)	(455, 1045)
image	4		(497, 250)	(505, 250)	(505, 260)	(497, 260)
image	22		(489, 314)	(507, 314)	(507, 324)	(489, 324)
image	0		(455, 629)	(464, 629)	(464, 640)	(455, 640)
image	0		(497, 629)	(506, 629)	(506, 640)	(497, 640)
image	0		(497, 346)	(506, 346)	(506, 356)	(497, 356)
image	0		(498, 386)	(507, 386)	(507, 397)	(498, 397)
image	1		(498, 427)	(507, 427)	(507, 438)	(498, 438)
image	0		(455, 710)	(464, 710)	(464, 721)	(455, 721)
image	1		(498, 710)	(508, 710)	(508, 722)	(498, 722)
image	0		(497, 467)	(506, 467)	(506, 477)	(497, 477)
image	0		(498, 508)	(506, 508)	(506, 518)	(498, 518)
image	TH		(498, 540)	(508, 540)	(509, 556)	(499, 556)
image	1		(498, 549)	(506, 549)	(506, 560)	(498, 560)
image	1		(498, 589)	(506, 589)	(506, 599)	(498, 599)
image	0		(498, 670)	(507, 670)	(507, 681)	(498, 681)
image	1		(498, 751)	(507, 751)	(507, 762)	(498, 762)
image	0		(498, 791)	(507, 791)	(507, 802)	(498, 802)
image	0		(498, 833)	(506, 833)	(506, 843)	(498, 843)
image	0		(498, 873)	(506, 873)	(506, 883)	(498, 883)
image	0		(498, 914)	(507, 914)	(507, 924)	(498, 924)
image	0		(498, 955)	(506, 955)	(506, 965)	(498, 965)
image	Pl		(496, 1003)	(496, 983)	(508, 983)	(508, 1003)
image	0		(497, 994)	(506, 994)	(506, 1005)	(497, 1005)
image	0		(497, 1035)	(507, 1035)	(507, 1046)	(497, 1046)
image	AD		(521, 198)	(540, 198)	(540, 210)	(521, 210)
image	0		(540, 219)	(549, 219)	(549, 230)	(540, 230)
image	0		(540, 251)	(549, 251)	(549, 262)	(540, 262)
image	0		(540, 282)	(549, 282)	(549, 293)	(540, 293)
image	0		(540, 314)	(549, 314)	(549, 324)	(540, 324)
image	C		(548, 345)	(548, 357)	(540, 357)	(540, 345)
image	0		(540, 346)	(549, 346)	(549, 357)	(540, 357)
image	0		(540, 386)	(549, 386)	(549, 397)	(540, 397)
image	0		(540, 427)	(548, 427)	(548, 438)	(540, 438)
image	0		(540, 467)	(549, 467)	(549, 478)	(540, 478)
image	0		(540, 508)	(549, 508)	(549, 518)	(540, 518)
image	0		(540, 548)	(549, 548)	(549, 559)	(540, 559)
image	0		(540, 589)	(549, 589)	(549, 599)	(540, 599)
image	0		(540, 629)	(549, 629)	(549, 640)	(540, 640)
image	0		(540, 670)	(549, 670)	(549, 681)	(540, 681)
image	0		(540, 711)	(548, 711)	(548, 722)	(540, 722)
image	0		(540, 751)	(549, 751)	(549, 762)	(540, 762)
image	0		(540, 791)	(550, 791)	(550, 802)	(540, 802)
image	0		(540, 833)	(548, 833)	(548, 843)	(540, 843)
image	0		(540, 873)	(548, 873)	(548, 884)	(540, 884)
image	0		(540, 913)	(549, 913)	(549, 924)	(540, 924)
image	0		(540, 954)	(549, 954)	(549, 965)	(540, 965)
image	To		(551, 986)	(551, 1005)	(541, 1005)	(541, 986)
image	0		(540, 994)	(549, 994)	(549, 1005)	(540, 1005)
image	0		(540, 1035)	(549, 1035)	(549, 1046)	(540, 1046)
image	K_SU		(563, 178)	(598, 177)	(598, 190)	(563, 191)
image	BI		(624, 177)	(637, 177)	(637, 189)	(624, 189)
image	ŠI		(667, 177)	(679, 177)	(679, 190)	(667, 190)
image	ΜΑ		(570, 199)	(593, 199)	(593, 209)	(570, 209)
image	42		(588, 219)	(606, 219)	(606, 230)	(588, 230)
image	59		(589, 250)	(605, 250)	(605, 261)	(589, 261)
image	29		(589, 282)	(605, 282)	(605, 292)	(589, 292)
image	146		(582, 313)	(606, 313)	(606, 324)	(582, 324)
image	2		(597, 346)	(606, 346)	(606, 356)	(597, 356)
image	1		(597, 387)	(606, 387)	(606, 398)	(597, 398)
image	1		(597, 427)	(606, 427)	(606, 438)	(597, 438)
image	1		(598, 468)	(606, 468)	(606, 478)	(598, 478)
image	1		(598, 507)	(605, 507)	(605, 517)	(598, 517)
image	1		(598, 549)	(606, 549)	(606, 559)	(598, 559)
image	2		(596, 589)	(605, 589)	(605, 599)	(596, 599)
image	1		(598, 629)	(606, 629)	(606, 640)	(598, 640)
image	1		(597, 671)	(606, 671)	(606, 682)	(597, 682)
image	1		(597, 711)	(606, 711)	(606, 722)	(597, 722)
image	1		(597, 751)	(606, 751)	(606, 763)	(597, 763)
image	1		(597, 791)	(606, 791)	(606, 802)	(597, 802)
image	3		(597, 832)	(606, 832)	(606, 843)	(597, 843)
image	1		(597, 873)	(605, 873)	(605, 884)	(597, 884)
image	1		(598, 913)	(606, 913)	(606, 924)	(598, 924)
image	0		(597, 954)	(606, 954)	(606, 965)	(597, 965)
image	0		(639, 219)	(649, 219)	(649, 230)	(639, 230)
image	0		(639, 250)	(649, 250)	(649, 261)	(639, 261)
image	1		(597, 1035)	(606, 1035)	(606, 1046)	(597, 1046)
image	0		(640, 282)	(649, 282)	(649, 292)	(640, 292)
image	C		(647, 312)	(647, 323)	(640, 323)	(640, 312)
image	0		(639, 313)	(648, 313)	(648, 323)	(639, 323)
image	0		(639, 345)	(648, 345)	(648, 355)	(639, 355)
image	0		(639, 386)	(648, 386)	(648, 397)	(639, 397)
image	0		(639, 427)	(648, 427)	(648, 437)	(639, 437)
image	0		(640, 468)	(648, 468)	(648, 478)	(640, 478)
image	0		(639, 507)	(648, 507)	(648, 518)	(639, 518)
image	0		(639, 548)	(649, 548)	(649, 558)	(639, 558)
image	0		(639, 588)	(648, 588)	(648, 599)	(639, 599)
image	0		(639, 629)	(648, 629)	(648, 640)	(639, 640)
image	0		(639, 670)	(648, 670)	(648, 681)	(639, 681)
image	0		(640, 710)	(649, 710)	(649, 721)	(640, 721)
image	0		(639, 751)	(649, 751)	(649, 761)	(639, 761)
image	0		(639, 791)	(649, 791)	(649, 801)	(639, 801)
image	0		(639, 833)	(648, 833)	(648, 843)	(639, 843)
image	0		(639, 872)	(648, 872)	(648, 883)	(639, 883)
image	0		(639, 913)	(649, 913)	(649, 924)	(639, 924)
image	0		(639, 954)	(649, 954)	(649, 965)	(639, 965)
image	1		(597, 994)	(606, 994)	(606, 1006)	(597, 1006)
image	0		(639, 994)	(648, 994)	(648, 1004)	(639, 1004)
image	0		(639, 1035)	(649, 1035)	(649, 1046)	(639, 1046)
image	0		(682, 219)	(691, 219)	(691, 230)	(682, 230)
image	0		(682, 250)	(691, 250)	(691, 261)	(682, 261)
image	0		(682, 282)	(692, 282)	(692, 293)	(682, 293)
image	0		(682, 313)	(691, 313)	(691, 323)	(682, 323)
image	0		(682, 345)	(691, 345)	(691, 356)	(682, 356)
image	0		(682, 386)	(691, 386)	(691, 397)	(682, 397)
image	0		(682, 426)	(691, 426)	(691, 437)	(682, 437)
image	0		(682, 468)	(691, 468)	(691, 478)	(682, 478)
image	0		(682, 508)	(691, 508)	(691, 518)	(682, 518)
image	0		(682, 549)	(691, 549)	(691, 559)	(682, 559)
image	0		(682, 589)	(691, 589)	(691, 599)	(682, 599)
image	0		(682, 630)	(691, 630)	(691, 640)	(682, 640)
image	0		(682, 670)	(691, 670)	(691, 681)	(682, 681)
image	0		(682, 711)	(691, 711)	(691, 721)	(682, 721)
image	0		(682, 751)	(691, 751)	(691, 762)	(682, 762)
image	0		(682, 791)	(691, 791)	(691, 802)	(682, 802)
image	0		(682, 833)	(691, 833)	(691, 843)	(682, 843)
image	0		(682, 873)	(690, 873)	(690, 884)	(682, 884)
image	0		(682, 913)	(692, 913)	(692, 924)	(682, 924)
image	0		(682, 954)	(691, 954)	(691, 965)	(682, 965)
image	0		(682, 994)	(691, 994)	(691, 1005)	(682, 1005)
image	0		(682, 1035)	(691, 1035)	(691, 1046)	(682, 1046)
image	mlýn		(700, 177)	(733, 178)	(732, 192)	(699, 191)
image	OOO		(723, 219)	(731, 219)	(731, 293)	(723, 293)
image	C		(723, 312)	(731, 312)	(731, 323)	(723, 323)
image	0		(724, 219)	(734, 219)	(734, 231)	(724, 231)
image	0		(767, 219)	(777, 219)	(777, 230)	(767, 230)
image	0		(725, 250)	(734, 250)	(734, 261)	(725, 261)
image	0		(767, 250)	(776, 250)	(776, 261)	(767, 261)
image	0		(725, 314)	(734, 314)	(734, 324)	(725, 324)
image	0		(725, 283)	(734, 283)	(734, 293)	(725, 293)
image	0		(767, 283)	(776, 283)	(776, 294)	(767, 294)
image	To		(737, 335)	(737, 354)	(725, 354)	(725, 335)
image	0		(724, 346)	(733, 346)	(733, 356)	(724, 356)
image	0		(725, 386)	(734, 386)	(734, 397)	(725, 397)
image	0		(725, 426)	(733, 426)	(733, 437)	(725, 437)
image	0		(725, 468)	(734, 468)	(734, 478)	(725, 478)
image	0		(725, 508)	(734, 508)	(734, 518)	(725, 518)
image	0		(725, 548)	(734, 548)	(734, 558)	(725, 558)
image	0		(725, 589)	(734, 589)	(734, 599)	(725, 599)
image	0		(724, 630)	(733, 630)	(733, 640)	(724, 640)
image	0		(725, 670)	(734, 670)	(734, 681)	(725, 681)
image	0		(725, 710)	(733, 710)	(733, 721)	(725, 721)
image	0		(725, 752)	(734, 752)	(734, 763)	(725, 763)
image	0		(725, 791)	(734, 791)	(734, 802)	(725, 802)
image	0		(725, 833)	(733, 833)	(733, 843)	(725, 843)
image	0		(725, 873)	(734, 873)	(734, 883)	(725, 883)
image	0		(725, 914)	(733, 914)	(733, 924)	(725, 924)
image	BR		(749, 178)	(767, 178)	(767, 189)	(749, 189)
image	0		(725, 955)	(734, 955)	(734, 965)	(725, 965)
image	OC		(774, 219)	(775, 258)	(767, 258)	(766, 219)
image	0		(725, 994)	(733, 994)	(733, 1004)	(725, 1004)
image	0		(725, 1035)	(734, 1035)	(734, 1046)	(725, 1046)
image	c		(775, 312)	(775, 322)	(768, 322)	(768, 312)
image	0		(767, 313)	(776, 313)	(776, 323)	(767, 323)
image	0		(767, 345)	(776, 345)	(776, 355)	(767, 355)
image	0		(767, 386)	(775, 386)	(775, 397)	(767, 397)
image	0		(767, 426)	(777, 426)	(777, 437)	(767, 437)
image	0		(767, 468)	(776, 468)	(776, 478)	(767, 478)
image	0		(767, 507)	(775, 507)	(775, 517)	(767, 517)
image	0		(767, 549)	(775, 549)	(775, 559)	(767, 559)
image	0		(767, 588)	(775, 588)	(775, 598)	(767, 598)
image	0		(767, 629)	(776, 629)	(776, 639)	(767, 639)
image	0		(767, 670)	(776, 670)	(776, 681)	(767, 681)
image	0		(767, 711)	(775, 711)	(775, 722)	(767, 722)
image	0		(767, 751)	(776, 751)	(776, 762)	(767, 762)
image	0		(767, 792)	(776, 792)	(776, 802)	(767, 802)
image	0		(767, 833)	(775, 833)	(775, 843)	(767, 843)
image	0		(767, 873)	(776, 873)	(776, 883)	(767, 883)
image	0		(767, 913)	(776, 913)	(776, 923)	(767, 923)
image	0		(767, 954)	(776, 954)	(776, 964)	(767, 964)
image	0		(767, 995)	(775, 995)	(775, 1006)	(767, 1006)
image	c		(774, 1035)	(774, 1047)	(767, 1047)	(767, 1035)
image	KA		(792, 178)	(811, 178)	(811, 189)	(792, 189)
image	0		(809, 219)	(818, 219)	(818, 230)	(809, 230)
image	65		(782, 1154)	(801, 1154)	(801, 1166)	(782, 1166)
image	1		(810, 250)	(819, 250)	(819, 261)	(810, 261)
image	0		(809, 283)	(818, 283)	(818, 293)	(809, 293)
image	0		(810, 314)	(818, 314)	(818, 325)	(810, 325)
image	0		(809, 346)	(818, 346)	(818, 356)	(809, 356)
image	0		(809, 386)	(818, 386)	(818, 397)	(809, 397)
image	0		(809, 426)	(818, 426)	(818, 437)	(809, 437)
image	0		(809, 468)	(818, 468)	(818, 478)	(809, 478)
image	0		(809, 508)	(817, 508)	(817, 518)	(809, 518)
image	0		(810, 548)	(818, 548)	(818, 558)	(810, 558)
image	0		(809, 589)	(817, 589)	(817, 599)	(809, 599)
image	0		(809, 630)	(818, 630)	(818, 640)	(809, 640)
image	0		(809, 670)	(818, 670)	(818, 681)	(809, 681)
image	0		(809, 710)	(818, 710)	(818, 721)	(809, 721)
image	0		(809, 751)	(818, 751)	(818, 762)	(809, 762)
image	0		(809, 791)	(818, 791)	(818, 802)	(809, 802)
image	0		(810, 832)	(819, 832)	(819, 843)	(810, 843)
image	0		(809, 872)	(818, 872)	(818, 883)	(809, 883)
image	0		(809, 913)	(818, 913)	(818, 923)	(809, 923)
image	0		(809, 954)	(817, 954)	(817, 964)	(809, 964)
image	0		(767, 1036)	(776, 1036)	(776, 1046)	(767, 1046)
image	0		(809, 1035)	(818, 1035)	(818, 1046)	(809, 1046)
image	0		(809, 994)	(818, 994)	(818, 1005)	(809, 1005)
image	ΜΑ		(830, 176)	(852, 176)	(852, 192)	(830, 192)
image	KO		(877, 178)	(894, 178)	(894, 189)	(877, 189)
image	0		(852, 219)	(861, 219)	(861, 230)	(852, 230)
image	230		(837, 249)	(863, 250)	(862, 262)	(836, 261)
image	0		(852, 283)	(861, 283)	(861, 293)	(852, 293)
image	92		(844, 314)	(861, 314)	(861, 325)	(844, 325)
image	0		(853, 345)	(861, 345)	(861, 355)	(853, 355)
image	0		(852, 386)	(861, 386)	(861, 397)	(852, 397)
image	0		(852, 426)	(861, 426)	(861, 437)	(852, 437)
image	0		(852, 468)	(861, 468)	(861, 478)	(852, 478)
image	0		(852, 508)	(860, 508)	(860, 518)	(852, 518)
image	0		(853, 549)	(861, 549)	(861, 559)	(853, 559)
image	0		(853, 589)	(861, 589)	(861, 599)	(853, 599)
image	0		(852, 630)	(861, 630)	(861, 640)	(852, 640)
image	0		(852, 670)	(861, 670)	(861, 681)	(852, 681)
image	0		(852, 711)	(860, 711)	(860, 721)	(852, 721)
image	0		(852, 751)	(861, 751)	(861, 762)	(852, 762)
image	0		(852, 791)	(861, 791)	(861, 802)	(852, 802)
image	1		(853, 832)	(861, 832)	(861, 843)	(853, 843)
image	0		(852, 873)	(860, 873)	(860, 884)	(852, 884)
image	0		(852, 914)	(860, 914)	(860, 925)	(852, 925)
image	2		(851, 954)	(861, 954)	(861, 965)	(851, 965)
image	0		(852, 994)	(861, 994)	(861, 1005)	(852, 1005)
image	0		(852, 1035)	(861, 1035)	(861, 1046)	(852, 1046)
image	16		(887, 219)	(903, 219)	(903, 230)	(887, 230)
image	ne		(930, 222)	(947, 222)	(947, 230)	(930, 230)
image	4		(895, 250)	(903, 250)	(903, 260)	(895, 260)
image	0		(895, 283)	(904, 283)	(904, 293)	(895, 293)
image	35		(887, 314)	(903, 314)	(903, 325)	(887, 325)
image	4		(895, 346)	(903, 346)	(903, 356)	(895, 356)
image	0		(895, 386)	(904, 386)	(904, 397)	(895, 397)
image	To		(905, 418)	(905, 436)	(895, 436)	(895, 418)
image	0		(895, 426)	(904, 426)	(904, 437)	(895, 437)
image	0		(895, 468)	(903, 468)	(903, 478)	(895, 478)
image	0		(895, 507)	(904, 507)	(904, 517)	(895, 517)
image	0		(895, 549)	(903, 549)	(903, 559)	(895, 559)
image	0		(895, 588)	(903, 588)	(903, 598)	(895, 598)
image	0		(895, 630)	(903, 630)	(903, 640)	(895, 640)
image	0		(895, 670)	(903, 670)	(903, 680)	(895, 680)
image	0		(895, 710)	(903, 710)	(903, 721)	(895, 721)
image	0		(894, 751)	(903, 751)	(903, 762)	(894, 762)
image	0		(895, 792)	(903, 792)	(903, 802)	(895, 802)
image	0		(894, 833)	(903, 833)	(903, 843)	(894, 843)
image	0		(895, 872)	(904, 872)	(904, 882)	(895, 882)
image	0		(895, 913)	(904, 913)	(904, 923)	(895, 923)
image	0		(895, 954)	(904, 954)	(904, 964)	(895, 964)
image	0		(895, 994)	(903, 994)	(903, 1004)	(895, 1004)
image	U		(923, 178)	(935, 178)	(935, 189)	(923, 189)
image	0		(894, 1035)	(903, 1035)	(903, 1045)	(894, 1045)
image	ne		(930, 253)	(946, 253)	(946, 261)	(930, 261)
image	ne		(930, 285)	(947, 285)	(947, 293)	(930, 293)
image	ne		(930, 316)	(947, 316)	(947, 324)	(930, 324)
image	B		(932, 354)	(932, 344)	(944, 344)	(944, 354)
image	ne		(930, 348)	(946, 348)	(946, 356)	(930, 356)
image	ne		(930, 389)	(946, 389)	(946, 397)	(930, 397)
image	ne		(930, 470)	(946, 470)	(946, 478)	(930, 478)
image	ne		(930, 510)	(946, 510)	(946, 518)	(930, 518)
image	ne		(930, 551)	(946, 551)	(946, 558)	(930, 558)
image	ne		(930, 591)	(946, 591)	(946, 599)	(930, 599)
image	ne		(930, 429)	(945, 429)	(945, 437)	(930, 437)
image	0		(979, 426)	(989, 426)	(989, 437)	(979, 437)
image	ne		(930, 632)	(946, 632)	(946, 640)	(930, 640)
image	ne		(930, 673)	(947, 673)	(947, 681)	(930, 681)
image	ne		(930, 713)	(946, 713)	(946, 721)	(930, 721)
image	ne		(930, 754)	(946, 754)	(946, 762)	(930, 762)
image	ne		(930, 794)	(945, 794)	(945, 802)	(930, 802)
image	ne		(930, 835)	(945, 835)	(945, 844)	(930, 844)
image	ne		(930, 874)	(945, 874)	(945, 882)	(930, 882)
image	ne		(930, 916)	(946, 916)	(946, 924)	(930, 924)
image	ne		(930, 957)	(947, 957)	(947, 965)	(930, 965)
image	2		(944, 994)	(944, 1006)	(932, 1006)	(932, 994)
image	ne		(930, 997)	(946, 997)	(946, 1005)	(930, 1005)
image	KI		(965, 178)	(978, 178)	(978, 189)	(965, 189)
image	ne		(930, 1037)	(945, 1037)	(945, 1046)	(930, 1046)
image	0		(980, 219)	(990, 219)	(990, 230)	(980, 230)
image	0		(979, 250)	(989, 250)	(989, 261)	(979, 261)
image	0		(979, 282)	(989, 282)	(989, 293)	(979, 293)
image	0		(979, 313)	(988, 313)	(988, 323)	(979, 323)
image	0		(979, 345)	(989, 345)	(989, 356)	(979, 356)
image	0		(979, 386)	(988, 386)	(988, 397)	(979, 397)
image	0		(980, 467)	(989, 467)	(989, 478)	(980, 478)
image	0		(980, 508)	(989, 508)	(989, 518)	(980, 518)
image	0		(979, 548)	(988, 548)	(988, 559)	(979, 559)
image	0		(979, 588)	(988, 588)	(988, 598)	(979, 598)
image	0		(979, 629)	(988, 629)	(988, 639)	(979, 639)
image	0		(980, 670)	(990, 670)	(990, 681)	(980, 681)
image	0		(979, 709)	(989, 709)	(989, 720)	(979, 720)
image	0		(980, 752)	(989, 752)	(989, 763)	(980, 763)
image	0		(979, 791)	(988, 791)	(988, 801)	(979, 801)
image	0		(980, 832)	(989, 832)	(989, 843)	(980, 843)
image	0		(979, 873)	(988, 873)	(988, 883)	(979, 883)
image	0		(979, 913)	(988, 913)	(988, 923)	(979, 923)
image	0		(979, 954)	(988, 954)	(988, 964)	(979, 964)
image	0		(979, 993)	(989, 993)	(989, 1004)	(979, 1004)
image	0		(979, 1035)	(988, 1035)	(988, 1045)	(979, 1045)
image	Dto		(1001, 178)	(1026, 178)	(1026, 189)	(1001, 189)
image	bron		(1039, 178)	(1071, 178)	(1071, 189)	(1039, 189)
image	z		(1052, 201)	(1060, 201)	(1060, 209)	(1052, 209)
image	0		(1022, 219)	(1031, 219)	(1031, 230)	(1022, 230)
image	0		(1022, 250)	(1031, 250)	(1031, 261)	(1022, 261)
image	0		(1022, 283)	(1030, 283)	(1030, 294)	(1022, 294)
image	0		(1022, 313)	(1031, 313)	(1031, 323)	(1022, 323)
image	0		(1022, 346)	(1031, 346)	(1031, 356)	(1022, 356)
image	0		(1022, 386)	(1031, 386)	(1031, 397)	(1022, 397)
image	0		(1022, 426)	(1031, 426)	(1031, 437)	(1022, 437)
image	0		(1022, 467)	(1031, 467)	(1031, 477)	(1022, 477)
image	0		(1022, 508)	(1031, 508)	(1031, 518)	(1022, 518)
image	to		(1038, 538)	(1039, 564)	(1022, 564)	(1021, 538)
image	0		(1022, 548)	(1031, 548)	(1031, 558)	(1022, 558)
image	0		(1022, 589)	(1030, 589)	(1030, 599)	(1022, 599)
image	9		(1025, 641)	(1025, 628)	(1033, 628)	(1033, 641)
image	0		(1022, 630)	(1030, 630)	(1030, 641)	(1022, 641)
image	0		(1022, 670)	(1031, 670)	(1031, 680)	(1022, 680)
image	to		(1039, 700)	(1039, 721)	(1024, 721)	(1024, 700)
image	0		(1022, 751)	(1031, 751)	(1031, 762)	(1022, 762)
image	0		(1022, 833)	(1030, 833)	(1030, 843)	(1022, 843)
image	0		(1022, 873)	(1031, 873)	(1031, 883)	(1022, 883)
image	0		(1022, 913)	(1031, 913)	(1031, 924)	(1022, 924)
image	to		(1038, 944)	(1039, 968)	(1023, 968)	(1022, 944)
image	0		(1022, 955)	(1031, 955)	(1031, 965)	(1022, 965)
image	0		(1022, 995)	(1031, 995)	(1031, 1005)	(1022, 1005)
image	0		(1022, 1035)	(1032, 1035)	(1032, 1046)	(1022, 1046)
image	0		(1064, 219)	(1074, 219)	(1074, 230)	(1064, 230)
image	0		(1107, 219)	(1116, 219)	(1116, 230)	(1107, 230)
image	0		(1065, 313)	(1074, 313)	(1074, 324)	(1065, 324)
image	0		(1065, 250)	(1074, 250)	(1074, 261)	(1065, 261)
image	0		(1107, 251)	(1115, 251)	(1115, 261)	(1107, 261)
image	0		(1064, 282)	(1073, 282)	(1073, 293)	(1064, 293)
image	To		(1077, 335)	(1077, 353)	(1065, 353)	(1065, 335)
image	0		(1065, 346)	(1074, 346)	(1074, 356)	(1065, 356)
image	0		(1065, 386)	(1074, 386)	(1074, 396)	(1065, 396)
image	0		(1065, 427)	(1073, 427)	(1073, 438)	(1065, 438)
image	0		(1065, 467)	(1074, 467)	(1074, 477)	(1065, 477)
image	0		(1065, 507)	(1073, 507)	(1073, 517)	(1065, 517)
image	To		(1065, 539)	(1075, 539)	(1075, 557)	(1065, 557)
image	0		(1022, 791)	(1031, 791)	(1031, 802)	(1022, 802)
image	0		(1064, 791)	(1073, 791)	(1073, 801)	(1064, 801)
image	0		(1064, 549)	(1073, 549)	(1073, 559)	(1064, 559)
image	0		(1065, 588)	(1073, 588)	(1073, 598)	(1065, 598)
image	0		(1064, 630)	(1073, 630)	(1073, 640)	(1064, 640)
image	0		(1065, 670)	(1074, 670)	(1074, 681)	(1065, 681)
image	0		(1065, 710)	(1074, 710)	(1074, 721)	(1065, 721)
image	0		(1065, 751)	(1074, 751)	(1074, 762)	(1065, 762)
image	To		(1064, 825)	(1075, 825)	(1075, 842)	(1064, 842)
image	0		(1065, 833)	(1073, 833)	(1073, 843)	(1065, 843)
image	to		(1066, 863)	(1078, 863)	(1078, 880)	(1066, 880)
image	0		(1065, 914)	(1074, 914)	(1074, 924)	(1065, 924)
image	0		(1065, 955)	(1073, 955)	(1073, 965)	(1065, 965)
image	Fe		(1090, 177)	(1107, 177)	(1107, 189)	(1090, 189)
image	Str		(1131, 178)	(1151, 178)	(1151, 189)	(1131, 189)
image	0		(1065, 994)	(1074, 994)	(1074, 1005)	(1065, 1005)
image	Oc		(1114, 219)	(1114, 259)	(1106, 259)	(1106, 219)
image	0		(1065, 1035)	(1074, 1035)	(1074, 1046)	(1065, 1046)
image	0		(1108, 282)	(1116, 282)	(1116, 292)	(1108, 292)
image	0		(1108, 313)	(1116, 313)	(1116, 323)	(1108, 323)
image	0		(1107, 346)	(1115, 346)	(1115, 356)	(1107, 356)
image	0		(1107, 387)	(1115, 387)	(1115, 398)	(1107, 398)
image	0		(1107, 426)	(1115, 426)	(1115, 437)	(1107, 437)
image	0		(1107, 467)	(1115, 467)	(1115, 478)	(1107, 478)
image	0		(1107, 508)	(1115, 508)	(1115, 518)	(1107, 518)
image	0		(1107, 549)	(1115, 549)	(1115, 559)	(1107, 559)
image	0		(1107, 589)	(1115, 589)	(1115, 599)	(1107, 599)
image	0		(1107, 630)	(1115, 630)	(1115, 640)	(1107, 640)
image	0		(1107, 670)	(1116, 670)	(1116, 681)	(1107, 681)
image	0		(1108, 710)	(1116, 710)	(1116, 720)	(1108, 720)
image	0		(1107, 751)	(1117, 751)	(1117, 762)	(1107, 762)
image	0		(1107, 792)	(1115, 792)	(1115, 802)	(1107, 802)
image	0		(1107, 833)	(1116, 833)	(1116, 843)	(1107, 843)
image	0		(1107, 873)	(1116, 873)	(1116, 883)	(1107, 883)
image	0		(1107, 914)	(1115, 914)	(1115, 924)	(1107, 924)
image	0		(1107, 955)	(1115, 955)	(1115, 965)	(1107, 965)
image	0		(1108, 994)	(1116, 994)	(1116, 1004)	(1108, 1004)
image	0		(1107, 1035)	(1116, 1035)	(1116, 1046)	(1107, 1046)
image	0		(1150, 220)	(1159, 220)	(1159, 231)	(1150, 231)
image	0		(1150, 250)	(1159, 250)	(1159, 261)	(1150, 261)
image	0		(1150, 282)	(1160, 282)	(1160, 293)	(1150, 293)
image	0		(1150, 313)	(1159, 313)	(1159, 323)	(1150, 323)
image	0		(1150, 345)	(1159, 345)	(1159, 355)	(1150, 355)
image	0		(1150, 387)	(1158, 387)	(1158, 397)	(1150, 397)
image	0		(1150, 427)	(1159, 427)	(1159, 438)	(1150, 438)
image	5		(1150, 467)	(1159, 467)	(1159, 478)	(1150, 478)
image	0		(1150, 507)	(1159, 507)	(1159, 518)	(1150, 518)
image	0		(1150, 549)	(1158, 549)	(1158, 559)	(1150, 559)
image	0		(1150, 589)	(1158, 589)	(1158, 599)	(1150, 599)
image	0		(1150, 630)	(1158, 630)	(1158, 640)	(1150, 640)
image	0		(1150, 671)	(1159, 671)	(1159, 681)	(1150, 681)
image	0		(1150, 710)	(1159, 710)	(1159, 721)	(1150, 721)
image	0		(1150, 751)	(1159, 751)	(1159, 761)	(1150, 761)
image	0		(1150, 792)	(1158, 792)	(1158, 803)	(1150, 803)
image	0		(1150, 833)	(1158, 833)	(1158, 843)	(1150, 843)
image	c		(1158, 871)	(1158, 882)	(1150, 882)	(1150, 871)
image	0		(1150, 873)	(1158, 873)	(1158, 883)	(1150, 883)
image	0		(1150, 914)	(1159, 914)	(1159, 924)	(1150, 924)
image	0		(1150, 954)	(1159, 954)	(1159, 965)	(1150, 965)
image	0		(1150, 994)	(1159, 994)	(1159, 1005)	(1150, 1005)
image	0		(1150, 1035)	(1159, 1035)	(1159, 1046)	(1150, 1046)
image	jiné		(1184, 177)	(1209, 177)	(1209, 191)	(1184, 191)
image	BR		(1237, 218)	(1254, 218)	(1254, 231)	(1237, 231)
image	,		(1255, 218)	(1259, 218)	(1259, 231)	(1255, 231)
image	HA		(1260, 218)	(1277, 218)	(1277, 231)	(1260, 231)
image	,		(1278, 218)	(1282, 218)	(1282, 231)	(1278, 231)
image	int.VS		(1282, 218)	(1319, 218)	(1319, 231)	(1282, 231)
image	,		(1320, 218)	(1324, 218)	(1324, 231)	(1320, 231)
image	NV		(1324, 218)	(1344, 218)	(1344, 232)	(1324, 232)
image	BR		(1238, 250)	(1254, 250)	(1254, 263)	(1238, 263)
image	,		(1255, 250)	(1259, 250)	(1259, 263)	(1255, 263)
image	HA		(1259, 250)	(1278, 250)	(1278, 263)	(1259, 263)
image	,		(1278, 250)	(1282, 250)	(1282, 263)	(1278, 263)
image	intr.NV		(1282, 250)	(1329, 250)	(1329, 263)	(1282, 263)
image	BR		(1238, 281)	(1254, 281)	(1254, 294)	(1238, 294)
image	střed		(1258, 281)	(1289, 281)	(1289, 294)	(1258, 294)
image	.		(1293, 281)	(1297, 281)	(1297, 294)	(1293, 294)
image	/		(1294, 281)	(1301, 281)	(1301, 294)	(1294, 294)
image	ml		(1302, 281)	(1319, 281)	(1319, 294)	(1302, 294)
image	.		(1319, 281)	(1322, 281)	(1322, 294)	(1319, 294)
image	BR		(1238, 312)	(1253, 312)	(1253, 326)	(1238, 326)
image	,		(1256, 312)	(1261, 312)	(1261, 325)	(1256, 325)
image	intr.NV		(1265, 312)	(1312, 312)	(1312, 325)	(1265, 325)
image	PRA		(1238, 345)	(1264, 345)	(1264, 356)	(1238, 356)
image	NV		(1238, 387)	(1257, 387)	(1257, 397)	(1238, 397)
image	NV		(1238, 427)	(1257, 427)	(1257, 437)	(1238, 437)
image	PRA		(1238, 467)	(1263, 467)	(1263, 478)	(1238, 478)
image	PRA		(1238, 507)	(1263, 507)	(1263, 518)	(1238, 518)
image	PRA		(1238, 548)	(1263, 548)	(1263, 559)	(1238, 559)
image	PRA		(1238, 588)	(1263, 588)	(1263, 599)	(1238, 599)
image	PRA		(1238, 629)	(1263, 629)	(1263, 640)	(1238, 640)
image	NV		(1237, 670)	(1258, 670)	(1258, 680)	(1237, 680)
image	PRA		(1238, 710)	(1264, 710)	(1264, 721)	(1238, 721)
image	PRA		(1238, 749)	(1264, 751)	(1263, 763)	(1237, 761)
image	PRA		(1238, 790)	(1265, 791)	(1265, 802)	(1238, 801)
image	PRA		(1238, 832)	(1263, 832)	(1263, 843)	(1238, 843)
image	NV		(1238, 872)	(1256, 872)	(1256, 882)	(1238, 882)
image	PRA		(1238, 913)	(1264, 913)	(1264, 924)	(1238, 924)
image	PRA		(1238, 994)	(1264, 994)	(1264, 1005)	(1238, 1005)
image	DATACE		(1271, 178)	(1324, 178)	(1324, 189)	(1271, 189)
image	PRA		(1238, 1034)	(1265, 1035)	(1264, 1047)	(1237, 1046)
image	poznámka		(1424, 177)	(1491, 177)	(1491, 191)	(1424, 191)
image	nád.na		(1365, 249)	(1408, 249)	(1408, 262)	(1365, 262)
image	nožce		(1412, 249)	(1449, 249)	(1449, 261)	(1412, 261)
image	tuha		(1364, 282)	(1395, 282)	(1395, 293)	(1364, 293)
image	-		(1395, 282)	(1400, 282)	(1400, 293)	(1395, 293)
image	ker		(1399, 282)	(1421, 282)	(1421, 293)	(1399, 293)
image	.		(1421, 282)	(1426, 282)	(1426, 293)	(1421, 293)
image	kolečko		(1365, 311)	(1415, 312)	(1415, 324)	(1365, 323)
image	tuha		(1364, 833)	(1395, 833)	(1395, 844)	(1364, 844)
image	-		(1394, 833)	(1399, 833)	(1399, 844)	(1394, 844)
image	ker		(1400, 833)	(1421, 833)	(1421, 844)	(1400, 844)
image	.		(1420, 833)	(1424, 833)	(1424, 844)	(1420, 844)
