IMAGE_NAME	DESCRIPTION	LANGUAGE	BBOX_1	BBOX_2	BBOX_3	BBOX_4
image	"Tato práce vzniklá tvůrčím zpracováním výsledků archeologického výzkumu je chráněna
autorským právem podle zákona č. 247/90 Sb.
Ve smyslu tohoto zákona jsou chráněny i jednotlivé části této práce, jako jsou plánové a
obrazové přílohy apod. Části práce nebo celek Ize uveřejnit pouze se svolením autorů.
NÁRODNÍ PAMÁTKOVÝ ÚSTAV
ÚZEMNÍ ODBORNÉ PRACOVIŠTĚ
V HLAVNÍM MĚSTĚ PRAZE
Na Perštýn 12, 110 00 Praha 1 - Staré Město
PhDr. Jaroslav Podliska, Ph.D.
e-mail: podliska.jaroslav@npu.cz
1"	cs	(129, 1175)	(1073, 1175)	(1073, 1553)	(129, 1553)
image	Tato		(200, 1175)	(246, 1175)	(246, 1196)	(200, 1196)
image	práce		(250, 1175)	(305, 1175)	(305, 1196)	(250, 1196)
image	vzniklá		(310, 1175)	(376, 1175)	(376, 1196)	(310, 1196)
image	tvůrčím		(383, 1175)	(456, 1175)	(456, 1196)	(383, 1196)
image	zpracováním		(461, 1175)	(584, 1175)	(584, 1196)	(461, 1196)
image	výsledků		(592, 1175)	(674, 1175)	(674, 1196)	(592, 1196)
image	archeologického		(681, 1175)	(839, 1175)	(839, 1196)	(681, 1196)
image	výzkumu		(845, 1175)	(930, 1175)	(930, 1196)	(845, 1196)
image	je		(935, 1175)	(952, 1175)	(952, 1196)	(935, 1196)
image	chráněna		(960, 1175)	(1050, 1175)	(1050, 1196)	(960, 1196)
image	autorským		(129, 1204)	(233, 1204)	(233, 1226)	(129, 1226)
image	právem		(237, 1204)	(313, 1204)	(313, 1226)	(237, 1226)
image	podle		(318, 1204)	(372, 1204)	(372, 1226)	(318, 1226)
image	zákona		(377, 1204)	(446, 1204)	(446, 1226)	(377, 1226)
image	č		(453, 1204)	(464, 1204)	(464, 1226)	(453, 1226)
image	.		(462, 1204)	(467, 1204)	(467, 1226)	(462, 1226)
image	247/90		(473, 1204)	(545, 1204)	(545, 1226)	(473, 1226)
image	Sb		(549, 1204)	(572, 1204)	(572, 1226)	(549, 1226)
image	.		(572, 1204)	(578, 1204)	(578, 1226)	(572, 1226)
image	Ve		(200, 1233)	(226, 1233)	(226, 1255)	(200, 1255)
image	smyslu		(231, 1233)	(297, 1233)	(297, 1255)	(231, 1255)
image	tohoto		(302, 1233)	(368, 1233)	(368, 1255)	(302, 1255)
image	zákona		(373, 1233)	(442, 1233)	(442, 1255)	(373, 1255)
image	jsou		(447, 1233)	(486, 1233)	(486, 1255)	(447, 1255)
image	chráněny		(494, 1233)	(583, 1233)	(583, 1255)	(494, 1255)
image	i		(590, 1233)	(595, 1233)	(595, 1255)	(590, 1255)
image	jednotlivé		(598, 1233)	(695, 1233)	(695, 1255)	(598, 1255)
image	části		(702, 1233)	(747, 1233)	(747, 1255)	(702, 1255)
image	této		(752, 1233)	(791, 1233)	(791, 1255)	(752, 1255)
image	práce		(797, 1233)	(851, 1233)	(851, 1255)	(797, 1255)
image	,		(850, 1233)	(856, 1233)	(856, 1255)	(850, 1255)
image	jako		(860, 1233)	(904, 1233)	(904, 1255)	(860, 1255)
image	jsou		(907, 1233)	(948, 1233)	(948, 1255)	(907, 1255)
image	plánové		(954, 1233)	(1031, 1233)	(1031, 1255)	(954, 1255)
image	a		(1038, 1233)	(1049, 1233)	(1049, 1255)	(1038, 1255)
image	obrazové		(129, 1259)	(219, 1259)	(219, 1283)	(129, 1283)
image	přílohy		(224, 1259)	(292, 1259)	(292, 1283)	(224, 1283)
image	apod		(297, 1259)	(345, 1259)	(345, 1283)	(297, 1283)
image	.		(346, 1259)	(350, 1259)	(350, 1283)	(346, 1283)
image	Části		(358, 1259)	(407, 1259)	(407, 1283)	(358, 1283)
image	práce		(411, 1259)	(465, 1259)	(465, 1283)	(411, 1283)
image	nebo		(471, 1259)	(518, 1259)	(518, 1283)	(471, 1283)
image	celek		(525, 1259)	(574, 1259)	(574, 1283)	(525, 1283)
image	Ize		(580, 1259)	(606, 1259)	(606, 1283)	(580, 1283)
image	uveřejnit		(611, 1259)	(698, 1259)	(698, 1283)	(611, 1283)
image	pouze		(702, 1259)	(760, 1259)	(760, 1283)	(702, 1283)
image	se		(766, 1259)	(786, 1259)	(786, 1283)	(766, 1283)
image	svolením		(792, 1259)	(876, 1259)	(876, 1283)	(792, 1283)
image	autorů		(883, 1259)	(947, 1259)	(947, 1283)	(883, 1283)
image	.		(948, 1259)	(953, 1259)	(953, 1283)	(948, 1283)
image	NÁRODNÍ		(143, 1454)	(200, 1454)	(200, 1468)	(143, 1468)
image	PAMÁTKOVÝ		(204, 1454)	(279, 1454)	(279, 1468)	(204, 1468)
image	ÚSTAV		(284, 1454)	(323, 1454)	(323, 1468)	(284, 1468)
image	ÚZEMNÍ		(143, 1469)	(193, 1469)	(193, 1486)	(143, 1486)
image	ODBORNÉ		(195, 1469)	(255, 1469)	(255, 1485)	(195, 1485)
image	PRACOVIŠTĚ		(259, 1468)	(336, 1467)	(336, 1484)	(259, 1485)
image	V		(143, 1488)	(151, 1488)	(151, 1501)	(143, 1501)
image	HLAVNÍM		(153, 1487)	(210, 1487)	(210, 1500)	(153, 1500)
image	MĚSTĚ		(216, 1487)	(257, 1487)	(257, 1500)	(216, 1500)
image	PRAZE		(262, 1487)	(301, 1487)	(301, 1500)	(262, 1500)
image	Na		(145, 1505)	(155, 1505)	(155, 1513)	(145, 1513)
image	Perštýn		(157, 1505)	(185, 1505)	(185, 1513)	(157, 1513)
image	12		(193, 1505)	(202, 1505)	(202, 1513)	(193, 1513)
image	,		(202, 1505)	(205, 1505)	(205, 1513)	(202, 1513)
image	110		(207, 1505)	(221, 1505)	(221, 1513)	(207, 1513)
image	00		(225, 1505)	(233, 1505)	(233, 1513)	(225, 1513)
image	Praha		(238, 1505)	(258, 1505)	(258, 1513)	(238, 1513)
image	1		(261, 1505)	(264, 1505)	(264, 1513)	(261, 1513)
image	-		(268, 1505)	(273, 1505)	(273, 1513)	(268, 1513)
image	Staré		(275, 1505)	(294, 1505)	(294, 1513)	(275, 1513)
image	Město		(297, 1505)	(320, 1505)	(320, 1513)	(297, 1513)
image	PhDr		(826, 1436)	(867, 1436)	(867, 1451)	(826, 1451)
image	.		(868, 1436)	(873, 1436)	(873, 1451)	(868, 1451)
image	Jaroslav		(876, 1436)	(943, 1436)	(943, 1451)	(876, 1451)
image	Podliska		(949, 1436)	(1017, 1436)	(1017, 1451)	(949, 1451)
image	,		(1017, 1436)	(1022, 1436)	(1022, 1451)	(1017, 1451)
image	Ph.D.		(1027, 1436)	(1073, 1436)	(1073, 1452)	(1027, 1452)
image	e		(805, 1461)	(815, 1461)	(815, 1479)	(805, 1479)
image	-		(815, 1461)	(821, 1461)	(821, 1479)	(815, 1479)
image	mail		(822, 1461)	(855, 1461)	(855, 1479)	(822, 1479)
image	:		(857, 1461)	(862, 1461)	(862, 1479)	(857, 1479)
image	podliska.jaroslav@npu.cz		(866, 1460)	(1073, 1461)	(1073, 1480)	(866, 1479)
image	1		(1060, 1538)	(1072, 1538)	(1072, 1553)	(1060, 1553)
