IMAGE_NAME	DESCRIPTION	LANGUAGE	BBOX_1	BBOX_2	BBOX_3	BBOX_4
image	"Aussel Sat
w.ahmp.cz
miho města
rahy
1 - výřez z plánu Prahy J. D. Hubera z roku 1769 s přibližným vyznačením parcel č. 1556 a 1557 (červeně)
ne
Se
H
www
1
44
FEW SFF SIFIECES
HEL
TESTE TIE
hlavního města
Prahy
ahmp.cz
obrazová příloha č. 53
2 - klášter alžbětinek s kostelem P. Marie od jihozápadu, vpravo kostel sv. Apolináře, 1740
(převzato z www.ahmp.cz)
S.Apollinaris Kirch
ewwavnino
ahn
ahy"	cs	(90, 41)	(1137, 41)	(1137, 1642)	(90, 1642)
image	Aussel		(120, 746)	(154, 744)	(154, 755)	(121, 757)
image	Sat		(159, 744)	(176, 743)	(176, 754)	(160, 755)
image	w.ahmp.cz		(114, 1233)	(225, 1122)	(243, 1140)	(132, 1251)
image	miho		(103, 1153)	(153, 1103)	(170, 1120)	(120, 1170)
image	města		(162, 1095)	(225, 1032)	(242, 1049)	(179, 1112)
image	rahy		(114, 1189)	(161, 1143)	(181, 1163)	(134, 1209)
image	1		(118, 863)	(125, 863)	(125, 882)	(118, 882)
image	-		(133, 863)	(140, 863)	(140, 882)	(133, 882)
image	výřez		(145, 863)	(193, 863)	(193, 882)	(145, 882)
image	z		(198, 863)	(208, 863)	(208, 882)	(198, 882)
image	plánu		(215, 863)	(263, 863)	(263, 882)	(215, 882)
image	Prahy		(270, 863)	(321, 863)	(321, 882)	(270, 882)
image	J.		(327, 863)	(341, 863)	(341, 882)	(327, 882)
image	D.		(349, 863)	(367, 863)	(367, 882)	(349, 882)
image	Hubera		(375, 863)	(438, 863)	(438, 882)	(375, 882)
image	z		(445, 863)	(454, 863)	(454, 882)	(445, 882)
image	roku		(461, 863)	(498, 863)	(498, 882)	(461, 882)
image	1769		(506, 863)	(548, 863)	(548, 882)	(506, 882)
image	s		(556, 863)	(564, 863)	(564, 882)	(556, 882)
image	přibližným		(571, 863)	(660, 863)	(660, 882)	(571, 882)
image	vyznačením		(666, 863)	(772, 863)	(772, 882)	(666, 882)
image	parcel		(779, 863)	(832, 863)	(832, 882)	(779, 882)
image	č		(839, 863)	(848, 863)	(848, 882)	(839, 882)
image	.		(850, 863)	(853, 863)	(853, 882)	(850, 882)
image	1556		(861, 863)	(903, 863)	(903, 882)	(861, 882)
image	a		(910, 863)	(920, 863)	(920, 882)	(910, 882)
image	1557		(927, 863)	(970, 863)	(970, 882)	(927, 882)
image	(		(977, 863)	(984, 863)	(984, 882)	(977, 882)
image	červeně		(982, 863)	(1053, 863)	(1053, 882)	(982, 882)
image	)		(1054, 863)	(1061, 863)	(1061, 882)	(1054, 882)
image	ne		(476, 1416)	(512, 1381)	(528, 1398)	(493, 1433)
image	Se		(471, 1469)	(518, 1468)	(518, 1491)	(471, 1492)
image	H		(564, 1207)	(575, 1207)	(575, 1219)	(564, 1219)
image	www		(870, 542)	(913, 551)	(911, 563)	(867, 555)
image	1		(605, 1205)	(616, 1205)	(616, 1219)	(605, 1219)
image	44		(588, 1244)	(628, 1244)	(628, 1257)	(588, 1257)
image	FEW		(768, 642)	(789, 645)	(787, 655)	(766, 652)
image	SFF		(793, 646)	(817, 650)	(815, 660)	(791, 656)
image	SIFIECES		(822, 650)	(881, 660)	(879, 671)	(820, 661)
image	HEL		(768, 660)	(792, 664)	(790, 672)	(767, 668)
image	TESTE		(779, 663)	(816, 667)	(815, 676)	(778, 672)
image	TIE		(821, 668)	(849, 671)	(848, 680)	(820, 677)
image	hlavního		(687, 1195)	(783, 1105)	(802, 1124)	(705, 1215)
image	města		(791, 1097)	(857, 1036)	(872, 1052)	(806, 1113)
image	Prahy		(728, 1201)	(791, 1141)	(811, 1162)	(748, 1222)
image	ahmp.cz		(766, 1210)	(856, 1121)	(877, 1141)	(786, 1231)
image	obrazová		(968, 42)	(1034, 42)	(1034, 58)	(968, 58)
image	příloha		(1037, 42)	(1087, 42)	(1087, 57)	(1037, 57)
image	č		(1092, 42)	(1100, 42)	(1100, 57)	(1092, 57)
image	.		(1099, 42)	(1103, 42)	(1103, 57)	(1099, 57)
image	53		(1111, 41)	(1133, 41)	(1133, 57)	(1111, 57)
image	2		(116, 1599)	(127, 1599)	(127, 1618)	(116, 1618)
image	-		(133, 1599)	(140, 1599)	(140, 1618)	(133, 1618)
image	klášter		(145, 1599)	(205, 1599)	(205, 1618)	(145, 1618)
image	alžbětinek		(210, 1599)	(300, 1599)	(300, 1618)	(210, 1618)
image	s		(306, 1599)	(315, 1599)	(315, 1618)	(306, 1618)
image	kostelem		(321, 1599)	(400, 1599)	(400, 1618)	(321, 1618)
image	P.		(407, 1599)	(424, 1599)	(424, 1618)	(407, 1618)
image	Marie		(432, 1599)	(480, 1599)	(480, 1618)	(432, 1618)
image	od		(487, 1599)	(507, 1599)	(507, 1618)	(487, 1618)
image	jihozápadu		(513, 1599)	(610, 1599)	(610, 1618)	(513, 1618)
image	,		(612, 1599)	(615, 1599)	(615, 1618)	(612, 1618)
image	vpravo		(622, 1599)	(682, 1599)	(682, 1618)	(622, 1618)
image	kostel		(688, 1599)	(740, 1599)	(740, 1618)	(688, 1618)
image	sv		(746, 1599)	(765, 1599)	(765, 1618)	(746, 1618)
image	.		(767, 1599)	(770, 1599)	(770, 1618)	(767, 1618)
image	Apolináře		(776, 1599)	(861, 1599)	(861, 1618)	(776, 1618)
image	,		(862, 1599)	(867, 1599)	(867, 1618)	(862, 1618)
image	1740		(873, 1599)	(916, 1599)	(916, 1618)	(873, 1618)
image	(		(143, 1624)	(150, 1624)	(150, 1642)	(143, 1642)
image	převzato		(151, 1624)	(228, 1624)	(228, 1642)	(151, 1642)
image	z		(233, 1624)	(243, 1624)	(243, 1642)	(233, 1642)
image	www.ahmp.cz		(248, 1624)	(372, 1624)	(372, 1642)	(248, 1642)
image	)		(373, 1624)	(380, 1624)	(380, 1642)	(373, 1642)
image	S.Apollinaris		(945, 1092)	(1032, 1092)	(1032, 1104)	(945, 1104)
image	Kirch		(1039, 1092)	(1071, 1092)	(1071, 1104)	(1039, 1104)
image	ewwavnino		(956, 1562)	(1100, 1417)	(1118, 1436)	(974, 1580)
image	ahn		(1081, 1527)	(1120, 1488)	(1137, 1505)	(1098, 1544)
image	ahy		(1068, 1497)	(1108, 1463)	(1125, 1482)	(1085, 1517)
