IMAGE_NAME	DESCRIPTION	LANGUAGE	BBOX_1	BBOX_2	BBOX_3	BBOX_4
image	"Čáslav - Skála 2003
poč| KONTEXT ČÁST VRSTV PŘIR_Č
A
20-30 485/03
30-40 486/03
0-20
487/03
0-20 488/03
0-20 489/03
0-20 490/03
0-20 491/03
0-20 492/03
0-20 493/03
0-20
494/03
20-40 495/03
povrch 496/03
497/03
498/03
486 sekt.1404
487 sekt.1404
488
489
490
491
492
493
494
495
496
497
498
499
500 sekt.2200 skrývka povrch 499/03
501 sekt.2400
500/03
502 1100,1300 halda povrch 501/03
503 1300
povrch 502/03
povrch 503/03
504 1300,2100 halda
,2300
505 1400,2200 halda
,2400
506 2100,2300 halda
halda
507 4000
508 4100
509 4100
510 4400
halda
sběr
511 7300
povrch 504/03
povrch 505/03
povrch 506/03
507/03
508/03
509/03
510/03
K_ATY K_ZD|K_PR K_N K_SU BI
P OB OF AD MA
48
3
10
0
61
5
0
0
5
15
44
15
17
50
37
19
11
16
4
57
5
29 2
7
37
1
7
40
0 5
25 0
10
38
8
92
71
12
5
0
0
0
3
1
1
0
2
0
0
0
3
1
4
0
HOO。。
0
základní zpracování
0
0
10
0
4
4
8
6
4
1
2
0
1
20
3
25
1 15
1
r
7
7
WHN W
0
0
OOOO
0
0
0
0
0
0
0
0
0
0
0
0
0
0
0
C
0
0
0
0
OOO OO
0
0
0
0
0
10 0
25
48
22
26
56
38
45
45
31
41
22
13
16
5
80
O O O O O O O O O O O C
15
0
0
0
0
0
0
0
0
0
0
0
0
0
OOO OO
0
12 0
49
0
0
120
87
15
7
1
3 0
0
OOO OOO
0
0
0
0
ŠI mlýn BR
0
0
0
0
0
0
0
0
0
0
0
0
0
0
0
0
0
0
To
0
0
0
0
1
0
0
0
0 0
○○○○○○○○
0
0
0
0
0
0
0
0
0
0
0
0
0
0
0
To
0
0
0
0
0
0
0
oooOOOO
0
0
0
0
0
0
0
0
0
0
OOOO
0
OOOC
0
0
0
0
0
OOO
0
0
0
0
KA ΜΑ KO U
64
0
OOOOOOOO
0
1
0
0
0
0
0
0
0
0
0
0
0
92
17
38
34
98
68
48
0
90
60
20
0
2 94 20
0
40
10 104
28
0
0
2
20 ne
30
0
22
21
230
0
0
0
12
24 10
7
70
16
4
9
17
4
JOO
0
0
3
68
6
3
12
32
。。。 ∞o
ne
ne
ne
ne
ne
ne
ne
ne
ne
ne
ne
ano
ne
ne
ne
ne
ne
B
ne
ne
ne
ne
8 ne
0 ne
ne
ne
KI
0
0
0
0
0
0
0
0
0
0
0
OOO
0
0
0
0
0
0
0
0
0
0
0
OOOO
0
0
0
Dto bron
z
0
0
0
0
0
0
0
0
0
0
0
0
0
2
0
0
1
0
0
0
0
0
0
0
0
0
0 0
oc
0
0
0
0
0
0
0
0
0
0
0
0
0
0
0
0
0
Tc
0
OOO OO
OOOO
0
0
0
Fe
0
0
0
0
0
0
0
0
0
0
OOO OOO
0
0
0
0
0
0
0
0
0 0
OOO OO
0 0
0 0
0
Str
0
0
0
0
0
0
0
0
0
0
0
0
0
0 Ka-rudni
0
0
12
0
0
0
0
0
OOO O
0
0
jiné
na
0 grafit
DATACE
BR střed./ml.
BR střed./ml.
BR střed./ml.
BR střed./ml.
BR střed./ml.
BR střed./ml.
BR střed./ml.
BR střed./ml.
BR střed./ml.
BR střed./ml.
BR střed./ml.
BR střed./ml.
BR střed./ml.
BR střed./ml.
BR střed./ml.
BR střed./ml.
BR střed./ml.
BR střed./ml.
BR střed./ml.
BR střed./ml.
BR,intruze VS?
BR, intruze NV
BR střed./ml.
BR,intruze NV
PRA
BR,HA
kolečko
poznámka
zdob.okřín
přetav.keramika
nožka od pánvičky
přeslen
část přeslenu,přet.ker."	und	(57, 73)	(1512, 73)	(1512, 1165)	(57, 1165)
image	Čáslav		(57, 73)	(113, 74)	(113, 92)	(57, 91)
image	-		(117, 74)	(128, 74)	(128, 91)	(117, 91)
image	Skála		(134, 74)	(180, 75)	(180, 93)	(134, 92)
image	2003		(185, 75)	(230, 76)	(230, 94)	(185, 93)
image	poč		(61, 177)	(85, 177)	(85, 191)	(61, 191)
image	|		(86, 177)	(92, 177)	(92, 190)	(86, 190)
image	KONTEXT		(98, 177)	(161, 177)	(161, 190)	(98, 190)
image	ČÁST		(182, 175)	(215, 175)	(215, 189)	(182, 189)
image	VRSTV		(233, 178)	(276, 178)	(276, 189)	(233, 189)
image	PŘIR_Č		(303, 174)	(349, 175)	(349, 191)	(303, 190)
image	A		(249, 198)	(261, 198)	(261, 209)	(249, 209)
image	20-30		(230, 217)	(275, 217)	(275, 231)	(230, 231)
image	485/03		(286, 217)	(334, 217)	(334, 230)	(286, 230)
image	30-40		(231, 247)	(276, 248)	(276, 262)	(231, 261)
image	486/03		(287, 248)	(335, 249)	(335, 263)	(287, 262)
image	0-20		(230, 282)	(267, 281)	(267, 292)	(230, 293)
image	487/03		(286, 282)	(333, 282)	(333, 294)	(286, 294)
image	0-20		(231, 313)	(267, 313)	(267, 323)	(231, 323)
image	488/03		(287, 313)	(334, 313)	(334, 325)	(287, 325)
image	0-20		(230, 345)	(268, 345)	(268, 355)	(230, 355)
image	489/03		(287, 346)	(334, 346)	(334, 358)	(287, 358)
image	0-20		(230, 377)	(268, 377)	(268, 387)	(230, 387)
image	490/03		(287, 376)	(335, 376)	(335, 389)	(287, 389)
image	0-20		(230, 409)	(268, 409)	(268, 419)	(230, 419)
image	491/03		(286, 408)	(335, 408)	(335, 420)	(286, 420)
image	0-20		(230, 439)	(268, 439)	(268, 449)	(230, 449)
image	492/03		(287, 439)	(335, 439)	(335, 452)	(287, 452)
image	0-20		(231, 470)	(268, 471)	(268, 483)	(231, 482)
image	493/03		(287, 470)	(334, 470)	(334, 482)	(287, 482)
image	0-20		(230, 502)	(267, 500)	(267, 511)	(231, 513)
image	494/03		(286, 502)	(334, 502)	(334, 514)	(286, 514)
image	20-40		(231, 531)	(275, 532)	(275, 546)	(231, 545)
image	495/03		(287, 532)	(335, 533)	(335, 547)	(287, 546)
image	povrch		(231, 565)	(276, 565)	(276, 578)	(231, 578)
image	496/03		(287, 565)	(334, 565)	(334, 578)	(287, 578)
image	497/03		(287, 595)	(334, 596)	(334, 609)	(287, 608)
image	498/03		(287, 629)	(335, 629)	(335, 642)	(287, 642)
image	486		(61, 219)	(86, 219)	(86, 230)	(61, 230)
image	sekt.1404		(94, 219)	(158, 219)	(158, 230)	(94, 230)
image	487		(61, 249)	(85, 249)	(85, 262)	(61, 262)
image	sekt.1404		(93, 249)	(156, 248)	(156, 261)	(93, 262)
image	488		(60, 282)	(87, 282)	(87, 293)	(60, 293)
image	489		(61, 313)	(86, 313)	(86, 324)	(61, 324)
image	490		(61, 345)	(86, 345)	(86, 356)	(61, 356)
image	491		(61, 376)	(85, 376)	(85, 387)	(61, 387)
image	492		(61, 408)	(86, 408)	(86, 419)	(61, 419)
image	493		(61, 439)	(86, 439)	(86, 450)	(61, 450)
image	494		(61, 471)	(86, 471)	(86, 481)	(61, 481)
image	495		(61, 502)	(85, 502)	(85, 512)	(61, 512)
image	496		(61, 534)	(85, 534)	(85, 544)	(61, 544)
image	497		(61, 565)	(86, 565)	(86, 576)	(61, 576)
image	498		(61, 597)	(86, 597)	(86, 608)	(61, 608)
image	499		(61, 630)	(86, 630)	(86, 641)	(61, 641)
image	500		(62, 668)	(87, 668)	(87, 681)	(62, 681)
image	sekt.2200		(94, 668)	(157, 668)	(157, 681)	(94, 681)
image	skrývka		(174, 668)	(222, 668)	(222, 681)	(174, 681)
image	povrch		(232, 668)	(274, 668)	(274, 682)	(232, 682)
image	499/03		(286, 669)	(333, 669)	(333, 682)	(286, 682)
image	501		(62, 700)	(85, 700)	(85, 712)	(62, 712)
image	sekt.2400		(93, 700)	(156, 700)	(156, 711)	(93, 711)
image	500/03		(287, 701)	(334, 701)	(334, 713)	(287, 713)
image	502		(62, 731)	(85, 731)	(85, 744)	(62, 744)
image	1100,1300		(94, 731)	(162, 731)	(162, 743)	(94, 743)
image	halda		(173, 731)	(209, 731)	(209, 743)	(173, 743)
image	povrch		(231, 731)	(274, 731)	(274, 746)	(231, 746)
image	501/03		(286, 731)	(334, 731)	(334, 745)	(286, 745)
image	503		(61, 763)	(85, 763)	(85, 775)	(61, 775)
image	1300		(93, 763)	(126, 763)	(126, 774)	(93, 774)
image	povrch		(231, 764)	(275, 763)	(275, 776)	(231, 777)
image	502/03		(287, 763)	(334, 762)	(334, 775)	(287, 776)
image	povrch		(231, 794)	(274, 794)	(274, 808)	(231, 808)
image	503/03		(286, 794)	(333, 794)	(333, 807)	(286, 807)
image	504		(61, 794)	(85, 794)	(85, 808)	(61, 808)
image	1300,2100		(94, 794)	(162, 793)	(162, 807)	(94, 808)
image	halda		(173, 793)	(209, 793)	(209, 807)	(173, 807)
image	,		(93, 816)	(98, 816)	(98, 827)	(93, 827)
image	2300		(97, 815)	(131, 814)	(131, 825)	(97, 826)
image	505		(62, 835)	(85, 835)	(85, 847)	(62, 847)
image	1400,2200		(93, 835)	(162, 835)	(162, 846)	(93, 846)
image	halda		(173, 835)	(208, 835)	(208, 846)	(173, 846)
image	,		(93, 856)	(98, 856)	(98, 867)	(93, 867)
image	2400		(98, 856)	(130, 856)	(130, 867)	(98, 867)
image	506		(62, 876)	(85, 876)	(85, 889)	(62, 889)
image	2100,2300		(93, 876)	(162, 875)	(162, 888)	(93, 889)
image	halda		(173, 875)	(209, 875)	(209, 887)	(173, 887)
image	halda		(174, 907)	(211, 907)	(211, 919)	(174, 919)
image	507		(62, 909)	(86, 909)	(86, 919)	(62, 919)
image	4000		(93, 909)	(127, 909)	(127, 919)	(93, 919)
image	508		(61, 938)	(85, 938)	(85, 950)	(61, 950)
image	4100		(92, 938)	(125, 938)	(125, 949)	(92, 949)
image	509		(61, 970)	(85, 970)	(85, 982)	(61, 982)
image	4100		(92, 970)	(125, 970)	(125, 981)	(92, 981)
image	510		(61, 1003)	(85, 1003)	(85, 1013)	(61, 1013)
image	4400		(92, 1003)	(126, 1003)	(126, 1013)	(92, 1013)
image	halda		(174, 565)	(210, 565)	(210, 576)	(174, 576)
image	sběr		(174, 597)	(202, 597)	(202, 608)	(174, 608)
image	511		(61, 1034)	(86, 1034)	(86, 1044)	(61, 1044)
image	7300		(95, 1034)	(126, 1035)	(126, 1046)	(95, 1045)
image	povrch		(231, 836)	(276, 836)	(276, 849)	(231, 849)
image	504/03		(287, 836)	(334, 836)	(334, 849)	(287, 849)
image	povrch		(231, 876)	(276, 876)	(276, 888)	(231, 888)
image	505/03		(287, 876)	(335, 876)	(335, 888)	(287, 888)
image	povrch		(231, 908)	(275, 908)	(275, 921)	(231, 921)
image	506/03		(287, 908)	(335, 908)	(335, 921)	(287, 921)
image	507/03		(287, 937)	(335, 938)	(335, 952)	(287, 951)
image	508/03		(287, 969)	(335, 970)	(335, 985)	(287, 984)
image	509/03		(287, 1001)	(335, 1001)	(335, 1013)	(287, 1013)
image	510/03		(287, 1033)	(335, 1033)	(335, 1046)	(287, 1046)
image	K_ATY		(376, 176)	(420, 176)	(420, 190)	(376, 190)
image	K_ZD		(430, 176)	(463, 176)	(463, 190)	(430, 190)
image	|		(464, 176)	(472, 176)	(472, 190)	(464, 190)
image	K_PR		(472, 176)	(507, 176)	(507, 190)	(472, 190)
image	K_N		(518, 176)	(545, 176)	(545, 190)	(518, 190)
image	K_SU		(564, 176)	(599, 176)	(599, 190)	(564, 190)
image	BI		(624, 178)	(637, 178)	(637, 189)	(624, 189)
image	P		(392, 199)	(402, 199)	(402, 209)	(392, 209)
image	OB		(436, 198)	(456, 198)	(456, 209)	(436, 209)
image	OF		(479, 198)	(497, 198)	(497, 209)	(479, 209)
image	AD		(521, 198)	(540, 198)	(540, 210)	(521, 210)
image	MA		(570, 198)	(593, 198)	(593, 209)	(570, 209)
image	48		(404, 219)	(421, 219)	(421, 230)	(404, 230)
image	3		(455, 219)	(464, 219)	(464, 231)	(455, 231)
image	10		(490, 219)	(506, 219)	(506, 230)	(490, 230)
image	0		(540, 219)	(549, 219)	(549, 230)	(540, 230)
image	61		(589, 219)	(606, 219)	(606, 230)	(589, 230)
image	5		(455, 250)	(465, 250)	(465, 263)	(455, 263)
image	0		(497, 250)	(506, 250)	(506, 261)	(497, 261)
image	0		(455, 282)	(464, 282)	(464, 293)	(455, 293)
image	5		(412, 250)	(422, 250)	(422, 260)	(412, 260)
image	15		(406, 283)	(421, 283)	(421, 294)	(406, 294)
image	44		(405, 314)	(420, 314)	(420, 323)	(405, 323)
image	15		(405, 346)	(420, 346)	(420, 356)	(405, 356)
image	17		(405, 376)	(420, 376)	(420, 386)	(405, 386)
image	50		(405, 409)	(420, 409)	(420, 419)	(405, 419)
image	37		(405, 566)	(421, 566)	(421, 576)	(405, 576)
image	19		(405, 598)	(422, 598)	(422, 609)	(405, 609)
image	11		(406, 630)	(419, 630)	(419, 640)	(406, 640)
image	16		(406, 669)	(420, 669)	(420, 680)	(406, 680)
image	4		(412, 701)	(421, 701)	(421, 711)	(412, 711)
image	57		(405, 732)	(422, 732)	(422, 742)	(405, 742)
image	5		(498, 409)	(507, 409)	(507, 419)	(498, 419)
image	29		(405, 440)	(422, 440)	(422, 450)	(405, 450)
image	2		(454, 439)	(464, 439)	(464, 450)	(454, 450)
image	7		(498, 439)	(507, 439)	(507, 450)	(498, 450)
image	37		(405, 471)	(421, 471)	(421, 483)	(405, 483)
image	1		(456, 471)	(465, 471)	(465, 482)	(456, 482)
image	7		(498, 471)	(507, 471)	(507, 482)	(498, 482)
image	40		(405, 502)	(420, 502)	(420, 513)	(405, 513)
image	0		(455, 502)	(464, 502)	(464, 513)	(455, 513)
image	5		(497, 502)	(506, 502)	(506, 513)	(497, 513)
image	25		(404, 535)	(421, 535)	(421, 545)	(404, 545)
image	0		(455, 534)	(464, 534)	(464, 545)	(455, 545)
image	10		(406, 765)	(421, 765)	(421, 775)	(406, 775)
image	38		(405, 795)	(421, 795)	(421, 806)	(405, 806)
image	8		(412, 836)	(423, 836)	(423, 846)	(412, 846)
image	92		(404, 876)	(422, 876)	(422, 886)	(404, 886)
image	71		(406, 907)	(419, 907)	(419, 918)	(406, 918)
image	12		(405, 939)	(422, 939)	(422, 949)	(405, 949)
image	5		(412, 970)	(423, 970)	(423, 982)	(412, 982)
image	0		(412, 1002)	(422, 1002)	(422, 1012)	(412, 1012)
image	0		(455, 314)	(464, 314)	(464, 324)	(455, 324)
image	0		(412, 1034)	(421, 1034)	(421, 1044)	(412, 1044)
image	3		(455, 345)	(463, 345)	(463, 355)	(455, 355)
image	1		(456, 376)	(464, 376)	(464, 386)	(456, 386)
image	1		(456, 408)	(464, 408)	(464, 418)	(456, 418)
image	0		(455, 566)	(463, 566)	(463, 576)	(455, 576)
image	2		(455, 598)	(464, 598)	(464, 608)	(455, 608)
image	0		(455, 630)	(464, 630)	(464, 640)	(455, 640)
image	0		(455, 670)	(463, 670)	(463, 681)	(455, 681)
image	0		(455, 702)	(463, 702)	(463, 712)	(455, 712)
image	3		(455, 732)	(464, 732)	(464, 743)	(455, 743)
image	1		(456, 764)	(464, 764)	(464, 775)	(456, 775)
image	4		(456, 796)	(463, 796)	(463, 806)	(456, 806)
image	0		(455, 837)	(464, 837)	(464, 847)	(455, 847)
image	HOO		(464, 911)	(465, 981)	(454, 981)	(453, 911)
image	。。		(465, 1000)	(466, 1045)	(456, 1045)	(455, 1000)
image	0		(455, 939)	(465, 939)	(465, 950)	(455, 950)
image	základní		(470, 74)	(545, 75)	(545, 94)	(470, 93)
image	zpracování		(548, 75)	(646, 76)	(646, 95)	(548, 94)
image	0		(455, 971)	(464, 971)	(464, 982)	(455, 982)
image	0		(455, 1002)	(464, 1002)	(464, 1012)	(455, 1012)
image	10		(490, 283)	(506, 283)	(506, 294)	(490, 294)
image	0		(455, 1034)	(464, 1034)	(464, 1044)	(455, 1044)
image	4		(498, 314)	(506, 314)	(506, 323)	(498, 323)
image	4		(498, 346)	(506, 346)	(506, 355)	(498, 355)
image	8		(497, 377)	(507, 377)	(507, 387)	(497, 387)
image	6		(498, 534)	(507, 534)	(507, 544)	(498, 544)
image	4		(498, 566)	(506, 566)	(506, 575)	(498, 575)
image	1		(498, 597)	(506, 597)	(506, 607)	(498, 607)
image	2		(497, 630)	(506, 630)	(506, 640)	(497, 640)
image	0		(498, 669)	(507, 669)	(507, 679)	(498, 679)
image	1		(498, 701)	(506, 701)	(506, 712)	(498, 712)
image	20		(490, 733)	(506, 733)	(506, 743)	(490, 743)
image	3		(455, 876)	(465, 876)	(465, 887)	(455, 887)
image	25		(490, 876)	(505, 876)	(505, 887)	(490, 887)
image	1		(456, 908)	(464, 908)	(464, 919)	(456, 919)
image	15		(490, 908)	(505, 908)	(505, 919)	(490, 919)
image	1		(498, 765)	(506, 765)	(506, 775)	(498, 775)
image	r		(506, 792)	(506, 803)	(498, 803)	(498, 792)
image	7		(498, 795)	(506, 795)	(506, 806)	(498, 806)
image	7		(498, 836)	(507, 836)	(507, 846)	(498, 846)
image	WHN		(497, 1046)	(495, 972)	(505, 972)	(507, 1046)
image	W		(494, 951)	(494, 940)	(504, 940)	(504, 951)
image	0		(540, 251)	(549, 251)	(549, 261)	(540, 261)
image	0		(540, 283)	(549, 283)	(549, 294)	(540, 294)
image	OOOO		(548, 312)	(548, 419)	(541, 419)	(541, 312)
image	0		(540, 313)	(549, 313)	(549, 323)	(540, 323)
image	0		(540, 345)	(549, 345)	(549, 355)	(540, 355)
image	0		(540, 377)	(549, 377)	(549, 387)	(540, 387)
image	0		(540, 409)	(549, 409)	(549, 419)	(540, 419)
image	0		(540, 440)	(548, 440)	(548, 451)	(540, 451)
image	0		(540, 471)	(549, 471)	(549, 482)	(540, 482)
image	0		(540, 503)	(548, 503)	(548, 514)	(540, 514)
image	0		(540, 535)	(549, 535)	(549, 546)	(540, 546)
image	0		(540, 566)	(549, 566)	(549, 576)	(540, 576)
image	0		(540, 598)	(549, 598)	(549, 608)	(540, 608)
image	0		(540, 630)	(549, 630)	(549, 640)	(540, 640)
image	0		(541, 669)	(549, 669)	(549, 679)	(541, 679)
image	0		(541, 701)	(549, 701)	(549, 711)	(541, 711)
image	0		(540, 733)	(549, 733)	(549, 743)	(540, 743)
image	0		(540, 765)	(548, 765)	(548, 775)	(540, 775)
image	C		(540, 794)	(547, 794)	(547, 804)	(540, 804)
image	0		(540, 796)	(549, 796)	(549, 806)	(540, 806)
image	0		(540, 837)	(549, 837)	(549, 847)	(540, 847)
image	0		(540, 876)	(549, 876)	(549, 887)	(540, 887)
image	0		(540, 907)	(550, 907)	(550, 918)	(540, 918)
image	OOO		(548, 917)	(548, 982)	(540, 982)	(540, 917)
image	OO		(548, 1001)	(548, 1044)	(540, 1044)	(540, 1001)
image	0		(540, 939)	(550, 939)	(550, 950)	(540, 950)
image	0		(540, 971)	(550, 971)	(550, 982)	(540, 982)
image	0		(540, 1002)	(549, 1002)	(549, 1013)	(540, 1013)
image	0		(540, 1034)	(549, 1034)	(549, 1045)	(540, 1045)
image	0		(639, 219)	(649, 219)	(649, 230)	(639, 230)
image	10		(589, 250)	(605, 250)	(605, 261)	(589, 261)
image	0		(639, 250)	(648, 250)	(648, 261)	(639, 261)
image	25		(588, 282)	(605, 282)	(605, 292)	(588, 292)
image	48		(588, 313)	(605, 313)	(605, 324)	(588, 324)
image	22		(588, 345)	(605, 345)	(605, 356)	(588, 356)
image	26		(588, 376)	(605, 376)	(605, 386)	(588, 386)
image	56		(589, 408)	(605, 408)	(605, 419)	(589, 419)
image	38		(589, 439)	(606, 439)	(606, 450)	(589, 450)
image	45		(589, 471)	(604, 471)	(604, 482)	(589, 482)
image	45		(588, 502)	(605, 502)	(605, 513)	(588, 513)
image	31		(589, 535)	(605, 535)	(605, 546)	(589, 546)
image	41		(589, 565)	(605, 565)	(605, 575)	(589, 575)
image	22		(588, 597)	(605, 597)	(605, 607)	(588, 607)
image	13		(589, 629)	(605, 629)	(605, 640)	(589, 640)
image	16		(589, 669)	(606, 669)	(606, 681)	(589, 681)
image	5		(597, 702)	(606, 702)	(606, 712)	(597, 712)
image	80		(589, 732)	(605, 732)	(605, 742)	(589, 742)
image	O		(638, 281)	(646, 281)	(646, 294)	(638, 294)
image	O		(638, 312)	(646, 312)	(646, 325)	(638, 325)
image	O		(638, 344)	(646, 344)	(646, 357)	(638, 357)
image	O		(638, 375)	(646, 375)	(646, 388)	(638, 388)
image	O		(638, 407)	(646, 407)	(646, 420)	(638, 420)
image	O		(638, 438)	(646, 438)	(646, 451)	(638, 451)
image	O		(638, 470)	(646, 470)	(646, 483)	(638, 483)
image	O		(638, 501)	(646, 501)	(646, 513)	(638, 513)
image	O		(638, 533)	(646, 533)	(646, 545)	(638, 545)
image	O		(638, 564)	(646, 564)	(646, 577)	(638, 577)
image	O		(638, 596)	(646, 596)	(646, 609)	(638, 609)
image	C		(638, 628)	(646, 628)	(646, 640)	(638, 640)
image	15		(589, 836)	(605, 836)	(605, 847)	(589, 847)
image	0		(640, 282)	(648, 282)	(648, 292)	(640, 292)
image	0		(639, 313)	(648, 313)	(648, 323)	(639, 323)
image	0		(639, 345)	(648, 345)	(648, 355)	(639, 355)
image	0		(640, 376)	(649, 376)	(649, 386)	(640, 386)
image	0		(640, 408)	(649, 408)	(649, 418)	(640, 418)
image	0		(640, 439)	(649, 439)	(649, 450)	(640, 450)
image	0		(640, 471)	(649, 471)	(649, 481)	(640, 481)
image	0		(640, 502)	(649, 502)	(649, 512)	(640, 512)
image	0		(640, 534)	(648, 534)	(648, 544)	(640, 544)
image	0		(639, 565)	(648, 565)	(648, 575)	(639, 575)
image	0		(639, 597)	(648, 597)	(648, 607)	(639, 607)
image	0		(639, 629)	(648, 629)	(648, 639)	(639, 639)
image	0		(639, 669)	(648, 669)	(648, 679)	(639, 679)
image	OOO		(647, 669)	(647, 742)	(640, 742)	(640, 669)
image	OO		(647, 763)	(647, 805)	(640, 805)	(640, 763)
image	0		(639, 732)	(648, 732)	(648, 742)	(639, 742)
image	12		(589, 764)	(606, 764)	(606, 775)	(589, 775)
image	0		(639, 764)	(648, 764)	(648, 775)	(639, 775)
image	49		(588, 796)	(606, 796)	(606, 807)	(588, 807)
image	0		(640, 795)	(649, 795)	(649, 805)	(640, 805)
image	0		(639, 836)	(648, 836)	(648, 846)	(639, 846)
image	120		(581, 876)	(607, 876)	(607, 887)	(581, 887)
image	87		(589, 908)	(605, 908)	(605, 919)	(589, 919)
image	15		(589, 938)	(605, 938)	(605, 950)	(589, 950)
image	7		(596, 971)	(606, 971)	(606, 982)	(596, 982)
image	1		(597, 1003)	(606, 1003)	(606, 1014)	(597, 1014)
image	3		(597, 1034)	(606, 1034)	(606, 1046)	(597, 1046)
image	0		(639, 1034)	(648, 1034)	(648, 1044)	(639, 1044)
image	0		(640, 876)	(649, 876)	(649, 887)	(640, 887)
image	OOO		(638, 1043)	(637, 971)	(648, 971)	(649, 1043)
image	OOO		(637, 951)	(636, 876)	(646, 876)	(647, 951)
image	0		(639, 909)	(648, 909)	(648, 919)	(639, 919)
image	0		(640, 938)	(649, 938)	(649, 949)	(640, 949)
image	0		(640, 971)	(649, 971)	(649, 982)	(640, 982)
image	0		(640, 1002)	(649, 1002)	(649, 1012)	(640, 1012)
image	ŠI		(667, 177)	(679, 177)	(679, 190)	(667, 190)
image	mlýn		(700, 177)	(732, 177)	(732, 192)	(700, 192)
image	BR		(748, 177)	(767, 177)	(767, 191)	(748, 191)
image	0		(682, 219)	(691, 219)	(691, 230)	(682, 230)
image	0		(682, 250)	(691, 250)	(691, 261)	(682, 261)
image	0		(682, 282)	(691, 282)	(691, 292)	(682, 292)
image	0		(682, 313)	(691, 313)	(691, 323)	(682, 323)
image	0		(682, 345)	(691, 345)	(691, 356)	(682, 356)
image	0		(682, 377)	(691, 377)	(691, 388)	(682, 388)
image	0		(682, 409)	(691, 409)	(691, 420)	(682, 420)
image	0		(682, 439)	(691, 439)	(691, 450)	(682, 450)
image	0		(682, 471)	(691, 471)	(691, 482)	(682, 482)
image	0		(682, 502)	(691, 502)	(691, 512)	(682, 512)
image	0		(682, 534)	(691, 534)	(691, 544)	(682, 544)
image	0		(682, 566)	(691, 566)	(691, 576)	(682, 576)
image	0		(682, 598)	(691, 598)	(691, 608)	(682, 608)
image	0		(682, 630)	(691, 630)	(691, 640)	(682, 640)
image	0		(682, 670)	(690, 670)	(690, 680)	(682, 680)
image	0		(682, 701)	(691, 701)	(691, 712)	(682, 712)
image	0		(682, 733)	(691, 733)	(691, 743)	(682, 743)
image	0		(682, 765)	(691, 765)	(691, 775)	(682, 775)
image	To		(693, 780)	(693, 805)	(681, 805)	(681, 780)
image	0		(682, 796)	(691, 796)	(691, 806)	(682, 806)
image	0		(682, 836)	(691, 836)	(691, 847)	(682, 847)
image	0		(682, 875)	(692, 875)	(692, 887)	(682, 887)
image	0		(682, 907)	(692, 907)	(692, 918)	(682, 918)
image	1		(682, 938)	(691, 938)	(691, 950)	(682, 950)
image	0		(682, 971)	(691, 971)	(691, 982)	(682, 982)
image	0		(682, 1002)	(691, 1002)	(691, 1013)	(682, 1013)
image	0		(682, 1035)	(691, 1035)	(691, 1045)	(682, 1045)
image	0		(724, 219)	(734, 219)	(734, 230)	(724, 230)
image	0		(767, 219)	(776, 219)	(776, 229)	(767, 229)
image	○○○○○○○○		(723, 451)	(723, 219)	(733, 219)	(733, 451)
image	0		(725, 283)	(734, 283)	(734, 293)	(725, 293)
image	0		(725, 314)	(734, 314)	(734, 324)	(725, 324)
image	0		(724, 377)	(733, 377)	(733, 387)	(724, 387)
image	0		(724, 409)	(733, 409)	(733, 419)	(724, 419)
image	0		(725, 440)	(734, 440)	(734, 450)	(725, 450)
image	0		(725, 471)	(734, 471)	(734, 482)	(725, 482)
image	0		(725, 502)	(734, 502)	(734, 513)	(725, 513)
image	0		(725, 534)	(734, 534)	(734, 544)	(725, 544)
image	0		(725, 565)	(733, 565)	(733, 575)	(725, 575)
image	0		(725, 598)	(734, 598)	(734, 608)	(725, 608)
image	0		(725, 630)	(734, 630)	(734, 640)	(725, 640)
image	0		(725, 670)	(734, 670)	(734, 680)	(725, 680)
image	0		(724, 701)	(733, 701)	(733, 712)	(724, 712)
image	0		(725, 733)	(734, 733)	(734, 743)	(725, 743)
image	0		(725, 765)	(734, 765)	(734, 775)	(725, 775)
image	To		(726, 784)	(736, 784)	(736, 800)	(726, 800)
image	0		(725, 796)	(733, 796)	(733, 806)	(725, 806)
image	0		(725, 836)	(734, 836)	(734, 846)	(725, 846)
image	0		(725, 877)	(734, 877)	(734, 887)	(725, 887)
image	0		(725, 909)	(733, 909)	(733, 920)	(725, 920)
image	0		(725, 939)	(734, 939)	(734, 949)	(725, 949)
image	0		(724, 971)	(733, 971)	(733, 982)	(724, 982)
image	0		(725, 1002)	(734, 1002)	(734, 1013)	(725, 1013)
image	oooOOOO		(764, 219)	(773, 219)	(773, 420)	(764, 420)
image	0		(725, 1035)	(733, 1035)	(733, 1046)	(725, 1046)
image	0		(767, 250)	(776, 250)	(776, 261)	(767, 261)
image	0		(767, 283)	(776, 283)	(776, 294)	(767, 294)
image	0		(767, 313)	(776, 313)	(776, 323)	(767, 323)
image	0		(767, 345)	(776, 345)	(776, 355)	(767, 355)
image	0		(767, 376)	(776, 376)	(776, 386)	(767, 386)
image	0		(767, 408)	(775, 408)	(775, 418)	(767, 418)
image	0		(767, 439)	(775, 439)	(775, 449)	(767, 449)
image	0		(767, 471)	(776, 471)	(776, 482)	(767, 482)
image	0		(767, 503)	(776, 503)	(776, 513)	(767, 513)
image	OOOO		(774, 533)	(774, 640)	(767, 640)	(767, 533)
image	0		(767, 535)	(776, 535)	(776, 546)	(767, 546)
image	OOOC		(774, 669)	(774, 772)	(767, 772)	(767, 669)
image	0		(767, 764)	(775, 764)	(775, 774)	(767, 774)
image	0		(767, 795)	(775, 795)	(775, 805)	(767, 805)
image	0		(767, 837)	(775, 837)	(775, 847)	(767, 847)
image	0		(767, 877)	(776, 877)	(776, 887)	(767, 887)
image	0		(767, 909)	(775, 909)	(775, 919)	(767, 919)
image	OOO		(775, 911)	(775, 980)	(767, 980)	(767, 911)
image	0		(767, 939)	(776, 939)	(776, 950)	(767, 950)
image	0		(767, 971)	(776, 971)	(776, 982)	(767, 982)
image	0		(767, 1002)	(776, 1002)	(776, 1013)	(767, 1013)
image	0		(767, 1034)	(776, 1034)	(776, 1044)	(767, 1044)
image	KA		(792, 178)	(811, 178)	(811, 189)	(792, 189)
image	ΜΑ		(833, 179)	(855, 179)	(855, 189)	(833, 189)
image	KO		(877, 178)	(894, 178)	(894, 189)	(877, 189)
image	U		(923, 178)	(935, 178)	(935, 189)	(923, 189)
image	64		(783, 1154)	(800, 1154)	(800, 1165)	(783, 1165)
image	0		(809, 219)	(818, 219)	(818, 230)	(809, 230)
image	OOOOOOOO		(807, 577)	(809, 220)	(820, 220)	(818, 577)
image	0		(809, 440)	(817, 440)	(817, 450)	(809, 450)
image	1		(810, 598)	(818, 598)	(818, 608)	(810, 608)
image	0		(809, 669)	(817, 669)	(817, 679)	(809, 679)
image	0		(810, 702)	(818, 702)	(818, 712)	(810, 712)
image	0		(810, 732)	(818, 732)	(818, 742)	(810, 742)
image	0		(809, 765)	(818, 765)	(818, 775)	(809, 775)
image	0		(810, 795)	(818, 795)	(818, 805)	(810, 805)
image	0		(810, 836)	(818, 836)	(818, 846)	(810, 846)
image	0		(809, 876)	(818, 876)	(818, 887)	(809, 887)
image	0		(809, 909)	(818, 909)	(818, 919)	(809, 919)
image	0		(809, 939)	(818, 939)	(818, 950)	(809, 950)
image	0		(809, 971)	(819, 971)	(819, 983)	(809, 983)
image	0		(809, 1001)	(819, 1001)	(819, 1013)	(809, 1013)
image	92		(844, 220)	(861, 220)	(861, 231)	(844, 231)
image	17		(844, 250)	(862, 250)	(862, 261)	(844, 261)
image	38		(844, 282)	(862, 282)	(862, 293)	(844, 293)
image	34		(845, 313)	(861, 313)	(861, 324)	(845, 324)
image	98		(844, 345)	(861, 345)	(861, 356)	(844, 356)
image	68		(844, 376)	(861, 376)	(861, 387)	(844, 387)
image	48		(843, 408)	(861, 408)	(861, 419)	(843, 419)
image	0		(809, 1034)	(818, 1034)	(818, 1044)	(809, 1044)
image	90		(844, 440)	(861, 440)	(861, 450)	(844, 450)
image	60		(844, 534)	(860, 534)	(860, 545)	(844, 545)
image	20		(845, 566)	(861, 566)	(861, 576)	(845, 576)
image	0		(852, 669)	(861, 669)	(861, 679)	(852, 679)
image	2		(809, 629)	(818, 629)	(818, 639)	(809, 639)
image	94		(844, 630)	(861, 630)	(861, 641)	(844, 641)
image	20		(887, 630)	(903, 630)	(903, 640)	(887, 640)
image	0		(852, 702)	(861, 702)	(861, 712)	(852, 712)
image	40		(844, 733)	(859, 733)	(859, 743)	(844, 743)
image	10		(845, 471)	(861, 471)	(861, 482)	(845, 482)
image	104		(879, 470)	(903, 470)	(903, 482)	(879, 482)
image	28		(844, 502)	(861, 502)	(861, 512)	(844, 512)
image	0		(852, 764)	(861, 764)	(861, 774)	(852, 774)
image	0		(852, 796)	(860, 796)	(860, 806)	(852, 806)
image	2		(852, 837)	(861, 837)	(861, 847)	(852, 847)
image	20		(887, 219)	(904, 219)	(904, 230)	(887, 230)
image	ne		(930, 222)	(947, 222)	(947, 230)	(930, 230)
image	30		(844, 876)	(862, 876)	(862, 887)	(844, 887)
image	0		(894, 251)	(903, 251)	(903, 261)	(894, 261)
image	22		(844, 908)	(860, 908)	(860, 918)	(844, 918)
image	21		(887, 283)	(902, 283)	(902, 293)	(887, 293)
image	230		(836, 938)	(861, 937)	(861, 950)	(836, 951)
image	0		(852, 971)	(861, 971)	(861, 982)	(852, 982)
image	0		(852, 1002)	(861, 1002)	(861, 1013)	(852, 1013)
image	0		(852, 1034)	(861, 1034)	(861, 1045)	(852, 1045)
image	12		(887, 314)	(903, 314)	(903, 324)	(887, 324)
image	24		(845, 597)	(861, 597)	(861, 608)	(845, 608)
image	10		(887, 597)	(902, 597)	(902, 608)	(887, 608)
image	7		(895, 345)	(904, 345)	(904, 355)	(895, 355)
image	70		(887, 377)	(902, 377)	(902, 387)	(887, 387)
image	16		(887, 408)	(903, 408)	(903, 419)	(887, 419)
image	4		(895, 440)	(903, 440)	(903, 450)	(895, 450)
image	9		(895, 502)	(904, 502)	(904, 512)	(895, 512)
image	17		(887, 535)	(903, 535)	(903, 546)	(887, 546)
image	4		(895, 566)	(903, 566)	(903, 575)	(895, 575)
image	JOO		(893, 738)	(893, 669)	(902, 669)	(902, 738)
image	0		(895, 670)	(903, 670)	(903, 679)	(895, 679)
image	0		(895, 702)	(903, 702)	(903, 712)	(895, 712)
image	3		(895, 733)	(903, 733)	(903, 744)	(895, 744)
image	68		(887, 764)	(903, 764)	(903, 775)	(887, 775)
image	6		(895, 796)	(903, 796)	(903, 806)	(895, 806)
image	3		(895, 837)	(903, 837)	(903, 847)	(895, 847)
image	12		(887, 877)	(902, 877)	(902, 887)	(887, 887)
image	32		(887, 908)	(903, 908)	(903, 919)	(887, 919)
image	。。。		(895, 1046)	(893, 971)	(902, 971)	(904, 1046)
image	∞o		(892, 951)	(892, 939)	(901, 939)	(901, 951)
image	ne		(930, 253)	(947, 253)	(947, 261)	(930, 261)
image	ne		(930, 285)	(946, 285)	(946, 293)	(930, 293)
image	ne		(930, 316)	(945, 316)	(945, 324)	(930, 324)
image	ne		(930, 348)	(946, 348)	(946, 356)	(930, 356)
image	ne		(930, 379)	(946, 379)	(946, 386)	(930, 386)
image	ne		(930, 411)	(945, 411)	(945, 418)	(930, 418)
image	ne		(930, 442)	(946, 442)	(946, 450)	(930, 450)
image	ne		(930, 474)	(946, 474)	(946, 482)	(930, 482)
image	ne		(930, 505)	(946, 505)	(946, 513)	(930, 513)
image	ne		(930, 537)	(947, 537)	(947, 545)	(930, 545)
image	ne		(930, 568)	(945, 568)	(945, 576)	(930, 576)
image	ano		(921, 600)	(946, 600)	(946, 608)	(921, 608)
image	ne		(930, 632)	(945, 632)	(945, 640)	(930, 640)
image	ne		(930, 672)	(945, 672)	(945, 680)	(930, 680)
image	ne		(930, 704)	(947, 704)	(947, 712)	(930, 712)
image	ne		(930, 734)	(945, 734)	(945, 742)	(930, 742)
image	ne		(930, 766)	(945, 766)	(945, 774)	(930, 774)
image	B		(932, 802)	(932, 793)	(945, 793)	(945, 802)
image	ne		(930, 797)	(945, 797)	(945, 805)	(930, 805)
image	ne		(930, 839)	(945, 839)	(945, 846)	(930, 846)
image	ne		(930, 879)	(946, 879)	(946, 887)	(930, 887)
image	ne		(930, 911)	(945, 911)	(945, 919)	(930, 919)
image	8		(894, 939)	(905, 939)	(905, 949)	(894, 949)
image	ne		(930, 942)	(945, 942)	(945, 949)	(930, 949)
image	0		(894, 972)	(903, 972)	(903, 982)	(894, 982)
image	ne		(930, 974)	(945, 974)	(945, 982)	(930, 982)
image	ne		(930, 1005)	(947, 1005)	(947, 1013)	(930, 1013)
image	ne		(930, 1036)	(945, 1036)	(945, 1045)	(930, 1045)
image	KI		(965, 178)	(978, 178)	(978, 189)	(965, 189)
image	0		(980, 219)	(990, 219)	(990, 230)	(980, 230)
image	0		(979, 250)	(988, 250)	(988, 261)	(979, 261)
image	0		(979, 282)	(989, 282)	(989, 293)	(979, 293)
image	0		(979, 313)	(988, 313)	(988, 323)	(979, 323)
image	0		(979, 345)	(988, 345)	(988, 355)	(979, 355)
image	0		(979, 376)	(988, 376)	(988, 386)	(979, 386)
image	0		(980, 408)	(989, 408)	(989, 418)	(980, 418)
image	0		(979, 439)	(988, 439)	(988, 449)	(979, 449)
image	0		(979, 471)	(988, 471)	(988, 481)	(979, 481)
image	0		(979, 501)	(989, 501)	(989, 512)	(979, 512)
image	0		(979, 533)	(989, 533)	(989, 544)	(979, 544)
image	OOO		(987, 534)	(987, 607)	(980, 607)	(980, 534)
image	0		(979, 565)	(988, 565)	(988, 576)	(979, 576)
image	0		(979, 597)	(988, 597)	(988, 607)	(979, 607)
image	0		(979, 629)	(989, 629)	(989, 639)	(979, 639)
image	0		(980, 670)	(988, 670)	(988, 680)	(980, 680)
image	0		(980, 701)	(989, 701)	(989, 711)	(980, 711)
image	0		(980, 733)	(988, 733)	(988, 743)	(980, 743)
image	0		(980, 765)	(988, 765)	(988, 775)	(980, 775)
image	0		(979, 795)	(988, 795)	(988, 805)	(979, 805)
image	0		(979, 836)	(989, 836)	(989, 847)	(979, 847)
image	0		(979, 876)	(988, 876)	(988, 887)	(979, 887)
image	0		(979, 908)	(989, 908)	(989, 919)	(979, 919)
image	OOOO		(978, 914)	(986, 914)	(986, 1011)	(978, 1011)
image	0		(980, 939)	(990, 939)	(990, 950)	(980, 950)
image	0		(979, 971)	(988, 971)	(988, 982)	(979, 982)
image	0		(979, 1002)	(988, 1002)	(988, 1013)	(979, 1013)
image	Dto		(1001, 178)	(1026, 178)	(1026, 189)	(1001, 189)
image	bron		(1039, 178)	(1071, 178)	(1071, 189)	(1039, 189)
image	z		(1052, 201)	(1060, 201)	(1060, 209)	(1052, 209)
image	0		(1022, 219)	(1031, 219)	(1031, 230)	(1022, 230)
image	0		(1022, 250)	(1031, 250)	(1031, 261)	(1022, 261)
image	0		(1022, 283)	(1030, 283)	(1030, 294)	(1022, 294)
image	0		(1022, 313)	(1031, 313)	(1031, 323)	(1022, 323)
image	0		(1022, 345)	(1031, 345)	(1031, 355)	(1022, 355)
image	0		(1022, 377)	(1031, 377)	(1031, 387)	(1022, 387)
image	0		(1022, 409)	(1031, 409)	(1031, 419)	(1022, 419)
image	0		(1022, 439)	(1031, 439)	(1031, 449)	(1022, 449)
image	0		(1022, 471)	(1031, 471)	(1031, 482)	(1022, 482)
image	0		(1022, 502)	(1031, 502)	(1031, 513)	(1022, 513)
image	0		(1022, 534)	(1031, 534)	(1031, 545)	(1022, 545)
image	0		(1022, 565)	(1031, 565)	(1031, 575)	(1022, 575)
image	0		(1022, 598)	(1031, 598)	(1031, 608)	(1022, 608)
image	2		(1022, 630)	(1031, 630)	(1031, 640)	(1022, 640)
image	0		(1022, 670)	(1031, 670)	(1031, 679)	(1022, 679)
image	0		(1023, 702)	(1032, 702)	(1032, 711)	(1023, 711)
image	1		(1023, 733)	(1031, 733)	(1031, 743)	(1023, 743)
image	0		(1023, 764)	(1031, 764)	(1031, 774)	(1023, 774)
image	0		(1023, 795)	(1031, 795)	(1031, 805)	(1023, 805)
image	0		(1022, 836)	(1031, 836)	(1031, 846)	(1022, 846)
image	0		(1022, 877)	(1031, 877)	(1031, 887)	(1022, 887)
image	0		(1022, 908)	(1031, 908)	(1031, 918)	(1022, 918)
image	0		(1022, 939)	(1031, 939)	(1031, 950)	(1022, 950)
image	0		(1022, 971)	(1031, 971)	(1031, 982)	(1022, 982)
image	0		(1022, 1002)	(1031, 1002)	(1031, 1013)	(1022, 1013)
image	0		(1064, 219)	(1074, 219)	(1074, 230)	(1064, 230)
image	0		(979, 1034)	(989, 1034)	(989, 1044)	(979, 1044)
image	0		(1022, 1034)	(1031, 1034)	(1031, 1045)	(1022, 1045)
image	oc		(1073, 221)	(1073, 260)	(1065, 260)	(1065, 221)
image	0		(1065, 250)	(1074, 250)	(1074, 261)	(1065, 261)
image	0		(1064, 282)	(1073, 282)	(1073, 293)	(1064, 293)
image	0		(1065, 313)	(1074, 313)	(1074, 324)	(1065, 324)
image	0		(1065, 345)	(1074, 345)	(1074, 356)	(1065, 356)
image	0		(1065, 376)	(1074, 376)	(1074, 387)	(1065, 387)
image	0		(1064, 409)	(1073, 409)	(1073, 419)	(1064, 419)
image	0		(1065, 440)	(1073, 440)	(1073, 450)	(1065, 450)
image	0		(1065, 471)	(1074, 471)	(1074, 482)	(1065, 482)
image	0		(1064, 502)	(1073, 502)	(1073, 513)	(1064, 513)
image	0		(1064, 534)	(1073, 534)	(1073, 545)	(1064, 545)
image	0		(1065, 565)	(1074, 565)	(1074, 576)	(1065, 576)
image	0		(1065, 597)	(1074, 597)	(1074, 608)	(1065, 608)
image	0		(1065, 630)	(1074, 630)	(1074, 640)	(1065, 640)
image	0		(1065, 670)	(1073, 670)	(1073, 680)	(1065, 680)
image	0		(1065, 702)	(1073, 702)	(1073, 712)	(1065, 712)
image	0		(1064, 733)	(1073, 733)	(1073, 743)	(1064, 743)
image	0		(1065, 765)	(1073, 765)	(1073, 775)	(1065, 775)
image	Tc		(1065, 785)	(1075, 785)	(1075, 801)	(1065, 801)
image	0		(1065, 796)	(1073, 796)	(1073, 806)	(1065, 806)
image	OOO		(1020, 911)	(1029, 911)	(1030, 982)	(1021, 982)
image	OO		(1022, 1001)	(1030, 1001)	(1031, 1044)	(1023, 1044)
image	OOOO		(1062, 938)	(1071, 938)	(1072, 1045)	(1063, 1045)
image	0		(1064, 837)	(1073, 837)	(1073, 847)	(1064, 847)
image	0		(1065, 876)	(1073, 876)	(1073, 886)	(1065, 886)
image	0		(1065, 909)	(1073, 909)	(1073, 919)	(1065, 919)
image	Fe		(1090, 177)	(1107, 177)	(1107, 189)	(1090, 189)
image	0		(1107, 219)	(1116, 219)	(1116, 230)	(1107, 230)
image	0		(1107, 251)	(1115, 251)	(1115, 261)	(1107, 261)
image	0		(1065, 1034)	(1074, 1034)	(1074, 1045)	(1065, 1045)
image	0		(1108, 282)	(1116, 282)	(1116, 292)	(1108, 292)
image	0		(1107, 314)	(1115, 314)	(1115, 324)	(1107, 324)
image	0		(1107, 345)	(1115, 345)	(1115, 356)	(1107, 356)
image	0		(1107, 376)	(1116, 376)	(1116, 387)	(1107, 387)
image	0		(1107, 409)	(1115, 409)	(1115, 419)	(1107, 419)
image	0		(1107, 440)	(1115, 440)	(1115, 451)	(1107, 451)
image	0		(1107, 471)	(1116, 471)	(1116, 482)	(1107, 482)
image	OOO		(1116, 477)	(1115, 545)	(1106, 545)	(1107, 477)
image	OOO		(1115, 565)	(1114, 641)	(1105, 641)	(1106, 565)
image	0		(1108, 669)	(1116, 669)	(1116, 679)	(1108, 679)
image	0		(1107, 702)	(1115, 702)	(1115, 712)	(1107, 712)
image	0		(1107, 733)	(1115, 733)	(1115, 743)	(1107, 743)
image	0		(1107, 765)	(1115, 765)	(1115, 775)	(1107, 775)
image	0		(1108, 796)	(1116, 796)	(1116, 806)	(1108, 806)
image	0		(1107, 837)	(1115, 837)	(1115, 847)	(1107, 847)
image	0		(1107, 876)	(1116, 876)	(1116, 887)	(1107, 887)
image	0		(1107, 909)	(1115, 909)	(1115, 920)	(1107, 920)
image	0		(1065, 939)	(1074, 939)	(1074, 950)	(1065, 950)
image	0		(1107, 939)	(1116, 939)	(1116, 950)	(1107, 950)
image	OOO		(1116, 911)	(1115, 982)	(1105, 982)	(1106, 911)
image	OO		(1114, 1002)	(1114, 1044)	(1105, 1044)	(1105, 1002)
image	0		(1065, 971)	(1074, 971)	(1074, 982)	(1065, 982)
image	0		(1107, 971)	(1116, 971)	(1116, 982)	(1107, 982)
image	0		(1065, 1002)	(1074, 1002)	(1074, 1013)	(1065, 1013)
image	0		(1107, 1002)	(1116, 1002)	(1116, 1013)	(1107, 1013)
image	0		(1107, 1035)	(1115, 1035)	(1115, 1045)	(1107, 1045)
image	Str		(1131, 178)	(1151, 178)	(1151, 189)	(1131, 189)
image	0		(1150, 220)	(1159, 220)	(1159, 231)	(1150, 231)
image	0		(1150, 250)	(1159, 250)	(1159, 261)	(1150, 261)
image	0		(1150, 282)	(1160, 282)	(1160, 293)	(1150, 293)
image	0		(1150, 314)	(1158, 314)	(1158, 324)	(1150, 324)
image	0		(1150, 346)	(1159, 346)	(1159, 356)	(1150, 356)
image	0		(1150, 377)	(1159, 377)	(1159, 386)	(1150, 386)
image	0		(1150, 409)	(1158, 409)	(1158, 419)	(1150, 419)
image	0		(1150, 440)	(1158, 440)	(1158, 450)	(1150, 450)
image	0		(1150, 471)	(1159, 471)	(1159, 482)	(1150, 482)
image	0		(1150, 503)	(1159, 503)	(1159, 513)	(1150, 513)
image	0		(1150, 535)	(1159, 535)	(1159, 545)	(1150, 545)
image	0		(1150, 565)	(1159, 565)	(1159, 575)	(1150, 575)
image	0		(1150, 598)	(1159, 598)	(1159, 608)	(1150, 608)
image	0		(1150, 629)	(1158, 629)	(1158, 640)	(1150, 640)
image	Ka		(1167, 629)	(1183, 629)	(1183, 640)	(1167, 640)
image	-		(1182, 629)	(1187, 629)	(1187, 640)	(1182, 640)
image	rudni		(1188, 629)	(1222, 629)	(1222, 640)	(1188, 640)
image	0		(1150, 670)	(1158, 670)	(1158, 680)	(1150, 680)
image	0		(1150, 701)	(1158, 701)	(1158, 711)	(1150, 711)
image	12		(1142, 733)	(1157, 733)	(1157, 743)	(1142, 743)
image	0		(1150, 765)	(1159, 765)	(1159, 775)	(1150, 775)
image	0		(1150, 796)	(1159, 796)	(1159, 806)	(1150, 806)
image	0		(1150, 837)	(1158, 837)	(1158, 847)	(1150, 847)
image	0		(1150, 877)	(1159, 877)	(1159, 887)	(1150, 887)
image	0		(1150, 908)	(1159, 908)	(1159, 919)	(1150, 919)
image	OOO		(1158, 917)	(1159, 981)	(1150, 981)	(1149, 917)
image	O		(1158, 1000)	(1158, 1012)	(1149, 1012)	(1149, 1000)
image	0		(1150, 939)	(1160, 939)	(1160, 949)	(1150, 949)
image	0		(1150, 971)	(1160, 971)	(1160, 981)	(1150, 981)
image	jiné		(1184, 177)	(1209, 177)	(1209, 191)	(1184, 191)
image	na		(1167, 651)	(1181, 651)	(1181, 658)	(1167, 658)
image	0		(1150, 1034)	(1159, 1034)	(1159, 1047)	(1150, 1047)
image	grafit		(1166, 1034)	(1202, 1034)	(1202, 1047)	(1166, 1047)
image	DATACE		(1270, 178)	(1322, 178)	(1322, 189)	(1270, 189)
image	BR		(1238, 217)	(1253, 217)	(1253, 231)	(1238, 231)
image	střed		(1257, 217)	(1290, 217)	(1290, 230)	(1257, 230)
image	.		(1291, 217)	(1295, 217)	(1295, 230)	(1291, 230)
image	/		(1294, 217)	(1301, 217)	(1301, 230)	(1294, 230)
image	ml		(1301, 217)	(1317, 217)	(1317, 230)	(1301, 230)
image	.		(1318, 217)	(1322, 217)	(1322, 230)	(1318, 230)
image	BR		(1237, 249)	(1254, 249)	(1254, 262)	(1237, 262)
image	střed		(1258, 249)	(1290, 249)	(1290, 262)	(1258, 262)
image	.		(1292, 249)	(1296, 249)	(1296, 262)	(1292, 262)
image	/		(1295, 249)	(1302, 249)	(1302, 262)	(1295, 262)
image	ml		(1301, 249)	(1320, 249)	(1320, 262)	(1301, 262)
image	.		(1319, 249)	(1323, 249)	(1323, 262)	(1319, 262)
image	BR		(1238, 281)	(1254, 281)	(1254, 295)	(1238, 295)
image	střed		(1258, 281)	(1289, 281)	(1289, 295)	(1258, 295)
image	.		(1292, 281)	(1296, 281)	(1296, 295)	(1292, 295)
image	/		(1295, 281)	(1302, 281)	(1302, 295)	(1295, 295)
image	ml		(1302, 281)	(1319, 281)	(1319, 295)	(1302, 295)
image	.		(1319, 281)	(1323, 281)	(1323, 295)	(1319, 295)
image	BR		(1238, 312)	(1254, 312)	(1254, 325)	(1238, 325)
image	střed		(1258, 312)	(1289, 312)	(1289, 325)	(1258, 325)
image	.		(1293, 312)	(1297, 312)	(1297, 325)	(1293, 325)
image	/		(1294, 312)	(1301, 312)	(1301, 325)	(1294, 325)
image	ml		(1302, 312)	(1318, 312)	(1318, 325)	(1302, 325)
image	.		(1319, 312)	(1322, 312)	(1322, 325)	(1319, 325)
image	BR		(1238, 344)	(1254, 344)	(1254, 357)	(1238, 357)
image	střed		(1258, 344)	(1290, 344)	(1290, 357)	(1258, 357)
image	.		(1292, 344)	(1296, 344)	(1296, 357)	(1292, 357)
image	/		(1295, 344)	(1302, 344)	(1302, 357)	(1295, 357)
image	ml		(1302, 344)	(1319, 344)	(1319, 357)	(1302, 357)
image	.		(1319, 344)	(1322, 344)	(1322, 357)	(1319, 357)
image	BR		(1238, 375)	(1254, 375)	(1254, 388)	(1238, 388)
image	střed		(1258, 375)	(1290, 375)	(1290, 388)	(1258, 388)
image	.		(1292, 375)	(1295, 375)	(1295, 388)	(1292, 388)
image	/		(1295, 375)	(1302, 375)	(1302, 388)	(1295, 388)
image	ml		(1302, 375)	(1319, 375)	(1319, 388)	(1302, 388)
image	.		(1319, 375)	(1322, 375)	(1322, 388)	(1319, 388)
image	BR		(1238, 407)	(1254, 407)	(1254, 420)	(1238, 420)
image	střed		(1258, 407)	(1290, 407)	(1290, 420)	(1258, 420)
image	.		(1292, 407)	(1295, 407)	(1295, 420)	(1292, 420)
image	/		(1296, 407)	(1303, 407)	(1303, 420)	(1296, 420)
image	ml		(1302, 407)	(1318, 407)	(1318, 421)	(1302, 421)
image	.		(1319, 408)	(1322, 408)	(1322, 421)	(1319, 421)
image	BR		(1238, 438)	(1253, 438)	(1253, 451)	(1238, 451)
image	střed		(1257, 438)	(1289, 438)	(1289, 450)	(1257, 450)
image	.		(1291, 438)	(1294, 438)	(1294, 450)	(1291, 450)
image	/		(1295, 438)	(1301, 438)	(1301, 450)	(1295, 450)
image	ml		(1301, 438)	(1318, 438)	(1318, 450)	(1301, 450)
image	.		(1318, 438)	(1321, 438)	(1321, 450)	(1318, 450)
image	BR		(1238, 470)	(1254, 470)	(1254, 483)	(1238, 483)
image	střed		(1258, 470)	(1289, 470)	(1289, 483)	(1258, 483)
image	.		(1292, 470)	(1296, 470)	(1296, 483)	(1292, 483)
image	/		(1294, 470)	(1301, 470)	(1301, 483)	(1294, 483)
image	ml		(1302, 470)	(1318, 470)	(1318, 483)	(1302, 483)
image	.		(1319, 470)	(1323, 470)	(1323, 483)	(1319, 483)
image	BR		(1238, 501)	(1254, 501)	(1254, 514)	(1238, 514)
image	střed		(1257, 501)	(1291, 501)	(1291, 514)	(1257, 514)
image	.		(1292, 501)	(1296, 501)	(1296, 514)	(1292, 514)
image	/		(1295, 501)	(1302, 501)	(1302, 514)	(1295, 514)
image	ml		(1302, 501)	(1319, 501)	(1319, 514)	(1302, 514)
image	.		(1319, 501)	(1323, 501)	(1323, 514)	(1319, 514)
image	BR		(1238, 533)	(1254, 533)	(1254, 546)	(1238, 546)
image	střed		(1258, 533)	(1291, 533)	(1291, 546)	(1258, 546)
image	.		(1292, 533)	(1296, 533)	(1296, 546)	(1292, 546)
image	/		(1295, 533)	(1302, 533)	(1302, 546)	(1295, 546)
image	ml		(1302, 533)	(1319, 533)	(1319, 546)	(1302, 546)
image	.		(1319, 533)	(1323, 533)	(1323, 546)	(1319, 546)
image	BR		(1238, 563)	(1254, 563)	(1254, 576)	(1238, 576)
image	střed		(1258, 563)	(1291, 564)	(1291, 577)	(1258, 576)
image	.		(1292, 563)	(1296, 563)	(1296, 576)	(1292, 576)
image	/		(1294, 564)	(1301, 564)	(1301, 577)	(1294, 577)
image	ml		(1302, 564)	(1318, 564)	(1318, 577)	(1302, 577)
image	.		(1319, 564)	(1322, 564)	(1322, 577)	(1319, 577)
image	BR		(1238, 596)	(1254, 596)	(1254, 609)	(1238, 609)
image	střed		(1258, 596)	(1289, 596)	(1289, 609)	(1258, 609)
image	.		(1293, 596)	(1297, 596)	(1297, 609)	(1293, 609)
image	/		(1294, 596)	(1301, 596)	(1301, 609)	(1294, 609)
image	ml		(1302, 596)	(1318, 596)	(1318, 609)	(1302, 609)
image	.		(1319, 596)	(1322, 596)	(1322, 609)	(1319, 609)
image	BR		(1238, 626)	(1255, 627)	(1254, 641)	(1237, 640)
image	střed		(1258, 626)	(1292, 627)	(1291, 642)	(1257, 641)
image	.		(1292, 627)	(1296, 627)	(1295, 641)	(1291, 641)
image	/		(1296, 628)	(1303, 628)	(1302, 642)	(1295, 642)
image	ml		(1302, 628)	(1320, 629)	(1319, 643)	(1301, 642)
image	.		(1319, 628)	(1323, 628)	(1322, 642)	(1318, 642)
image	BR		(1238, 669)	(1254, 669)	(1254, 682)	(1238, 682)
image	střed		(1258, 669)	(1290, 669)	(1290, 682)	(1258, 682)
image	.		(1292, 669)	(1296, 669)	(1296, 682)	(1292, 682)
image	/		(1295, 669)	(1302, 669)	(1302, 682)	(1295, 682)
image	ml		(1302, 669)	(1319, 669)	(1319, 682)	(1302, 682)
image	.		(1319, 669)	(1323, 669)	(1323, 682)	(1319, 682)
image	BR		(1238, 701)	(1254, 701)	(1254, 714)	(1238, 714)
image	střed		(1258, 701)	(1291, 701)	(1291, 714)	(1258, 714)
image	.		(1292, 701)	(1296, 701)	(1296, 714)	(1292, 714)
image	/		(1295, 701)	(1302, 701)	(1302, 714)	(1295, 714)
image	ml		(1302, 701)	(1319, 701)	(1319, 714)	(1302, 714)
image	.		(1319, 701)	(1322, 701)	(1322, 714)	(1319, 714)
image	BR		(1238, 731)	(1254, 731)	(1254, 743)	(1238, 743)
image	střed		(1258, 731)	(1290, 731)	(1290, 743)	(1258, 743)
image	.		(1292, 731)	(1296, 731)	(1296, 743)	(1292, 743)
image	/		(1295, 731)	(1302, 731)	(1302, 743)	(1295, 743)
image	ml		(1302, 731)	(1318, 731)	(1318, 744)	(1302, 744)
image	.		(1319, 732)	(1322, 732)	(1322, 744)	(1319, 744)
image	BR		(1238, 763)	(1254, 763)	(1254, 775)	(1238, 775)
image	střed		(1258, 763)	(1289, 764)	(1289, 776)	(1258, 775)
image	.		(1293, 764)	(1296, 764)	(1296, 776)	(1293, 776)
image	/		(1295, 764)	(1302, 764)	(1302, 776)	(1295, 776)
image	ml		(1302, 764)	(1318, 764)	(1318, 776)	(1302, 776)
image	.		(1319, 764)	(1322, 764)	(1322, 776)	(1319, 776)
image	BR		(1238, 795)	(1254, 795)	(1254, 807)	(1238, 807)
image	střed		(1258, 795)	(1290, 795)	(1290, 807)	(1258, 807)
image	.		(1292, 795)	(1296, 795)	(1296, 807)	(1292, 807)
image	/		(1295, 795)	(1302, 795)	(1302, 807)	(1295, 807)
image	ml		(1302, 795)	(1319, 795)	(1319, 807)	(1302, 807)
image	.		(1319, 795)	(1323, 795)	(1323, 807)	(1319, 807)
image	BR		(1238, 835)	(1255, 835)	(1255, 850)	(1238, 850)
image	střed		(1258, 835)	(1290, 835)	(1290, 850)	(1258, 850)
image	.		(1292, 835)	(1296, 835)	(1296, 850)	(1292, 850)
image	/		(1295, 835)	(1302, 835)	(1302, 850)	(1295, 850)
image	ml		(1302, 835)	(1319, 835)	(1319, 850)	(1302, 850)
image	.		(1319, 835)	(1322, 835)	(1322, 850)	(1319, 850)
image	BR		(1238, 876)	(1253, 876)	(1253, 888)	(1238, 888)
image	,		(1253, 876)	(1257, 876)	(1257, 887)	(1253, 887)
image	intruze		(1257, 876)	(1303, 876)	(1303, 887)	(1257, 887)
image	VS		(1308, 876)	(1324, 876)	(1324, 887)	(1308, 887)
image	?		(1324, 876)	(1332, 876)	(1332, 887)	(1324, 887)
image	BR		(1238, 908)	(1253, 908)	(1253, 920)	(1238, 920)
image	,		(1254, 908)	(1258, 908)	(1258, 919)	(1254, 919)
image	intruze		(1257, 908)	(1303, 907)	(1303, 919)	(1257, 920)
image	NV		(1307, 907)	(1326, 907)	(1326, 918)	(1307, 918)
image	BR		(1238, 938)	(1254, 938)	(1254, 952)	(1238, 952)
image	střed		(1258, 938)	(1291, 938)	(1291, 952)	(1258, 952)
image	.		(1292, 938)	(1296, 938)	(1296, 952)	(1292, 952)
image	/		(1295, 938)	(1302, 938)	(1302, 952)	(1295, 952)
image	ml		(1302, 938)	(1319, 938)	(1319, 952)	(1302, 952)
image	.		(1319, 938)	(1323, 938)	(1323, 952)	(1319, 952)
image	BR		(1238, 970)	(1253, 970)	(1253, 983)	(1238, 983)
image	,		(1253, 970)	(1257, 970)	(1257, 982)	(1253, 982)
image	intruze		(1257, 970)	(1303, 970)	(1303, 982)	(1257, 982)
image	NV		(1307, 970)	(1326, 970)	(1326, 982)	(1307, 982)
image	PRA		(1238, 1002)	(1265, 1002)	(1265, 1013)	(1238, 1013)
image	BR		(1238, 1033)	(1254, 1034)	(1254, 1046)	(1238, 1045)
image	,		(1255, 1033)	(1259, 1033)	(1259, 1045)	(1255, 1045)
image	HA		(1259, 1033)	(1277, 1034)	(1276, 1047)	(1259, 1046)
image	kolečko		(1365, 219)	(1415, 219)	(1415, 230)	(1365, 230)
image	poznámka		(1424, 176)	(1491, 175)	(1491, 190)	(1424, 191)
image	zdob.okřín		(1365, 732)	(1433, 732)	(1433, 743)	(1365, 743)
image	přetav.keramika		(1365, 794)	(1470, 792)	(1470, 806)	(1365, 808)
image	nožka		(1366, 873)	(1404, 874)	(1404, 889)	(1366, 888)
image	od		(1407, 874)	(1423, 874)	(1423, 888)	(1407, 888)
image	pánvičky		(1427, 874)	(1485, 875)	(1485, 890)	(1427, 889)
image	přeslen		(1365, 908)	(1413, 906)	(1413, 920)	(1365, 922)
image	část		(1365, 938)	(1392, 938)	(1392, 952)	(1365, 952)
image	přeslenu		(1395, 937)	(1451, 938)	(1451, 953)	(1395, 952)
image	,		(1451, 939)	(1454, 939)	(1454, 953)	(1451, 953)
image	přet.ker		(1456, 938)	(1507, 939)	(1507, 954)	(1456, 953)
image	.		(1508, 939)	(1512, 939)	(1512, 953)	(1508, 953)
