IMAGE_NAME	DESCRIPTION	LANGUAGE	BBOX_1	BBOX_2	BBOX_3	BBOX_4
image	"OBSAH:
1. ÚVOD
2. PŘÍRODNÍ A ARCHEOLOGICKÝ KONTEXT,
POUŽITÉ METODY A CÍLE
2.1. Lokalizace naleziště
2.2. Geomorfologický a geologický popis
2.3. Zaměření zkoumané plochy
2.4. Předchozí archeologické poznání lokality a jejího
okolí
2.5. Historie naleziště
2.6. Cíl předstihového záchranného archeologického
výzkumu
2.7. Metody výzkumu a postup prací
3. NÁLEZOVÁ SITUACE
3.1. Popis nálezové situace
3.2. Popis zahloubených objektů
3.3 Přehled stratigrafických jednotek
3.4. Závěr
4. PRAMENY A LITERATURA
5 OBRAZO
5. OBRAZOVÉ
PRILOLLY
PŘÍLOHY
5.1. Terénní a kresebná dokumentace
5.2. Fotografická příloha
5.3. Historické mapy, plány a ikonografie
6. TEXTOVÉ PŘÍLOHY
6.1. Seznam movitých nálezů z výzkumu
6.2. Geologická a petrografická zpráva"	cs	(143, 146)	(1050, 146)	(1050, 1224)	(143, 1224)
image	OBSAH		(143, 151)	(264, 151)	(264, 175)	(143, 175)
image	:		(267, 151)	(277, 151)	(277, 175)	(267, 175)
image	1.		(425, 149)	(445, 149)	(445, 175)	(425, 175)
image	ÚVOD		(451, 149)	(531, 148)	(531, 173)	(451, 174)
image	2.		(423, 203)	(447, 203)	(447, 230)	(423, 230)
image	PŘÍRODNÍ		(455, 202)	(596, 203)	(596, 231)	(455, 230)
image	A		(605, 204)	(626, 204)	(626, 231)	(605, 231)
image	ARCHEOLOGICKÝ		(633, 203)	(891, 205)	(891, 233)	(633, 231)
image	KONTEXT		(903, 205)	(1042, 206)	(1042, 234)	(903, 233)
image	,		(1042, 207)	(1050, 207)	(1050, 234)	(1042, 234)
image	POUŽITÉ		(425, 253)	(550, 253)	(550, 278)	(425, 278)
image	METODY		(558, 253)	(682, 253)	(682, 278)	(558, 278)
image	A		(691, 253)	(711, 253)	(711, 278)	(691, 278)
image	CÍLE		(719, 253)	(785, 253)	(785, 278)	(719, 278)
image	2.1		(494, 307)	(524, 307)	(524, 323)	(494, 323)
image	.		(527, 307)	(532, 307)	(532, 323)	(527, 323)
image	Lokalizace		(538, 307)	(649, 307)	(649, 323)	(538, 323)
image	naleziště		(654, 307)	(743, 307)	(743, 323)	(654, 323)
image	2.2		(494, 347)	(524, 347)	(524, 367)	(494, 367)
image	.		(526, 347)	(532, 347)	(532, 367)	(526, 367)
image	Geomorfologický		(538, 347)	(714, 347)	(714, 367)	(538, 367)
image	a		(722, 347)	(733, 347)	(733, 367)	(722, 367)
image	geologický		(739, 347)	(847, 347)	(847, 367)	(739, 367)
image	popis		(852, 347)	(906, 347)	(906, 367)	(852, 367)
image	2.3		(495, 387)	(524, 387)	(524, 406)	(495, 406)
image	.		(527, 387)	(531, 387)	(531, 406)	(527, 406)
image	Zaměření		(538, 386)	(638, 387)	(638, 407)	(538, 406)
image	zkoumané		(643, 387)	(749, 388)	(749, 408)	(643, 407)
image	plochy		(754, 388)	(822, 388)	(822, 408)	(754, 408)
image	2.4		(494, 430)	(526, 430)	(526, 451)	(494, 451)
image	.		(527, 430)	(531, 430)	(531, 451)	(527, 451)
image	Předchozí		(539, 430)	(642, 430)	(642, 451)	(539, 451)
image	archeologické		(650, 430)	(790, 430)	(790, 451)	(650, 451)
image	poznání		(797, 430)	(879, 430)	(879, 451)	(797, 451)
image	lokality		(887, 430)	(964, 430)	(964, 451)	(887, 451)
image	a		(972, 430)	(983, 430)	(983, 451)	(972, 451)
image	jejího		(990, 430)	(1048, 430)	(1048, 451)	(990, 451)
image	okolí		(495, 472)	(547, 472)	(547, 488)	(495, 488)
image	2.5		(494, 513)	(525, 513)	(525, 530)	(494, 530)
image	.		(527, 513)	(532, 513)	(532, 530)	(527, 530)
image	Historie		(538, 513)	(621, 513)	(621, 530)	(538, 530)
image	naleziště		(627, 513)	(714, 513)	(714, 530)	(627, 530)
image	2.6		(494, 554)	(526, 554)	(526, 574)	(494, 574)
image	.		(527, 554)	(532, 554)	(532, 574)	(527, 574)
image	Cíl		(544, 554)	(575, 554)	(575, 574)	(544, 574)
image	předstihového		(584, 554)	(728, 554)	(728, 574)	(584, 574)
image	záchranného		(740, 554)	(871, 554)	(871, 574)	(740, 574)
image	archeologického		(883, 554)	(1049, 554)	(1049, 574)	(883, 574)
image	výzkumu		(494, 596)	(589, 595)	(589, 613)	(494, 614)
image	2.7		(494, 636)	(525, 636)	(525, 656)	(494, 656)
image	.		(526, 636)	(532, 636)	(532, 656)	(526, 656)
image	Metody		(538, 636)	(616, 636)	(616, 656)	(538, 656)
image	výzkumu		(622, 636)	(716, 636)	(716, 657)	(622, 657)
image	a		(724, 637)	(735, 637)	(735, 657)	(724, 657)
image	postup		(741, 637)	(809, 637)	(809, 657)	(741, 657)
image	prací		(815, 637)	(870, 637)	(870, 657)	(815, 657)
image	3.		(424, 673)	(447, 673)	(447, 698)	(424, 698)
image	NÁLEZOVÁ		(453, 672)	(609, 674)	(609, 700)	(453, 698)
image	SITUACE		(619, 675)	(741, 677)	(741, 702)	(619, 700)
image	3.1		(495, 728)	(524, 728)	(524, 745)	(495, 745)
image	.		(527, 728)	(532, 728)	(532, 745)	(527, 745)
image	Popis		(538, 728)	(593, 728)	(593, 745)	(538, 745)
image	nálezové		(600, 728)	(687, 728)	(687, 745)	(600, 745)
image	situace		(694, 728)	(765, 728)	(765, 745)	(694, 745)
image	3.2		(495, 769)	(525, 769)	(525, 788)	(495, 788)
image	.		(527, 769)	(532, 769)	(532, 788)	(527, 788)
image	Popis		(537, 769)	(594, 769)	(594, 788)	(537, 788)
image	zahloubených		(599, 769)	(740, 769)	(740, 788)	(599, 788)
image	objektů		(748, 769)	(825, 769)	(825, 788)	(748, 788)
image	3.3		(496, 809)	(524, 809)	(524, 830)	(496, 830)
image	Přehled		(531, 809)	(611, 809)	(611, 830)	(531, 830)
image	stratigrafických		(618, 809)	(781, 809)	(781, 830)	(618, 830)
image	jednotek		(787, 809)	(877, 809)	(877, 830)	(787, 830)
image	3.4		(495, 851)	(523, 851)	(523, 868)	(495, 868)
image	.		(525, 851)	(530, 851)	(530, 867)	(525, 867)
image	Závěr		(537, 851)	(597, 851)	(597, 867)	(537, 867)
image	4.		(424, 894)	(446, 894)	(446, 914)	(424, 914)
image	PRAMENY		(453, 894)	(595, 894)	(595, 914)	(453, 914)
image	A		(603, 894)	(622, 894)	(622, 914)	(603, 914)
image	LITERATURA		(630, 894)	(816, 894)	(816, 914)	(630, 914)
image	5		(417, 939)	(447, 936)	(452, 982)	(422, 985)
image	OBRAZO		(450, 935)	(569, 923)	(574, 968)	(455, 981)
image	5.		(424, 938)	(444, 938)	(444, 964)	(424, 964)
image	OBRAZOVÉ		(453, 938)	(609, 937)	(609, 963)	(453, 964)
image	PRILOLLY		(611, 933)	(758, 936)	(757, 979)	(610, 976)
image	PŘÍLOHY		(619, 937)	(748, 936)	(748, 961)	(619, 962)
image	5.1		(495, 989)	(523, 989)	(523, 1007)	(495, 1007)
image	.		(526, 989)	(531, 989)	(531, 1007)	(526, 1007)
image	Terénní		(538, 989)	(620, 989)	(620, 1007)	(538, 1007)
image	a		(625, 989)	(636, 989)	(636, 1007)	(625, 1007)
image	kresebná		(643, 989)	(736, 989)	(736, 1007)	(643, 1007)
image	dokumentace		(743, 989)	(880, 989)	(880, 1007)	(743, 1007)
image	5.2		(494, 1030)	(524, 1030)	(524, 1051)	(494, 1051)
image	.		(526, 1030)	(531, 1030)	(531, 1050)	(526, 1050)
image	Fotografická		(537, 1030)	(668, 1030)	(668, 1050)	(537, 1050)
image	příloha		(675, 1030)	(749, 1030)	(749, 1050)	(675, 1050)
image	5.3		(495, 1071)	(525, 1071)	(525, 1091)	(495, 1091)
image	.		(526, 1071)	(531, 1071)	(531, 1091)	(526, 1091)
image	Historické		(538, 1071)	(644, 1071)	(644, 1091)	(538, 1091)
image	mapy		(651, 1071)	(707, 1071)	(707, 1091)	(651, 1091)
image	,		(708, 1071)	(713, 1071)	(713, 1091)	(708, 1091)
image	plány		(719, 1071)	(777, 1071)	(777, 1092)	(719, 1092)
image	a		(784, 1072)	(795, 1072)	(795, 1092)	(784, 1092)
image	ikonografie		(801, 1072)	(919, 1072)	(919, 1092)	(801, 1092)
image	6.		(425, 1109)	(445, 1109)	(445, 1136)	(425, 1136)
image	TEXTOVÉ		(453, 1109)	(589, 1108)	(589, 1135)	(453, 1136)
image	PŘÍLOHY		(595, 1108)	(726, 1107)	(726, 1134)	(595, 1135)
image	6.1		(496, 1162)	(524, 1162)	(524, 1180)	(496, 1180)
image	.		(526, 1162)	(531, 1162)	(531, 1180)	(526, 1180)
image	Seznam		(539, 1162)	(615, 1162)	(615, 1180)	(539, 1180)
image	movitých		(624, 1162)	(717, 1162)	(717, 1180)	(624, 1180)
image	nálezů		(725, 1162)	(789, 1162)	(789, 1180)	(725, 1180)
image	z		(797, 1162)	(808, 1162)	(808, 1180)	(797, 1180)
image	výzkumu		(813, 1162)	(908, 1162)	(908, 1180)	(813, 1180)
image	6.2		(495, 1203)	(524, 1203)	(524, 1224)	(495, 1224)
image	.		(527, 1203)	(531, 1203)	(531, 1224)	(527, 1224)
image	Geologická		(538, 1203)	(651, 1203)	(651, 1224)	(538, 1224)
image	a		(659, 1203)	(670, 1203)	(670, 1224)	(659, 1224)
image	petrografická		(676, 1203)	(816, 1203)	(816, 1224)	(676, 1224)
image	zpráva		(822, 1203)	(893, 1203)	(893, 1224)	(822, 1224)
