IMAGE_NAME	DESCRIPTION	LANGUAGE	BBOX_1	BBOX_2	BBOX_3	BBOX_4
image	"Čáslav - Skála 2003
poč| KONTEXT ČÁST VRSTV
A
povrch
224/03
sběr 225/03
30-40 226/03
20-40 227/03
0 - 20 228/03
0-20 229/03
0-20 230/03
231/03
225 sekt.1400
226 sekt.1400 halda
227 sekt.1402
228 sekt.1404
229 sekt.1406
230 sekt.1406
231 sekt.1406
232 sekt.1406
233 sekt.1406
234 sekt.1406
235 sekt.1406
236 sekt.1416
237 sekt.1416
238 sekt.1416
239 sekt.1416
240 sekt.1416
241 sekt.1416
242 sekt.1416
243 sekt.2100
244 sekt.2100
245 sekt.2100
246 sekt.2100 sběr
247 sekt.2102
248 sekt.2102
249 sekt.2104
250 sekt.2104
251 sekt.2104
0-20
PŘIR_Č
0-20 232/03
20-40 233/03
20-40 234/03
0-20 235/03
0-20 236/03
0-20 237/03
0-20 238/03
0-20 239/03
20-40 240/03
20-40 241/03
242/03
243/03
244/03
povrch 245/03
0-20 246/03
20-40 247/03
0-20 248/03
20-40 249/03
20-40 250/03
K_ATY K ZDK_PR K_N K_SU BI
P
OB OF AD
MA
0
5
0
2 11
0
3
14
73
10
7
12
27
17
22
59
10
46
20
53
23
13
0
16 2
19 1
27
46
60
72
11
62
67
54
104
0
0
1
1
3
2
IN
2
0
6
2
2
0
4
4
2
základní zpracování
2 2
3
2
6
1
1
5
6
5
6
4
3
4
4
4
2 10
16
2 13
0
3
4
8
r
7
5
15
20
22
20
0
0
0
0
0
0
0
0
0
0
0
0
0
0
0
0
0
0
0
0
0
0
0
0
0
0
19
86
13
9
18
36
24
30
17
21
24
31
63
17
56
30
62
28
58
80
87
14
81
89
78
130
1
0
0
O O O O O O
0
0
0
0 0
0
0
OOO OO
0
0
0
0
0
0
0
0
0
0
0
0
OOO OOO
0
0
ŠI mlýn BR
0
0
0
0
0
0
0
0
0
0
0
0
0
0
0
0
0
0
0
0 0
0
0 0
0
0
0
0
0
0
0
0
0
oooo
0
0
0
PI
0
0
0
0
0
0
0
0
0
0
0
0
0
0
0
0
0
0
0
0
0
0
0
OOO OOO
0
0
0
0
0
0
OOO OO
0
0
0
0
0
0
0
0
0
0
0
0
0
0
0
0
0
KA ΜΑ KO
54
0
0
0
1
5
4
1
1
0 108
28
22
0
0 22
3 112 18
1
0
10
3 112
3
0
1
0
ON
0
1
2
0
226
0
0
26
5
56
1
9
46
5 550 5 ON O
44
14
16
122
0
4
30
TO A w NW 8 8 00 00
10
13
32
14
6
U
18
ne
77
ne
0
ne
ne
18 90 ne
24
40
ne
ne
ne
ne
ne
ne
ne
ne
18
30 10 ne
65
104
0
55
58
35
ne
ne
ne
ne
0 ne
ne
ne
ne
ne
ne
ne
ne
ne
KI
0
0
0
0
0
0
0
0
0
0
0
0
0
0
0
0
0
0
0
0
0
0
0
0
0
0
0
Dto bron
Z
0
1
0
0
0
0
0
1
0
9
0
0
0
0
0
0
0
0
0
0
1
0
0
OOO OO
0
0
0
0
0 0
0
0
0
OOO O
0
0
0
0
0
0
0
0
0
0
0
ܘ
ܘ
ܘ
ܘ
ܘ
ܘ
ܘ
ܘ
ܘ
0
0
0
0
0
0
0
Fe Str
0
oc
0
0
0
0
0
0
c
0
0
0
0
0
0
0
0
0
0
OOO OO
0
0
0
0
0
0
0 surovina
LUZ
LUŽ
LUŽ
LUŽ
LUŽ
LUŽ
0
LUŽ
0 Ka-surovi LUŽ
0
0
0
0
0
0
0
0
0
0
0
0
0
0
0
0
0
0
0
0
jiné
0 rudnina
0
na
0
LUŽ
LUŽ
LUŽ
LUŽ
LUŽ
LUŽ
LUŽ
LUŽ
LUŽ
LUŽ
LUŽ
LUŽ
LUŽ
LUŽ
LUŽ
DATACE
BR,MOH,LUŽ
BR
BR střed./ml.
BR střed./ml.
poznámka
přetav.ker.
přetav.ker.
přetav.ker.,pekáč"	und	(57, 73)	(1491, 73)	(1491, 1166)	(57, 1166)
image	Čáslav		(57, 73)	(113, 74)	(113, 92)	(57, 91)
image	-		(117, 74)	(128, 74)	(128, 91)	(117, 91)
image	Skála		(134, 74)	(180, 75)	(180, 93)	(134, 92)
image	2003		(185, 75)	(230, 76)	(230, 94)	(185, 93)
image	poč		(61, 177)	(85, 177)	(85, 191)	(61, 191)
image	|		(86, 177)	(92, 177)	(92, 190)	(86, 190)
image	KONTEXT		(98, 177)	(161, 177)	(161, 190)	(98, 190)
image	ČÁST		(182, 175)	(215, 175)	(215, 189)	(182, 189)
image	VRSTV		(233, 178)	(275, 178)	(275, 189)	(233, 189)
image	A		(249, 198)	(261, 198)	(261, 209)	(249, 209)
image	povrch		(231, 219)	(274, 218)	(274, 231)	(231, 232)
image	224/03		(287, 218)	(334, 217)	(334, 230)	(287, 231)
image	sběr		(231, 248)	(260, 249)	(259, 262)	(230, 261)
image	225/03		(287, 250)	(335, 250)	(335, 262)	(287, 262)
image	30-40		(231, 281)	(276, 282)	(276, 294)	(231, 293)
image	226/03		(287, 281)	(334, 282)	(334, 295)	(287, 294)
image	20-40		(231, 312)	(276, 312)	(276, 324)	(231, 324)
image	227/03		(288, 312)	(335, 312)	(335, 324)	(288, 324)
image	0		(231, 345)	(240, 345)	(240, 356)	(231, 356)
image	-		(241, 345)	(248, 345)	(248, 356)	(241, 356)
image	20		(250, 345)	(268, 345)	(268, 356)	(250, 356)
image	228/03		(287, 345)	(333, 345)	(333, 357)	(287, 357)
image	0-20		(230, 377)	(268, 377)	(268, 387)	(230, 387)
image	229/03		(287, 376)	(335, 376)	(335, 388)	(287, 388)
image	0-20		(230, 408)	(268, 408)	(268, 418)	(230, 418)
image	230/03		(287, 406)	(335, 407)	(335, 421)	(287, 420)
image	231/03		(287, 438)	(333, 436)	(334, 450)	(288, 452)
image	225		(61, 219)	(85, 219)	(85, 230)	(61, 230)
image	sekt.1400		(94, 219)	(156, 219)	(156, 230)	(94, 230)
image	226		(62, 250)	(85, 250)	(85, 261)	(62, 261)
image	sekt.1400		(94, 250)	(157, 251)	(157, 262)	(94, 261)
image	halda		(174, 250)	(210, 250)	(210, 261)	(174, 261)
image	227		(62, 282)	(85, 282)	(85, 293)	(62, 293)
image	sekt.1402		(94, 282)	(156, 282)	(156, 293)	(94, 293)
image	228		(61, 313)	(87, 313)	(87, 324)	(61, 324)
image	sekt.1404		(94, 313)	(158, 313)	(158, 324)	(94, 324)
image	229		(62, 345)	(86, 345)	(86, 356)	(62, 356)
image	sekt.1406		(94, 345)	(158, 345)	(158, 356)	(94, 356)
image	230		(62, 375)	(86, 375)	(86, 387)	(62, 387)
image	sekt.1406		(94, 374)	(156, 375)	(156, 388)	(94, 387)
image	231		(62, 407)	(86, 407)	(86, 419)	(62, 419)
image	sekt.1406		(94, 406)	(156, 407)	(156, 420)	(94, 419)
image	232		(61, 438)	(86, 438)	(86, 450)	(61, 450)
image	sekt.1406		(94, 438)	(158, 438)	(158, 450)	(94, 450)
image	233		(62, 478)	(87, 479)	(87, 491)	(62, 490)
image	sekt.1406		(94, 478)	(158, 479)	(158, 492)	(94, 491)
image	234		(62, 512)	(86, 512)	(86, 523)	(62, 523)
image	sekt.1406		(94, 512)	(157, 512)	(157, 523)	(94, 523)
image	235		(62, 542)	(85, 542)	(85, 554)	(62, 554)
image	sekt.1406		(93, 542)	(156, 542)	(156, 553)	(93, 553)
image	236		(62, 574)	(86, 574)	(86, 585)	(62, 585)
image	sekt.1416		(94, 574)	(158, 574)	(158, 585)	(94, 585)
image	237		(62, 606)	(86, 606)	(86, 618)	(62, 618)
image	sekt.1416		(94, 606)	(158, 606)	(158, 618)	(94, 618)
image	238		(62, 638)	(86, 638)	(86, 649)	(62, 649)
image	sekt.1416		(94, 638)	(156, 638)	(156, 649)	(94, 649)
image	239		(62, 668)	(86, 668)	(86, 680)	(62, 680)
image	sekt.1416		(94, 667)	(157, 668)	(157, 681)	(94, 680)
image	240		(62, 701)	(86, 701)	(86, 713)	(62, 713)
image	sekt.1416		(94, 701)	(158, 701)	(158, 713)	(94, 713)
image	241		(62, 730)	(85, 730)	(85, 743)	(62, 743)
image	sekt.1416		(93, 730)	(157, 730)	(157, 742)	(93, 742)
image	242		(62, 764)	(86, 764)	(86, 775)	(62, 775)
image	sekt.1416		(94, 764)	(157, 764)	(157, 775)	(94, 775)
image	243		(62, 793)	(85, 793)	(85, 806)	(62, 806)
image	sekt.2100		(93, 793)	(156, 792)	(156, 805)	(93, 806)
image	244		(62, 827)	(86, 827)	(86, 838)	(62, 838)
image	sekt.2100		(94, 827)	(156, 827)	(156, 838)	(94, 838)
image	245		(62, 858)	(86, 858)	(86, 869)	(62, 869)
image	sekt.2100		(94, 858)	(157, 858)	(157, 869)	(94, 869)
image	246		(61, 890)	(86, 890)	(86, 901)	(61, 901)
image	sekt.2100		(94, 890)	(157, 890)	(157, 901)	(94, 901)
image	sběr		(173, 890)	(201, 889)	(201, 901)	(173, 902)
image	247		(62, 920)	(85, 920)	(85, 932)	(62, 932)
image	sekt.2102		(93, 920)	(156, 920)	(156, 931)	(93, 931)
image	248		(61, 951)	(86, 951)	(86, 965)	(61, 965)
image	sekt.2102		(93, 951)	(156, 950)	(156, 964)	(93, 965)
image	249		(62, 983)	(85, 983)	(85, 995)	(62, 995)
image	sekt.2104		(93, 983)	(157, 983)	(157, 994)	(93, 994)
image	250		(62, 1016)	(85, 1016)	(85, 1027)	(62, 1027)
image	sekt.2104		(94, 1016)	(157, 1016)	(157, 1027)	(94, 1027)
image	251		(62, 1047)	(85, 1047)	(85, 1058)	(62, 1058)
image	sekt.2104		(94, 1047)	(158, 1047)	(158, 1058)	(94, 1058)
image	0-20		(230, 439)	(268, 439)	(268, 449)	(230, 449)
image	PŘIR_Č		(303, 174)	(349, 175)	(349, 191)	(303, 190)
image	0-20		(230, 480)	(268, 480)	(268, 490)	(230, 490)
image	232/03		(287, 478)	(334, 479)	(334, 492)	(287, 491)
image	20-40		(231, 508)	(276, 509)	(276, 525)	(231, 524)
image	233/03		(287, 510)	(336, 511)	(336, 527)	(287, 526)
image	20-40		(231, 540)	(275, 541)	(275, 554)	(231, 553)
image	234/03		(287, 541)	(333, 542)	(333, 555)	(287, 554)
image	0-20		(230, 575)	(268, 575)	(268, 585)	(230, 585)
image	235/03		(287, 574)	(335, 574)	(335, 587)	(287, 587)
image	0-20		(230, 606)	(267, 607)	(267, 617)	(230, 616)
image	236/03		(287, 606)	(335, 606)	(335, 619)	(287, 619)
image	0-20		(231, 638)	(268, 638)	(268, 648)	(231, 648)
image	237/03		(287, 638)	(335, 638)	(335, 650)	(287, 650)
image	0-20		(230, 669)	(268, 669)	(268, 679)	(230, 679)
image	238/03		(287, 668)	(335, 669)	(335, 683)	(287, 682)
image	0-20		(230, 701)	(268, 701)	(268, 711)	(230, 711)
image	239/03		(287, 700)	(333, 700)	(333, 713)	(287, 713)
image	20-40		(231, 732)	(275, 732)	(275, 744)	(231, 744)
image	240/03		(286, 732)	(334, 732)	(334, 744)	(286, 744)
image	20-40		(231, 763)	(275, 763)	(275, 775)	(231, 775)
image	241/03		(287, 763)	(334, 763)	(334, 775)	(287, 775)
image	242/03		(287, 795)	(334, 795)	(334, 807)	(287, 807)
image	243/03		(287, 827)	(335, 827)	(335, 839)	(287, 839)
image	244/03		(287, 858)	(333, 858)	(333, 870)	(287, 870)
image	povrch		(231, 890)	(275, 890)	(275, 903)	(231, 903)
image	245/03		(287, 890)	(334, 890)	(334, 903)	(287, 903)
image	0-20		(230, 921)	(268, 921)	(268, 931)	(230, 931)
image	246/03		(287, 921)	(335, 921)	(335, 933)	(287, 933)
image	20-40		(231, 950)	(276, 951)	(276, 965)	(231, 964)
image	247/03		(287, 951)	(335, 952)	(335, 966)	(287, 965)
image	0-20		(230, 984)	(268, 984)	(268, 994)	(230, 994)
image	248/03		(287, 984)	(334, 984)	(334, 996)	(287, 996)
image	20-40		(231, 1016)	(275, 1016)	(275, 1028)	(231, 1028)
image	249/03		(286, 1016)	(334, 1016)	(334, 1028)	(286, 1028)
image	20-40		(231, 1047)	(275, 1047)	(275, 1059)	(231, 1059)
image	250/03		(287, 1047)	(334, 1047)	(334, 1059)	(287, 1059)
image	K_ATY		(376, 178)	(419, 178)	(419, 191)	(376, 191)
image	K		(429, 178)	(439, 178)	(439, 191)	(429, 191)
image	ZDK_PR		(445, 178)	(506, 178)	(506, 191)	(445, 191)
image	K_N		(518, 178)	(545, 178)	(545, 191)	(518, 191)
image	K_SU		(563, 178)	(598, 178)	(598, 191)	(563, 191)
image	BI		(624, 178)	(637, 178)	(637, 189)	(624, 189)
image	P		(392, 199)	(402, 199)	(402, 209)	(392, 209)
image	OB		(437, 198)	(456, 198)	(456, 209)	(437, 209)
image	OF		(479, 198)	(497, 198)	(497, 209)	(479, 209)
image	AD		(521, 197)	(541, 197)	(541, 208)	(521, 208)
image	MA		(570, 198)	(593, 198)	(593, 209)	(570, 209)
image	0		(455, 219)	(464, 219)	(464, 230)	(455, 230)
image	5		(497, 219)	(507, 219)	(507, 230)	(497, 230)
image	0		(540, 219)	(549, 219)	(549, 230)	(540, 230)
image	2		(455, 251)	(465, 251)	(465, 262)	(455, 262)
image	11		(491, 251)	(506, 251)	(506, 261)	(491, 261)
image	0		(540, 251)	(549, 251)	(549, 262)	(540, 262)
image	3		(497, 282)	(506, 282)	(506, 293)	(497, 293)
image	14		(405, 219)	(420, 219)	(420, 229)	(405, 229)
image	73		(405, 250)	(420, 250)	(420, 261)	(405, 261)
image	10		(405, 283)	(421, 283)	(421, 293)	(405, 293)
image	7		(412, 313)	(422, 313)	(422, 324)	(412, 324)
image	12		(405, 346)	(420, 346)	(420, 356)	(405, 356)
image	27		(404, 377)	(422, 377)	(422, 387)	(404, 387)
image	17		(405, 409)	(421, 409)	(421, 420)	(405, 420)
image	22		(405, 440)	(421, 440)	(421, 450)	(405, 450)
image	59		(405, 607)	(420, 607)	(420, 617)	(405, 617)
image	10		(405, 639)	(422, 639)	(422, 650)	(405, 650)
image	46		(405, 670)	(420, 670)	(420, 680)	(405, 680)
image	20		(405, 701)	(422, 701)	(422, 711)	(405, 711)
image	53		(404, 733)	(422, 733)	(422, 744)	(404, 744)
image	23		(405, 765)	(420, 765)	(420, 775)	(405, 775)
image	13		(405, 480)	(422, 480)	(422, 492)	(405, 492)
image	0		(455, 480)	(464, 480)	(464, 491)	(455, 491)
image	16		(405, 512)	(422, 512)	(422, 524)	(405, 524)
image	2		(455, 513)	(465, 513)	(465, 524)	(455, 524)
image	19		(405, 543)	(422, 543)	(422, 554)	(405, 554)
image	1		(455, 543)	(463, 543)	(463, 554)	(455, 554)
image	27		(404, 574)	(421, 574)	(421, 585)	(404, 585)
image	46		(405, 796)	(419, 796)	(419, 806)	(405, 806)
image	60		(405, 828)	(420, 828)	(420, 838)	(405, 838)
image	72		(405, 859)	(420, 859)	(420, 869)	(405, 869)
image	11		(405, 891)	(422, 891)	(422, 901)	(405, 901)
image	62		(405, 921)	(421, 921)	(421, 931)	(405, 931)
image	67		(405, 953)	(421, 953)	(421, 964)	(405, 964)
image	54		(405, 985)	(420, 985)	(420, 994)	(405, 994)
image	104		(397, 1017)	(422, 1017)	(422, 1027)	(397, 1027)
image	0		(455, 283)	(463, 283)	(463, 293)	(455, 293)
image	0		(412, 1047)	(421, 1047)	(421, 1058)	(412, 1058)
image	1		(456, 313)	(464, 313)	(464, 323)	(456, 323)
image	1		(456, 345)	(464, 345)	(464, 355)	(456, 355)
image	3		(455, 377)	(464, 377)	(464, 387)	(455, 387)
image	2		(455, 409)	(464, 409)	(464, 419)	(455, 419)
image	IN		(467, 430)	(467, 448)	(458, 448)	(458, 430)
image	2		(455, 440)	(465, 440)	(465, 451)	(455, 451)
image	0		(455, 575)	(463, 575)	(463, 585)	(455, 585)
image	6		(455, 670)	(463, 670)	(463, 680)	(455, 680)
image	2		(455, 702)	(464, 702)	(464, 712)	(455, 712)
image	2		(455, 733)	(464, 733)	(464, 743)	(455, 743)
image	0		(455, 765)	(463, 765)	(463, 775)	(455, 775)
image	4		(456, 828)	(463, 828)	(463, 838)	(456, 838)
image	4		(455, 922)	(463, 922)	(463, 932)	(455, 932)
image	2		(455, 954)	(464, 954)	(464, 964)	(455, 964)
image	základní		(470, 74)	(545, 75)	(545, 94)	(470, 93)
image	zpracování		(548, 75)	(646, 76)	(646, 95)	(548, 94)
image	2		(454, 606)	(464, 606)	(464, 617)	(454, 617)
image	2		(497, 606)	(507, 606)	(507, 616)	(497, 616)
image	3		(455, 638)	(464, 638)	(464, 649)	(455, 649)
image	2		(455, 985)	(464, 985)	(464, 995)	(455, 995)
image	6		(455, 1016)	(463, 1016)	(463, 1026)	(455, 1026)
image	1		(498, 314)	(506, 314)	(506, 324)	(498, 324)
image	1		(456, 1047)	(464, 1047)	(464, 1057)	(456, 1057)
image	5		(498, 346)	(506, 346)	(506, 356)	(498, 356)
image	6		(498, 376)	(506, 376)	(506, 386)	(498, 386)
image	5		(498, 409)	(507, 409)	(507, 420)	(498, 420)
image	6		(498, 439)	(507, 439)	(507, 449)	(498, 449)
image	4		(498, 481)	(506, 481)	(506, 490)	(498, 490)
image	3		(498, 513)	(506, 513)	(506, 524)	(498, 524)
image	4		(498, 544)	(506, 544)	(506, 554)	(498, 554)
image	4		(498, 575)	(506, 575)	(506, 584)	(498, 584)
image	4		(498, 639)	(506, 639)	(506, 649)	(498, 649)
image	2		(455, 796)	(464, 796)	(464, 806)	(455, 806)
image	10		(490, 795)	(506, 795)	(506, 806)	(490, 806)
image	16		(490, 827)	(505, 827)	(505, 838)	(490, 838)
image	2		(455, 859)	(464, 859)	(464, 870)	(455, 870)
image	13		(490, 858)	(507, 858)	(507, 869)	(490, 869)
image	0		(455, 891)	(464, 891)	(464, 902)	(455, 902)
image	3		(498, 890)	(507, 890)	(507, 901)	(498, 901)
image	4		(498, 670)	(506, 670)	(506, 680)	(498, 680)
image	8		(497, 702)	(507, 702)	(507, 712)	(497, 712)
image	r		(496, 730)	(505, 730)	(505, 738)	(496, 738)
image	7		(498, 732)	(507, 732)	(507, 743)	(498, 743)
image	5		(498, 765)	(507, 765)	(507, 775)	(498, 775)
image	15		(490, 921)	(505, 921)	(505, 932)	(490, 932)
image	20		(490, 954)	(506, 954)	(506, 964)	(490, 964)
image	22		(490, 984)	(505, 984)	(505, 994)	(490, 994)
image	20		(490, 1015)	(506, 1015)	(506, 1027)	(490, 1027)
image	0		(498, 1047)	(507, 1047)	(507, 1057)	(498, 1057)
image	0		(540, 283)	(549, 283)	(549, 293)	(540, 293)
image	0		(540, 314)	(549, 314)	(549, 324)	(540, 324)
image	0		(540, 346)	(549, 346)	(549, 356)	(540, 356)
image	0		(540, 377)	(549, 377)	(549, 387)	(540, 387)
image	0		(540, 409)	(549, 409)	(549, 419)	(540, 419)
image	0		(540, 440)	(549, 440)	(549, 450)	(540, 450)
image	0		(540, 480)	(550, 480)	(550, 491)	(540, 491)
image	0		(540, 511)	(550, 511)	(550, 523)	(540, 523)
image	0		(540, 543)	(550, 543)	(550, 554)	(540, 554)
image	0		(540, 574)	(549, 574)	(549, 585)	(540, 585)
image	0		(540, 606)	(549, 606)	(549, 617)	(540, 617)
image	0		(540, 638)	(549, 638)	(549, 649)	(540, 649)
image	0		(540, 670)	(548, 670)	(548, 680)	(540, 680)
image	0		(540, 702)	(548, 702)	(548, 712)	(540, 712)
image	0		(540, 733)	(549, 733)	(549, 743)	(540, 743)
image	0		(540, 765)	(549, 765)	(549, 775)	(540, 775)
image	0		(540, 796)	(549, 796)	(549, 806)	(540, 806)
image	0		(540, 828)	(548, 828)	(548, 838)	(540, 838)
image	0		(540, 859)	(549, 859)	(549, 869)	(540, 869)
image	0		(540, 890)	(549, 890)	(549, 901)	(540, 901)
image	0		(540, 921)	(549, 921)	(549, 931)	(540, 931)
image	0		(540, 954)	(548, 954)	(548, 964)	(540, 964)
image	0		(540, 985)	(549, 985)	(549, 995)	(540, 995)
image	0		(540, 1016)	(549, 1016)	(549, 1027)	(540, 1027)
image	0		(540, 1047)	(549, 1047)	(549, 1058)	(540, 1058)
image	19		(589, 219)	(606, 219)	(606, 230)	(589, 230)
image	86		(589, 250)	(606, 250)	(606, 261)	(589, 261)
image	13		(589, 282)	(606, 282)	(606, 293)	(589, 293)
image	9		(597, 313)	(606, 313)	(606, 323)	(597, 323)
image	18		(589, 345)	(606, 345)	(606, 356)	(589, 356)
image	36		(589, 376)	(606, 376)	(606, 387)	(589, 387)
image	24		(589, 408)	(605, 408)	(605, 419)	(589, 419)
image	30		(589, 439)	(605, 439)	(605, 449)	(589, 449)
image	17		(589, 480)	(605, 480)	(605, 491)	(589, 491)
image	21		(589, 513)	(605, 513)	(605, 523)	(589, 523)
image	24		(588, 543)	(606, 543)	(606, 554)	(588, 554)
image	31		(589, 574)	(606, 574)	(606, 585)	(589, 585)
image	63		(589, 606)	(606, 606)	(606, 617)	(589, 617)
image	17		(589, 638)	(605, 638)	(605, 649)	(589, 649)
image	56		(589, 669)	(605, 669)	(605, 679)	(589, 679)
image	30		(589, 701)	(605, 701)	(605, 712)	(589, 712)
image	62		(589, 732)	(604, 732)	(604, 742)	(589, 742)
image	28		(588, 764)	(606, 764)	(606, 774)	(588, 774)
image	58		(589, 795)	(606, 795)	(606, 806)	(589, 806)
image	80		(589, 827)	(606, 827)	(606, 838)	(589, 838)
image	87		(589, 858)	(606, 858)	(606, 869)	(589, 869)
image	14		(589, 891)	(606, 891)	(606, 901)	(589, 901)
image	81		(589, 921)	(605, 921)	(605, 931)	(589, 931)
image	89		(589, 953)	(606, 953)	(606, 964)	(589, 964)
image	78		(588, 984)	(605, 984)	(605, 995)	(588, 995)
image	130		(581, 1015)	(606, 1015)	(606, 1027)	(581, 1027)
image	1		(597, 1048)	(605, 1048)	(605, 1059)	(597, 1059)
image	0		(639, 219)	(649, 219)	(649, 230)	(639, 230)
image	0		(639, 250)	(648, 250)	(648, 260)	(639, 260)
image	O		(637, 279)	(646, 279)	(646, 291)	(637, 291)
image	O		(637, 310)	(646, 310)	(646, 322)	(637, 322)
image	O		(637, 342)	(646, 342)	(646, 354)	(637, 354)
image	O		(637, 373)	(646, 373)	(646, 386)	(637, 386)
image	O		(637, 405)	(646, 405)	(646, 418)	(637, 418)
image	O		(637, 436)	(646, 436)	(646, 449)	(637, 449)
image	0		(640, 282)	(648, 282)	(648, 292)	(640, 292)
image	0		(639, 345)	(648, 345)	(648, 355)	(639, 355)
image	0		(640, 376)	(649, 376)	(649, 386)	(640, 386)
image	0		(640, 313)	(649, 313)	(649, 323)	(640, 323)
image	0		(682, 313)	(691, 313)	(691, 324)	(682, 324)
image	0		(640, 408)	(648, 408)	(648, 418)	(640, 418)
image	0		(639, 481)	(648, 481)	(648, 491)	(639, 491)
image	OOO		(640, 618)	(640, 543)	(647, 543)	(647, 618)
image	OO		(640, 525)	(640, 481)	(647, 481)	(647, 525)
image	0		(639, 513)	(648, 513)	(648, 523)	(639, 523)
image	0		(639, 543)	(648, 543)	(648, 553)	(639, 553)
image	0		(639, 574)	(648, 574)	(648, 584)	(639, 584)
image	0		(639, 606)	(648, 606)	(648, 616)	(639, 616)
image	0		(639, 638)	(648, 638)	(648, 648)	(639, 648)
image	0		(639, 669)	(648, 669)	(648, 680)	(639, 680)
image	0		(639, 701)	(648, 701)	(648, 711)	(639, 711)
image	0		(639, 732)	(648, 732)	(648, 742)	(639, 742)
image	0		(640, 764)	(649, 764)	(649, 774)	(640, 774)
image	0		(639, 795)	(648, 795)	(648, 805)	(639, 805)
image	0		(639, 827)	(648, 827)	(648, 837)	(639, 837)
image	0		(640, 858)	(649, 858)	(649, 868)	(640, 868)
image	OOO		(637, 887)	(645, 887)	(645, 963)	(637, 963)
image	OOO		(637, 981)	(645, 981)	(645, 1057)	(637, 1057)
image	0		(640, 921)	(649, 921)	(649, 931)	(640, 931)
image	0		(639, 984)	(648, 984)	(648, 994)	(639, 994)
image	ŠI		(667, 177)	(679, 177)	(679, 190)	(667, 190)
image	mlýn		(700, 177)	(732, 177)	(732, 192)	(700, 192)
image	BR		(748, 177)	(767, 177)	(767, 191)	(748, 191)
image	0		(640, 1016)	(649, 1016)	(649, 1026)	(640, 1026)
image	0		(682, 219)	(691, 219)	(691, 230)	(682, 230)
image	0		(682, 250)	(691, 250)	(691, 261)	(682, 261)
image	0		(639, 1047)	(648, 1047)	(648, 1058)	(639, 1058)
image	0		(682, 282)	(691, 282)	(691, 292)	(682, 292)
image	0		(682, 345)	(691, 345)	(691, 355)	(682, 355)
image	0		(682, 377)	(691, 377)	(691, 388)	(682, 388)
image	0		(682, 409)	(691, 409)	(691, 420)	(682, 420)
image	0		(682, 440)	(690, 440)	(690, 451)	(682, 451)
image	0		(682, 481)	(691, 481)	(691, 492)	(682, 492)
image	0		(682, 513)	(691, 513)	(691, 524)	(682, 524)
image	0		(682, 542)	(691, 542)	(691, 553)	(682, 553)
image	0		(682, 574)	(691, 574)	(691, 585)	(682, 585)
image	0		(682, 606)	(691, 606)	(691, 617)	(682, 617)
image	0		(682, 638)	(691, 638)	(691, 649)	(682, 649)
image	0		(682, 669)	(691, 669)	(691, 680)	(682, 680)
image	0		(682, 702)	(690, 702)	(690, 713)	(682, 713)
image	0		(682, 733)	(691, 733)	(691, 743)	(682, 743)
image	0		(682, 765)	(691, 765)	(691, 775)	(682, 775)
image	0		(639, 890)	(649, 890)	(649, 901)	(639, 901)
image	0		(682, 890)	(691, 890)	(691, 902)	(682, 902)
image	0		(682, 921)	(691, 921)	(691, 932)	(682, 932)
image	0		(639, 953)	(649, 953)	(649, 964)	(639, 964)
image	0		(682, 953)	(691, 953)	(691, 964)	(682, 964)
image	0		(682, 984)	(691, 984)	(691, 995)	(682, 995)
image	0		(682, 1016)	(691, 1016)	(691, 1027)	(682, 1027)
image	0		(682, 1047)	(692, 1047)	(692, 1058)	(682, 1058)
image	0		(682, 796)	(691, 796)	(691, 806)	(682, 806)
image	0		(682, 828)	(691, 828)	(691, 838)	(682, 838)
image	0		(682, 859)	(690, 859)	(690, 869)	(682, 869)
image	0		(724, 219)	(734, 219)	(734, 231)	(724, 231)
image	0		(725, 250)	(734, 250)	(734, 261)	(725, 261)
image	0		(725, 283)	(734, 283)	(734, 293)	(725, 293)
image	oooo		(735, 287)	(732, 386)	(722, 386)	(725, 287)
image	0		(725, 314)	(734, 314)	(734, 324)	(725, 324)
image	0		(724, 377)	(733, 377)	(733, 387)	(724, 387)
image	0		(725, 409)	(734, 409)	(734, 419)	(725, 419)
image	PI		(724, 447)	(724, 429)	(734, 429)	(734, 447)
image	0		(725, 440)	(734, 440)	(734, 450)	(725, 450)
image	0		(724, 481)	(733, 481)	(733, 491)	(724, 491)
image	0		(725, 513)	(733, 513)	(733, 523)	(725, 523)
image	0		(724, 543)	(733, 543)	(733, 554)	(724, 554)
image	0		(725, 574)	(734, 574)	(734, 585)	(725, 585)
image	0		(725, 607)	(733, 607)	(733, 618)	(725, 618)
image	0		(725, 639)	(733, 639)	(733, 650)	(725, 650)
image	0		(725, 670)	(734, 670)	(734, 680)	(725, 680)
image	0		(725, 702)	(734, 702)	(734, 712)	(725, 712)
image	0		(725, 733)	(734, 733)	(734, 743)	(725, 743)
image	0		(725, 765)	(734, 765)	(734, 775)	(725, 775)
image	0		(725, 796)	(733, 796)	(733, 806)	(725, 806)
image	0		(725, 828)	(733, 828)	(733, 839)	(725, 839)
image	0		(725, 859)	(733, 859)	(733, 870)	(725, 870)
image	0		(724, 890)	(733, 890)	(733, 902)	(724, 902)
image	0		(725, 921)	(734, 921)	(734, 932)	(725, 932)
image	0		(725, 953)	(734, 953)	(734, 963)	(725, 963)
image	0		(725, 985)	(734, 985)	(734, 995)	(725, 995)
image	0		(724, 1016)	(733, 1016)	(733, 1027)	(724, 1027)
image	0		(725, 1048)	(733, 1048)	(733, 1058)	(725, 1058)
image	0		(767, 220)	(776, 220)	(776, 230)	(767, 230)
image	0		(767, 250)	(776, 250)	(776, 261)	(767, 261)
image	0		(767, 283)	(776, 283)	(776, 293)	(767, 293)
image	OOO		(765, 284)	(773, 284)	(773, 356)	(765, 356)
image	OOO		(765, 375)	(773, 375)	(773, 450)	(765, 450)
image	0		(767, 313)	(776, 313)	(776, 323)	(767, 323)
image	0		(767, 345)	(776, 345)	(776, 355)	(767, 355)
image	0		(767, 376)	(775, 376)	(775, 386)	(767, 386)
image	0		(767, 408)	(776, 408)	(776, 418)	(767, 418)
image	0		(767, 440)	(775, 440)	(775, 450)	(767, 450)
image	0		(767, 481)	(775, 481)	(775, 491)	(767, 491)
image	OOO		(774, 512)	(774, 584)	(766, 584)	(766, 512)
image	OO		(773, 604)	(773, 649)	(766, 649)	(766, 604)
image	0		(767, 543)	(776, 543)	(776, 554)	(767, 554)
image	0		(767, 575)	(776, 575)	(776, 586)	(767, 586)
image	0		(767, 607)	(776, 607)	(776, 618)	(767, 618)
image	0		(767, 639)	(775, 639)	(775, 650)	(767, 650)
image	0		(767, 669)	(775, 669)	(775, 679)	(767, 679)
image	0		(767, 701)	(775, 701)	(775, 711)	(767, 711)
image	0		(767, 733)	(775, 733)	(775, 744)	(767, 744)
image	0		(767, 765)	(775, 765)	(775, 775)	(767, 775)
image	0		(767, 796)	(775, 796)	(775, 806)	(767, 806)
image	0		(767, 827)	(775, 827)	(775, 837)	(767, 837)
image	0		(767, 858)	(775, 858)	(775, 868)	(767, 868)
image	0		(767, 890)	(776, 890)	(776, 901)	(767, 901)
image	0		(767, 922)	(776, 922)	(776, 932)	(767, 932)
image	0		(767, 954)	(776, 954)	(776, 964)	(767, 964)
image	0		(767, 984)	(776, 984)	(776, 995)	(767, 995)
image	0		(767, 1016)	(775, 1016)	(775, 1027)	(767, 1027)
image	0		(767, 1048)	(776, 1048)	(776, 1058)	(767, 1058)
image	KA		(792, 178)	(811, 178)	(811, 189)	(792, 189)
image	ΜΑ		(830, 176)	(852, 176)	(852, 192)	(830, 192)
image	KO		(877, 178)	(894, 178)	(894, 189)	(877, 189)
image	54		(783, 1154)	(800, 1154)	(800, 1166)	(783, 1166)
image	0		(809, 219)	(818, 219)	(818, 230)	(809, 230)
image	0		(809, 250)	(818, 250)	(818, 261)	(809, 261)
image	0		(809, 283)	(818, 283)	(818, 293)	(809, 293)
image	1		(810, 313)	(818, 313)	(818, 324)	(810, 324)
image	5		(809, 345)	(818, 345)	(818, 356)	(809, 356)
image	4		(809, 377)	(817, 377)	(817, 387)	(809, 387)
image	1		(810, 513)	(818, 513)	(818, 523)	(810, 523)
image	1		(809, 543)	(818, 543)	(818, 555)	(809, 555)
image	0		(809, 480)	(819, 480)	(819, 490)	(809, 490)
image	108		(836, 480)	(862, 480)	(862, 491)	(836, 491)
image	28		(844, 512)	(860, 512)	(860, 523)	(844, 523)
image	22		(844, 543)	(861, 543)	(861, 553)	(844, 553)
image	0		(809, 575)	(817, 575)	(817, 585)	(809, 585)
image	0		(809, 409)	(818, 409)	(818, 419)	(809, 419)
image	22		(844, 408)	(860, 408)	(860, 418)	(844, 418)
image	3		(809, 439)	(819, 439)	(819, 450)	(809, 450)
image	112		(837, 439)	(861, 439)	(861, 449)	(837, 449)
image	18		(887, 440)	(903, 440)	(903, 450)	(887, 450)
image	1		(810, 639)	(819, 639)	(819, 650)	(810, 650)
image	0		(810, 670)	(818, 670)	(818, 680)	(810, 680)
image	10		(845, 574)	(861, 574)	(861, 585)	(845, 585)
image	3		(809, 606)	(818, 606)	(818, 617)	(809, 617)
image	112		(837, 606)	(861, 606)	(861, 616)	(837, 616)
image	3		(810, 702)	(817, 702)	(817, 713)	(810, 713)
image	0		(810, 732)	(818, 732)	(818, 742)	(810, 742)
image	1		(810, 765)	(817, 765)	(817, 775)	(810, 775)
image	0		(810, 795)	(819, 795)	(819, 805)	(810, 805)
image	ON		(808, 868)	(808, 827)	(818, 827)	(818, 868)
image	0		(809, 859)	(818, 859)	(818, 869)	(809, 869)
image	1		(810, 890)	(819, 890)	(819, 902)	(810, 902)
image	2		(809, 922)	(818, 922)	(818, 932)	(809, 932)
image	0		(852, 219)	(862, 219)	(862, 230)	(852, 230)
image	226		(837, 248)	(862, 249)	(861, 263)	(836, 262)
image	0		(852, 282)	(861, 282)	(861, 293)	(852, 293)
image	0		(809, 954)	(817, 954)	(817, 964)	(809, 964)
image	26		(844, 313)	(860, 313)	(860, 323)	(844, 323)
image	5		(809, 985)	(817, 985)	(817, 995)	(809, 995)
image	56		(845, 345)	(860, 345)	(860, 355)	(845, 355)
image	1		(810, 1016)	(818, 1016)	(818, 1027)	(810, 1027)
image	9		(809, 1047)	(818, 1047)	(818, 1057)	(809, 1057)
image	46		(844, 376)	(860, 376)	(860, 386)	(844, 386)
image	5		(888, 452)	(888, 441)	(902, 441)	(902, 452)
image	550		(888, 421)	(889, 344)	(903, 344)	(902, 421)
image	5		(889, 325)	(889, 314)	(903, 314)	(903, 325)
image	ON		(889, 293)	(889, 249)	(904, 249)	(904, 293)
image	O		(890, 230)	(890, 219)	(904, 219)	(904, 230)
image	44		(844, 733)	(860, 733)	(860, 743)	(844, 743)
image	14		(887, 314)	(902, 314)	(902, 324)	(887, 324)
image	16		(887, 408)	(902, 408)	(902, 419)	(887, 419)
image	122		(837, 1016)	(860, 1016)	(860, 1027)	(837, 1027)
image	0		(852, 1047)	(861, 1047)	(861, 1058)	(852, 1058)
image	4		(894, 481)	(902, 481)	(902, 491)	(894, 491)
image	30		(887, 513)	(903, 513)	(903, 523)	(887, 523)
image	TO		(889, 932)	(889, 888)	(903, 888)	(903, 932)
image	A		(889, 870)	(889, 858)	(903, 858)	(903, 870)
image	w		(889, 838)	(889, 826)	(903, 826)	(903, 838)
image	NW		(889, 777)	(889, 701)	(903, 701)	(903, 777)
image	8		(889, 682)	(889, 670)	(903, 670)	(903, 682)
image	8		(889, 650)	(889, 639)	(903, 639)	(903, 650)
image	00		(889, 617)	(889, 606)	(903, 606)	(903, 617)
image	00		(889, 586)	(889, 573)	(903, 573)	(903, 586)
image	10		(887, 670)	(903, 670)	(903, 680)	(887, 680)
image	13		(887, 701)	(904, 701)	(904, 712)	(887, 712)
image	32		(887, 733)	(904, 733)	(904, 744)	(887, 744)
image	14		(888, 922)	(902, 922)	(902, 932)	(888, 932)
image	6		(895, 954)	(903, 954)	(903, 964)	(895, 964)
image	U		(923, 178)	(935, 178)	(935, 189)	(923, 189)
image	18		(887, 985)	(904, 985)	(904, 995)	(887, 995)
image	ne		(930, 222)	(947, 222)	(947, 230)	(930, 230)
image	77		(887, 1015)	(903, 1015)	(903, 1026)	(887, 1026)
image	ne		(930, 253)	(946, 253)	(946, 261)	(930, 261)
image	0		(894, 1048)	(903, 1048)	(903, 1058)	(894, 1058)
image	ne		(930, 285)	(947, 285)	(947, 293)	(930, 293)
image	ne		(930, 316)	(946, 316)	(946, 324)	(930, 324)
image	18		(844, 638)	(862, 638)	(862, 649)	(844, 649)
image	90		(887, 639)	(902, 639)	(902, 648)	(887, 648)
image	ne		(930, 641)	(946, 641)	(946, 649)	(930, 649)
image	24		(844, 669)	(861, 669)	(861, 680)	(844, 680)
image	40		(844, 701)	(861, 701)	(861, 712)	(844, 712)
image	ne		(930, 348)	(945, 348)	(945, 356)	(930, 356)
image	ne		(930, 379)	(946, 379)	(946, 386)	(930, 386)
image	ne		(930, 411)	(946, 411)	(946, 418)	(930, 418)
image	ne		(930, 442)	(944, 442)	(944, 450)	(930, 450)
image	ne		(930, 483)	(945, 483)	(945, 491)	(930, 491)
image	ne		(930, 515)	(945, 515)	(945, 522)	(930, 522)
image	ne		(930, 546)	(946, 546)	(946, 554)	(930, 554)
image	ne		(930, 577)	(946, 577)	(946, 585)	(930, 585)
image	18		(844, 764)	(862, 764)	(862, 775)	(844, 775)
image	30		(845, 795)	(861, 795)	(861, 806)	(845, 806)
image	10		(887, 795)	(902, 795)	(902, 805)	(887, 805)
image	ne		(930, 797)	(945, 797)	(945, 805)	(930, 805)
image	65		(844, 827)	(861, 827)	(861, 838)	(844, 838)
image	104		(837, 858)	(860, 858)	(860, 870)	(837, 870)
image	0		(852, 890)	(861, 890)	(861, 901)	(852, 901)
image	55		(844, 921)	(861, 921)	(861, 932)	(844, 932)
image	58		(844, 953)	(862, 953)	(862, 964)	(844, 964)
image	35		(844, 983)	(861, 983)	(861, 995)	(844, 995)
image	ne		(930, 609)	(946, 609)	(946, 617)	(930, 617)
image	ne		(930, 672)	(946, 672)	(946, 680)	(930, 680)
image	ne		(930, 704)	(947, 704)	(947, 712)	(930, 712)
image	ne		(930, 734)	(945, 734)	(945, 742)	(930, 742)
image	0		(895, 890)	(904, 890)	(904, 900)	(895, 900)
image	ne		(930, 893)	(947, 893)	(947, 902)	(930, 902)
image	ne		(930, 766)	(945, 766)	(945, 774)	(930, 774)
image	ne		(930, 829)	(945, 829)	(945, 837)	(930, 837)
image	ne		(930, 860)	(945, 860)	(945, 868)	(930, 868)
image	ne		(930, 924)	(946, 924)	(946, 932)	(930, 932)
image	ne		(930, 955)	(945, 955)	(945, 963)	(930, 963)
image	ne		(930, 986)	(945, 986)	(945, 994)	(930, 994)
image	ne		(930, 1018)	(945, 1018)	(945, 1026)	(930, 1026)
image	ne		(930, 1049)	(945, 1049)	(945, 1057)	(930, 1057)
image	KI		(965, 178)	(978, 178)	(978, 189)	(965, 189)
image	0		(979, 219)	(988, 219)	(988, 230)	(979, 230)
image	0		(980, 250)	(989, 250)	(989, 261)	(980, 261)
image	0		(979, 282)	(989, 282)	(989, 293)	(979, 293)
image	0		(979, 313)	(988, 313)	(988, 323)	(979, 323)
image	0		(979, 345)	(988, 345)	(988, 355)	(979, 355)
image	0		(979, 376)	(988, 376)	(988, 386)	(979, 386)
image	0		(980, 408)	(989, 408)	(989, 418)	(980, 418)
image	0		(980, 440)	(988, 440)	(988, 450)	(980, 450)
image	0		(979, 480)	(989, 480)	(989, 491)	(979, 491)
image	0		(979, 512)	(988, 512)	(988, 522)	(979, 522)
image	0		(979, 543)	(989, 543)	(989, 555)	(979, 555)
image	0		(980, 574)	(989, 574)	(989, 585)	(980, 585)
image	0		(980, 606)	(989, 606)	(989, 617)	(980, 617)
image	0		(979, 638)	(988, 638)	(988, 649)	(979, 649)
image	0		(979, 669)	(989, 669)	(989, 679)	(979, 679)
image	0		(980, 701)	(989, 701)	(989, 711)	(980, 711)
image	0		(980, 733)	(988, 733)	(988, 743)	(980, 743)
image	0		(980, 765)	(988, 765)	(988, 775)	(980, 775)
image	0		(979, 796)	(987, 796)	(987, 806)	(979, 806)
image	0		(979, 827)	(988, 827)	(988, 837)	(979, 837)
image	0		(979, 859)	(988, 859)	(988, 869)	(979, 869)
image	0		(979, 890)	(988, 890)	(988, 901)	(979, 901)
image	0		(979, 922)	(988, 922)	(988, 932)	(979, 932)
image	0		(980, 953)	(989, 953)	(989, 963)	(980, 963)
image	0		(980, 985)	(988, 985)	(988, 995)	(980, 995)
image	0		(980, 1017)	(988, 1017)	(988, 1027)	(980, 1027)
image	0		(979, 1048)	(988, 1048)	(988, 1058)	(979, 1058)
image	Dto		(1001, 178)	(1026, 178)	(1026, 189)	(1001, 189)
image	bron		(1039, 178)	(1071, 178)	(1071, 189)	(1039, 189)
image	Z		(1052, 201)	(1060, 201)	(1060, 209)	(1052, 209)
image	0		(1022, 219)	(1031, 219)	(1031, 230)	(1022, 230)
image	1		(1022, 250)	(1031, 250)	(1031, 262)	(1022, 262)
image	0		(1022, 282)	(1030, 282)	(1030, 293)	(1022, 293)
image	0		(1022, 313)	(1031, 313)	(1031, 323)	(1022, 323)
image	0		(1022, 345)	(1031, 345)	(1031, 355)	(1022, 355)
image	0		(1022, 377)	(1031, 377)	(1031, 387)	(1022, 387)
image	0		(1022, 409)	(1031, 409)	(1031, 419)	(1022, 419)
image	1		(1023, 439)	(1030, 439)	(1030, 449)	(1023, 449)
image	0		(1022, 481)	(1031, 481)	(1031, 491)	(1022, 491)
image	9		(1025, 493)	(1025, 482)	(1033, 482)	(1033, 493)
image	0		(1022, 513)	(1030, 513)	(1030, 523)	(1022, 523)
image	0		(1022, 543)	(1032, 543)	(1032, 554)	(1022, 554)
image	0		(1022, 574)	(1030, 574)	(1030, 584)	(1022, 584)
image	0		(1022, 606)	(1031, 606)	(1031, 617)	(1022, 617)
image	0		(1022, 638)	(1030, 638)	(1030, 648)	(1022, 648)
image	0		(1022, 669)	(1031, 669)	(1031, 679)	(1022, 679)
image	0		(1022, 701)	(1031, 701)	(1031, 711)	(1022, 711)
image	0		(1022, 733)	(1030, 733)	(1030, 743)	(1022, 743)
image	0		(1022, 765)	(1030, 765)	(1030, 775)	(1022, 775)
image	0		(1023, 795)	(1031, 795)	(1031, 805)	(1023, 805)
image	1		(1023, 827)	(1030, 827)	(1030, 837)	(1023, 837)
image	0		(1022, 859)	(1030, 859)	(1030, 869)	(1022, 869)
image	0		(1022, 890)	(1031, 890)	(1031, 900)	(1022, 900)
image	OOO		(1016, 920)	(1029, 920)	(1030, 996)	(1017, 996)
image	OO		(1018, 1015)	(1030, 1015)	(1031, 1058)	(1019, 1058)
image	0		(1022, 922)	(1031, 922)	(1031, 932)	(1022, 932)
image	0		(1022, 954)	(1031, 954)	(1031, 964)	(1022, 964)
image	0		(1022, 985)	(1031, 985)	(1031, 996)	(1022, 996)
image	0		(1023, 1047)	(1031, 1047)	(1031, 1057)	(1023, 1057)
image	0		(1064, 219)	(1074, 219)	(1074, 230)	(1064, 230)
image	0		(1107, 219)	(1117, 219)	(1117, 230)	(1107, 230)
image	0		(1064, 250)	(1073, 250)	(1073, 261)	(1064, 261)
image	0		(1064, 282)	(1073, 282)	(1073, 293)	(1064, 293)
image	0		(1065, 313)	(1074, 313)	(1074, 324)	(1065, 324)
image	OOO		(1064, 344)	(1071, 344)	(1071, 419)	(1064, 419)
image	O		(1064, 438)	(1071, 438)	(1071, 449)	(1064, 449)
image	0		(1065, 345)	(1074, 345)	(1074, 356)	(1065, 356)
image	0		(1065, 377)	(1073, 377)	(1073, 387)	(1065, 387)
image	0		(1065, 409)	(1073, 409)	(1073, 419)	(1065, 419)
image	0		(1065, 440)	(1074, 440)	(1074, 450)	(1065, 450)
image	0		(1065, 481)	(1073, 481)	(1073, 491)	(1065, 491)
image	0		(1065, 513)	(1073, 513)	(1073, 523)	(1065, 523)
image	0		(1065, 543)	(1074, 543)	(1074, 554)	(1065, 554)
image	0		(1065, 574)	(1074, 574)	(1074, 585)	(1065, 585)
image	0		(1065, 606)	(1074, 606)	(1074, 617)	(1065, 617)
image	0		(1065, 638)	(1074, 638)	(1074, 649)	(1065, 649)
image	0		(1065, 670)	(1074, 670)	(1074, 680)	(1065, 680)
image	ܘ		(1059, 923)	(1078, 923)	(1078, 928)	(1059, 928)
image	ܘ		(1059, 893)	(1078, 893)	(1078, 898)	(1059, 898)
image	ܘ		(1059, 859)	(1078, 859)	(1078, 864)	(1059, 864)
image	ܘ		(1059, 829)	(1078, 829)	(1078, 834)	(1059, 834)
image	ܘ		(1059, 797)	(1078, 797)	(1078, 802)	(1059, 802)
image	ܘ		(1059, 767)	(1078, 767)	(1078, 772)	(1059, 772)
image	ܘ		(1059, 735)	(1078, 735)	(1078, 740)	(1059, 740)
image	ܘ		(1059, 703)	(1078, 703)	(1078, 708)	(1059, 708)
image	ܘ		(1059, 672)	(1078, 672)	(1078, 674)	(1059, 674)
image	0		(1065, 701)	(1074, 701)	(1074, 711)	(1065, 711)
image	0		(1064, 733)	(1073, 733)	(1073, 743)	(1064, 743)
image	0		(1065, 765)	(1073, 765)	(1073, 775)	(1065, 775)
image	0		(1065, 921)	(1074, 921)	(1074, 931)	(1065, 931)
image	0		(1065, 954)	(1073, 954)	(1073, 964)	(1065, 964)
image	0		(1065, 984)	(1074, 984)	(1074, 994)	(1065, 994)
image	0		(1065, 1016)	(1073, 1016)	(1073, 1026)	(1065, 1026)
image	Fe		(1090, 177)	(1107, 177)	(1107, 189)	(1090, 189)
image	Str		(1131, 178)	(1151, 178)	(1151, 190)	(1131, 190)
image	0		(1065, 1047)	(1073, 1047)	(1073, 1057)	(1065, 1057)
image	oc		(1116, 221)	(1116, 261)	(1106, 261)	(1106, 221)
image	0		(1107, 251)	(1115, 251)	(1115, 261)	(1107, 261)
image	0		(1108, 282)	(1116, 282)	(1116, 292)	(1108, 292)
image	0		(1108, 313)	(1116, 313)	(1116, 323)	(1108, 323)
image	0		(1107, 345)	(1115, 345)	(1115, 356)	(1107, 356)
image	0		(1107, 376)	(1116, 376)	(1116, 387)	(1107, 387)
image	0		(1107, 409)	(1115, 409)	(1115, 419)	(1107, 419)
image	c		(1115, 438)	(1115, 448)	(1108, 448)	(1108, 438)
image	0		(1107, 440)	(1115, 440)	(1115, 450)	(1107, 450)
image	0		(1107, 480)	(1117, 480)	(1117, 491)	(1107, 491)
image	0		(1107, 512)	(1115, 512)	(1115, 523)	(1107, 523)
image	0		(1107, 543)	(1116, 543)	(1116, 554)	(1107, 554)
image	0		(1107, 575)	(1115, 575)	(1115, 586)	(1107, 586)
image	0		(1107, 607)	(1115, 607)	(1115, 618)	(1107, 618)
image	0		(1107, 638)	(1116, 638)	(1116, 649)	(1107, 649)
image	0		(1107, 670)	(1115, 670)	(1115, 680)	(1107, 680)
image	0		(1107, 702)	(1115, 702)	(1115, 712)	(1107, 712)
image	0		(1107, 733)	(1115, 733)	(1115, 743)	(1107, 743)
image	OOO		(1114, 763)	(1115, 838)	(1106, 838)	(1105, 763)
image	OO		(1115, 856)	(1115, 901)	(1106, 901)	(1106, 856)
image	0		(1107, 922)	(1115, 922)	(1115, 932)	(1107, 932)
image	0		(1107, 953)	(1115, 953)	(1115, 964)	(1107, 964)
image	0		(1107, 985)	(1116, 985)	(1116, 995)	(1107, 995)
image	0		(1107, 1017)	(1116, 1017)	(1116, 1027)	(1107, 1027)
image	0		(1107, 1048)	(1116, 1048)	(1116, 1058)	(1107, 1058)
image	0		(1150, 219)	(1159, 219)	(1159, 230)	(1150, 230)
image	0		(1150, 250)	(1158, 250)	(1158, 261)	(1150, 261)
image	surovina		(1166, 250)	(1221, 250)	(1221, 261)	(1166, 261)
image	LUZ		(1238, 219)	(1262, 219)	(1262, 231)	(1238, 231)
image	LUŽ		(1238, 248)	(1261, 248)	(1261, 260)	(1238, 260)
image	LUŽ		(1238, 280)	(1261, 280)	(1261, 292)	(1238, 292)
image	LUŽ		(1237, 311)	(1263, 311)	(1263, 323)	(1237, 323)
image	LUŽ		(1237, 343)	(1262, 343)	(1262, 355)	(1237, 355)
image	LUŽ		(1238, 374)	(1262, 374)	(1262, 386)	(1238, 386)
image	0		(1150, 408)	(1159, 408)	(1159, 419)	(1150, 419)
image	LUŽ		(1237, 406)	(1263, 406)	(1263, 418)	(1237, 418)
image	0		(1151, 438)	(1159, 438)	(1159, 450)	(1151, 450)
image	Ka		(1167, 438)	(1182, 438)	(1182, 450)	(1167, 450)
image	-		(1182, 438)	(1187, 438)	(1187, 450)	(1182, 450)
image	surovi		(1188, 438)	(1227, 438)	(1227, 450)	(1188, 450)
image	LUŽ		(1238, 438)	(1262, 438)	(1262, 450)	(1238, 450)
image	0		(1150, 283)	(1158, 283)	(1158, 293)	(1150, 293)
image	0		(1150, 314)	(1158, 314)	(1158, 324)	(1150, 324)
image	0		(1150, 346)	(1159, 346)	(1159, 356)	(1150, 356)
image	0		(1150, 376)	(1159, 376)	(1159, 386)	(1150, 386)
image	0		(1150, 481)	(1159, 481)	(1159, 491)	(1150, 491)
image	0		(1150, 513)	(1158, 513)	(1158, 523)	(1150, 523)
image	0		(1150, 543)	(1159, 543)	(1159, 554)	(1150, 554)
image	0		(1150, 574)	(1159, 574)	(1159, 585)	(1150, 585)
image	0		(1150, 607)	(1159, 607)	(1159, 617)	(1150, 617)
image	0		(1150, 638)	(1159, 638)	(1159, 649)	(1150, 649)
image	0		(1150, 669)	(1159, 669)	(1159, 680)	(1150, 680)
image	0		(1150, 701)	(1159, 701)	(1159, 712)	(1150, 712)
image	0		(1150, 732)	(1159, 732)	(1159, 743)	(1150, 743)
image	0		(1150, 764)	(1159, 764)	(1159, 775)	(1150, 775)
image	0		(1150, 796)	(1159, 796)	(1159, 806)	(1150, 806)
image	0		(1150, 827)	(1159, 827)	(1159, 837)	(1150, 837)
image	0		(1150, 859)	(1159, 859)	(1159, 869)	(1150, 869)
image	0		(1150, 890)	(1158, 890)	(1158, 900)	(1150, 900)
image	0		(1150, 954)	(1158, 954)	(1158, 964)	(1150, 964)
image	0		(1150, 984)	(1158, 984)	(1158, 994)	(1150, 994)
image	jiné		(1184, 177)	(1209, 177)	(1209, 191)	(1184, 191)
image	0		(1150, 921)	(1158, 921)	(1158, 932)	(1150, 932)
image	rudnina		(1166, 921)	(1216, 921)	(1216, 932)	(1166, 932)
image	0		(1150, 1016)	(1159, 1016)	(1159, 1027)	(1150, 1027)
image	na		(1167, 462)	(1181, 462)	(1181, 469)	(1167, 469)
image	0		(1150, 1047)	(1159, 1047)	(1159, 1057)	(1150, 1057)
image	LUŽ		(1238, 477)	(1261, 477)	(1261, 490)	(1238, 490)
image	LUŽ		(1238, 509)	(1261, 509)	(1261, 522)	(1238, 522)
image	LUŽ		(1237, 540)	(1261, 540)	(1261, 553)	(1237, 553)
image	LUŽ		(1238, 572)	(1262, 572)	(1262, 586)	(1238, 586)
image	LUŽ		(1238, 604)	(1262, 604)	(1262, 617)	(1238, 617)
image	LUŽ		(1237, 636)	(1262, 636)	(1262, 649)	(1237, 649)
image	LUŽ		(1238, 667)	(1261, 667)	(1261, 680)	(1238, 680)
image	LUŽ		(1238, 699)	(1262, 699)	(1262, 711)	(1238, 711)
image	LUŽ		(1238, 729)	(1261, 729)	(1261, 742)	(1238, 742)
image	LUŽ		(1238, 761)	(1261, 761)	(1261, 774)	(1238, 774)
image	LUŽ		(1238, 792)	(1261, 792)	(1261, 805)	(1238, 805)
image	LUŽ		(1238, 824)	(1261, 824)	(1261, 837)	(1238, 837)
image	LUŽ		(1237, 856)	(1261, 856)	(1261, 869)	(1237, 869)
image	LUŽ		(1237, 888)	(1261, 888)	(1261, 901)	(1237, 901)
image	LUŽ		(1238, 918)	(1261, 918)	(1261, 931)	(1238, 931)
image	DATACE		(1270, 177)	(1323, 178)	(1323, 190)	(1270, 189)
image	BR		(1238, 951)	(1254, 951)	(1254, 965)	(1238, 965)
image	,		(1255, 951)	(1259, 951)	(1259, 965)	(1255, 965)
image	MOH		(1259, 951)	(1292, 951)	(1292, 965)	(1259, 965)
image	,		(1292, 951)	(1296, 951)	(1296, 965)	(1292, 965)
image	LUŽ		(1298, 951)	(1321, 951)	(1321, 965)	(1298, 965)
image	BR		(1238, 984)	(1254, 984)	(1254, 994)	(1238, 994)
image	BR		(1238, 1015)	(1254, 1015)	(1254, 1028)	(1238, 1028)
image	střed		(1258, 1015)	(1289, 1016)	(1289, 1029)	(1258, 1028)
image	.		(1292, 1016)	(1295, 1016)	(1295, 1029)	(1292, 1029)
image	/		(1295, 1016)	(1302, 1016)	(1302, 1029)	(1295, 1029)
image	ml		(1302, 1016)	(1318, 1016)	(1318, 1029)	(1302, 1029)
image	.		(1319, 1016)	(1322, 1016)	(1322, 1029)	(1319, 1029)
image	BR		(1238, 1045)	(1254, 1045)	(1254, 1058)	(1238, 1058)
image	střed		(1258, 1045)	(1290, 1046)	(1290, 1059)	(1258, 1058)
image	.		(1292, 1046)	(1295, 1046)	(1295, 1059)	(1292, 1059)
image	/		(1295, 1046)	(1302, 1046)	(1302, 1059)	(1295, 1059)
image	ml		(1302, 1046)	(1319, 1046)	(1319, 1059)	(1302, 1059)
image	.		(1319, 1046)	(1322, 1046)	(1322, 1059)	(1319, 1059)
image	poznámka		(1424, 177)	(1491, 176)	(1491, 190)	(1424, 191)
image	přetav.ker		(1365, 573)	(1431, 573)	(1431, 587)	(1365, 587)
image	.		(1431, 573)	(1435, 573)	(1435, 586)	(1431, 586)
image	přetav.ker		(1365, 921)	(1432, 921)	(1432, 934)	(1365, 934)
image	.		(1432, 921)	(1436, 921)	(1436, 934)	(1432, 934)
image	přetav.ker		(1365, 982)	(1433, 983)	(1433, 998)	(1365, 997)
image	.		(1432, 983)	(1436, 983)	(1436, 997)	(1432, 997)
image	,		(1435, 983)	(1439, 983)	(1439, 997)	(1435, 997)
image	pekáč		(1441, 983)	(1478, 983)	(1478, 997)	(1441, 997)
