IMAGE_NAME	DESCRIPTION	LANGUAGE	BBOX_1	BBOX_2	BBOX_3	BBOX_4
image	"Čáslav - Skála 2003
poč KONTEXT ČÁST VRSTV
A
382 2467
383 2467
384 2467
385 2467
386 2467
387 2467
388 2467
389 2467
390 2467
391 2467
392 2467
393 2467
394 2467
395 2467
396 2467
397 2467
398 2467
399 2467
400 2467
401 2467
402 2467
403 2467
404 2468
405 2468
406 2468
407 2468
408 sekt.3100
Z
Z
Z
Z
Z
Z
Z
Z
Z
Z
Z
Z
Z
Z
Z
Z
Z
V
-30
381/03
25-30 382/03
25-30 383/03
-30 384/03
0-35 385/03
-35
386/03
30-40 387/03
388/03
389/03
390/03
391/03
-40
40-50 392/03
-40
-40
-40
-50 393/03
394/03
395/03
396/03
-50 397/03
50-60 398/03
60-70 399/03
60-70 400/03
70-80 401/03
70-80 402/03
0-10 403/03
0-10 404/03
10-30 405/03
0-25
406/03
407/03
-50
PŘIR_Č
-50
-50
K_ATY K ZDK_PR K_N K_SU BI
P
OB OF AD
MA
0
1
0
48 0
5
0
20
0
5
0
25
10
31
31
57
0
0
16
12
34
6
6
0
15
33
22
50
30
14
43
3
26
8
34
52
0
1
IN MOON
2
3
0
2
0
2
0
0
0
0
1
0
2
0
OOOO
0
0
0
0
1
základní zpracování
1
1
0
3
9
0
0
a owc
0
0
0
0
0
6
0
0
9
4
4
3
5
1
5
11
0
0
0
0
10
9
0
0
0
0
0
0
0
0
0
0
0
0
0
0
0
0
0
C
0
26
53
25
11
32
36
69
10
9
21
12
42
6
6
0
15
40
22
52
39
18
48
6
0
64
0
0
OOOO
0
0
0
0
0
0
0 0
0
0
0
0
0
0
0
0
0
0
·OOOOO
0
0
0
0
0
0
0
0
31
9
40 0
DOO OC
ŠI mlýn BR
0
0
0
0
0
0
0
0
0
0 0
0
0
0
0
0
0
0
0
0
0
0
0
0
0
0
0
0
0
0
0
0
0
0
0
0
0
0
0
0
0
0
0 0
0
0
0
0
0
0
0
0
0
0
0
0
0
0
0
0
0
0
OOOO
0
0
0
0
0
0
0
0
0
0
0
KA ΜΑ
60
0
1
0
0
0
1
2
0
0
0
0
0
0
0
0
0
0
0
0
0
0
148
78
0
0
0
4
28
800
0
0
162
0
490
0
0 380
18
0 640
1 690
0 400
0 540
0
0
90
0
0
16
2
12
KO
0
1
8
0
4
8
5
0
0
5
0
7
A wooo.
20
8
12
4
0
12
0
3
U KI
14
ne
ne
ano
ne
ne
ano
ne
ano
ne
ano
ne
ne
ne
ne
ano
5 ano
ne
ne
ne
ano
ne
ne
ne
ne
ne
.
ne
ne
0
0
0
0
0
0
0
0
0
0
0
0
0
0
0
0
0
0
0
0
0
0
0
0
0
0
0
Dto bron
Z
0
0
0
0
0
0
0
0
0
0
0
0
0
0
0
0
0
0
0
0
0
0
0
0
0
0
0
0
0
0
0
0
0
0
0
0
0
0
0
OOO OOO
0
0
0
0
0
0
0
0
Fe Str
0
0
0
0
0
0 0
0
0 0
0
0
0
0
0
0
OOO o o o o o o o o o o
0
0
0
0
0
0
0
0
0
0
0
0
0 zem.uhl
0
0
0
0
0 obsah n.
0
0
0
0
0
0
0
0
0
0
0
0
0
0
0
0
0
jiné
0
0
DATACE
BR střed./ml.
BR střed./ml.
BR střed./ml.
BR střed./ml.
BR střed./ml.
BR střed./ml.
BR střed./ml.
BR střed./ml.
BR střed./ml.
BR střed./ml.
BR střed./ml.
BR střed./ml.
BR střed./ml.
BR střed./ml.
BR střed./ml.
BR střed./ml.
BR střed./ml.
BR střed./ml.
BR střed./ml.
BR střed./ml.
BR střed./ml.
BR střed./ml.
BR střed./ml.
BR střed./ml.
BR střed./ml.
BR střed./ml.
BR střed./ml.
poznámka
přetav.keramika
přetav.keramika
přetav.keramika
přetav.keramika
přetav.keramika
nádoba
přetav.keramika
přetav.keramika
přetav.keramika
přetav.keramika
přetav.keramika
přetav.keramika
přetav.keramika
přetav.keramika"	und	(57, 73)	(1492, 73)	(1492, 1166)	(57, 1166)
image	Čáslav		(57, 73)	(113, 74)	(113, 92)	(57, 91)
image	-		(117, 74)	(128, 74)	(128, 91)	(117, 91)
image	Skála		(134, 74)	(180, 75)	(180, 93)	(134, 92)
image	2003		(185, 75)	(230, 76)	(230, 94)	(185, 93)
image	poč		(61, 178)	(87, 178)	(87, 190)	(61, 190)
image	KONTEXT		(99, 178)	(163, 178)	(163, 190)	(99, 190)
image	ČÁST		(182, 175)	(215, 175)	(215, 189)	(182, 189)
image	VRSTV		(233, 176)	(277, 177)	(277, 191)	(233, 190)
image	A		(249, 199)	(261, 199)	(261, 209)	(249, 209)
image	382		(62, 219)	(86, 219)	(86, 230)	(62, 230)
image	2467		(94, 219)	(127, 219)	(127, 230)	(94, 230)
image	383		(62, 250)	(85, 250)	(85, 261)	(62, 261)
image	2467		(93, 250)	(126, 250)	(126, 260)	(93, 260)
image	384		(62, 283)	(85, 283)	(85, 293)	(62, 293)
image	2467		(93, 283)	(126, 283)	(126, 293)	(93, 293)
image	385		(62, 313)	(85, 313)	(85, 324)	(62, 324)
image	2467		(93, 313)	(127, 313)	(127, 324)	(93, 324)
image	386		(62, 345)	(85, 345)	(85, 356)	(62, 356)
image	2467		(94, 345)	(127, 345)	(127, 356)	(94, 356)
image	387		(62, 376)	(85, 376)	(85, 386)	(62, 386)
image	2467		(93, 376)	(126, 376)	(126, 386)	(93, 386)
image	388		(62, 408)	(87, 408)	(87, 418)	(62, 418)
image	2467		(94, 408)	(127, 408)	(127, 418)	(94, 418)
image	389		(62, 438)	(85, 438)	(85, 451)	(62, 451)
image	2467		(93, 438)	(126, 438)	(126, 450)	(93, 450)
image	390		(62, 471)	(87, 471)	(87, 483)	(62, 483)
image	2467		(93, 471)	(128, 471)	(128, 483)	(93, 483)
image	391		(62, 500)	(87, 501)	(87, 513)	(62, 513)
image	2467		(93, 500)	(128, 501)	(128, 514)	(93, 513)
image	392		(62, 534)	(85, 534)	(85, 545)	(62, 545)
image	2467		(92, 534)	(126, 534)	(126, 545)	(92, 545)
image	393		(62, 565)	(85, 565)	(85, 576)	(62, 576)
image	2467		(93, 565)	(127, 565)	(127, 576)	(93, 576)
image	394		(62, 597)	(85, 597)	(85, 608)	(62, 608)
image	2467		(93, 597)	(127, 597)	(127, 608)	(93, 608)
image	395		(62, 629)	(86, 629)	(86, 640)	(62, 640)
image	2467		(92, 629)	(126, 629)	(126, 640)	(92, 640)
image	396		(62, 659)	(86, 659)	(86, 671)	(62, 671)
image	2467		(94, 659)	(126, 660)	(126, 673)	(94, 672)
image	397		(62, 691)	(85, 691)	(85, 702)	(62, 702)
image	2467		(93, 691)	(127, 691)	(127, 702)	(93, 702)
image	398		(62, 723)	(85, 723)	(85, 733)	(62, 733)
image	2467		(94, 723)	(127, 724)	(127, 734)	(94, 733)
image	399		(62, 755)	(85, 755)	(85, 766)	(62, 766)
image	2467		(93, 755)	(127, 755)	(127, 766)	(93, 766)
image	400		(62, 786)	(85, 786)	(85, 797)	(62, 797)
image	2467		(93, 786)	(127, 786)	(127, 797)	(93, 797)
image	401		(61, 817)	(85, 817)	(85, 827)	(61, 827)
image	2467		(94, 817)	(127, 817)	(127, 827)	(94, 827)
image	402		(61, 850)	(86, 850)	(86, 860)	(61, 860)
image	2467		(94, 850)	(127, 850)	(127, 860)	(94, 860)
image	403		(61, 882)	(86, 882)	(86, 893)	(61, 893)
image	2467		(94, 882)	(127, 882)	(127, 893)	(94, 893)
image	404		(61, 912)	(85, 912)	(85, 923)	(61, 923)
image	2468		(94, 912)	(127, 912)	(127, 923)	(94, 923)
image	405		(62, 943)	(85, 943)	(85, 954)	(62, 954)
image	2468		(94, 943)	(127, 944)	(127, 955)	(94, 954)
image	406		(62, 975)	(85, 975)	(85, 986)	(62, 986)
image	2468		(93, 975)	(127, 975)	(127, 986)	(93, 986)
image	407		(62, 1007)	(85, 1007)	(85, 1018)	(62, 1018)
image	2468		(93, 1007)	(127, 1007)	(127, 1018)	(93, 1018)
image	408		(62, 1038)	(86, 1038)	(86, 1049)	(62, 1049)
image	sekt.3100		(94, 1038)	(158, 1038)	(158, 1049)	(94, 1049)
image	Z		(173, 219)	(182, 219)	(182, 230)	(173, 230)
image	Z		(173, 251)	(182, 251)	(182, 262)	(173, 262)
image	Z		(173, 283)	(182, 283)	(182, 294)	(173, 294)
image	Z		(173, 314)	(181, 314)	(181, 324)	(173, 324)
image	Z		(173, 377)	(181, 377)	(181, 387)	(173, 387)
image	Z		(173, 471)	(182, 471)	(182, 482)	(173, 482)
image	Z		(173, 503)	(182, 503)	(182, 514)	(173, 514)
image	Z		(173, 534)	(182, 534)	(182, 545)	(173, 545)
image	Z		(173, 598)	(181, 598)	(181, 608)	(173, 608)
image	Z		(173, 630)	(182, 630)	(182, 640)	(173, 640)
image	Z		(173, 661)	(182, 661)	(182, 672)	(173, 672)
image	Z		(173, 692)	(182, 692)	(182, 702)	(173, 702)
image	Z		(173, 724)	(182, 724)	(182, 734)	(173, 734)
image	Z		(173, 756)	(182, 756)	(182, 766)	(173, 766)
image	Z		(173, 912)	(182, 912)	(182, 923)	(173, 923)
image	Z		(173, 943)	(182, 943)	(182, 954)	(173, 954)
image	Z		(172, 975)	(181, 975)	(181, 986)	(172, 986)
image	V		(172, 1007)	(183, 1007)	(183, 1018)	(172, 1018)
image	-30		(230, 219)	(251, 219)	(251, 229)	(230, 229)
image	381/03		(287, 218)	(334, 218)	(334, 231)	(287, 231)
image	25-30		(231, 249)	(276, 249)	(276, 263)	(231, 263)
image	382/03		(287, 249)	(335, 249)	(335, 263)	(287, 263)
image	25-30		(231, 279)	(276, 280)	(276, 294)	(231, 293)
image	383/03		(287, 280)	(335, 281)	(335, 295)	(287, 294)
image	-30		(230, 313)	(252, 313)	(252, 324)	(230, 324)
image	384/03		(287, 313)	(334, 313)	(334, 326)	(287, 326)
image	0-35		(230, 345)	(266, 345)	(266, 355)	(230, 355)
image	385/03		(287, 345)	(335, 345)	(335, 357)	(287, 357)
image	-35		(230, 376)	(251, 376)	(251, 387)	(230, 387)
image	386/03		(287, 375)	(335, 376)	(335, 389)	(287, 388)
image	30-40		(231, 408)	(275, 408)	(275, 420)	(231, 420)
image	387/03		(286, 408)	(334, 408)	(334, 420)	(286, 420)
image	388/03		(287, 439)	(335, 439)	(335, 452)	(287, 452)
image	389/03		(287, 470)	(335, 470)	(335, 483)	(287, 483)
image	390/03		(287, 502)	(335, 502)	(335, 514)	(287, 514)
image	391/03		(287, 535)	(335, 535)	(335, 547)	(287, 547)
image	-40		(230, 534)	(251, 534)	(251, 545)	(230, 545)
image	40-50		(230, 562)	(276, 563)	(276, 576)	(230, 575)
image	392/03		(288, 563)	(335, 564)	(335, 577)	(288, 576)
image	-40		(231, 440)	(250, 440)	(250, 450)	(231, 450)
image	-40		(231, 471)	(251, 471)	(251, 482)	(231, 482)
image	-40		(230, 502)	(251, 502)	(251, 512)	(230, 512)
image	-50		(230, 597)	(251, 597)	(251, 607)	(230, 607)
image	393/03		(287, 598)	(335, 598)	(335, 610)	(287, 610)
image	394/03		(287, 629)	(334, 629)	(334, 641)	(287, 641)
image	395/03		(287, 659)	(335, 659)	(335, 672)	(287, 672)
image	396/03		(287, 692)	(335, 692)	(335, 705)	(287, 705)
image	-50		(230, 723)	(252, 723)	(252, 733)	(230, 733)
image	397/03		(287, 723)	(335, 723)	(335, 735)	(287, 735)
image	50-60		(231, 752)	(276, 753)	(276, 767)	(231, 766)
image	398/03		(288, 753)	(335, 754)	(335, 768)	(288, 767)
image	60-70		(231, 785)	(276, 785)	(276, 798)	(231, 798)
image	399/03		(288, 785)	(335, 785)	(335, 798)	(288, 798)
image	60-70		(231, 816)	(275, 816)	(275, 829)	(231, 829)
image	400/03		(286, 816)	(334, 816)	(334, 828)	(286, 828)
image	70-80		(231, 849)	(275, 849)	(275, 861)	(231, 861)
image	401/03		(287, 849)	(334, 849)	(334, 861)	(287, 861)
image	70-80		(231, 881)	(275, 881)	(275, 893)	(231, 893)
image	402/03		(286, 881)	(335, 881)	(335, 893)	(286, 893)
image	0-10		(230, 912)	(267, 912)	(267, 923)	(230, 923)
image	403/03		(287, 911)	(334, 910)	(334, 924)	(287, 925)
image	0-10		(230, 943)	(267, 943)	(267, 954)	(230, 954)
image	404/03		(287, 943)	(335, 943)	(335, 956)	(287, 956)
image	10-30		(231, 974)	(276, 974)	(276, 987)	(231, 987)
image	405/03		(287, 974)	(335, 974)	(335, 987)	(287, 987)
image	0-25		(230, 1007)	(267, 1007)	(267, 1018)	(230, 1018)
image	406/03		(287, 1006)	(333, 1004)	(334, 1018)	(288, 1020)
image	407/03		(287, 1037)	(335, 1037)	(335, 1049)	(287, 1049)
image	-50		(230, 629)	(251, 629)	(251, 639)	(230, 639)
image	PŘIR_Č		(303, 174)	(349, 176)	(348, 191)	(302, 190)
image	-50		(230, 660)	(251, 660)	(251, 670)	(230, 670)
image	-50		(230, 691)	(252, 691)	(252, 701)	(230, 701)
image	K_ATY		(376, 178)	(419, 178)	(419, 191)	(376, 191)
image	K		(429, 178)	(439, 178)	(439, 191)	(429, 191)
image	ZDK_PR		(445, 178)	(506, 178)	(506, 191)	(445, 191)
image	K_N		(518, 178)	(545, 178)	(545, 191)	(518, 191)
image	K_SU		(563, 178)	(598, 178)	(598, 191)	(563, 191)
image	BI		(624, 178)	(637, 178)	(637, 189)	(624, 189)
image	P		(392, 199)	(402, 199)	(402, 209)	(392, 209)
image	OB		(437, 198)	(456, 198)	(456, 209)	(437, 209)
image	OF		(479, 198)	(498, 198)	(498, 209)	(479, 209)
image	AD		(521, 197)	(541, 197)	(541, 209)	(521, 209)
image	MA		(570, 198)	(593, 198)	(593, 209)	(570, 209)
image	0		(455, 219)	(465, 219)	(465, 231)	(455, 231)
image	1		(498, 219)	(507, 219)	(507, 230)	(498, 230)
image	0		(540, 219)	(549, 219)	(549, 230)	(540, 230)
image	48		(404, 250)	(421, 250)	(421, 261)	(404, 261)
image	0		(455, 250)	(464, 250)	(464, 262)	(455, 262)
image	5		(497, 250)	(508, 250)	(508, 262)	(497, 262)
image	0		(540, 251)	(549, 251)	(549, 262)	(540, 262)
image	20		(405, 282)	(422, 282)	(422, 293)	(405, 293)
image	0		(455, 282)	(464, 282)	(464, 293)	(455, 293)
image	5		(497, 282)	(506, 282)	(506, 293)	(497, 293)
image	0		(540, 283)	(549, 283)	(549, 294)	(540, 294)
image	25		(404, 220)	(421, 220)	(421, 230)	(404, 230)
image	10		(405, 314)	(421, 314)	(421, 324)	(405, 324)
image	31		(405, 346)	(421, 346)	(421, 356)	(405, 356)
image	31		(405, 377)	(420, 377)	(420, 387)	(405, 387)
image	57		(404, 409)	(422, 409)	(422, 420)	(404, 420)
image	0		(412, 439)	(421, 439)	(421, 449)	(412, 449)
image	0		(413, 471)	(422, 471)	(422, 482)	(413, 482)
image	16		(405, 503)	(421, 503)	(421, 514)	(405, 514)
image	12		(405, 534)	(420, 534)	(420, 545)	(405, 545)
image	34		(405, 565)	(421, 565)	(421, 575)	(405, 575)
image	6		(412, 597)	(421, 597)	(421, 608)	(412, 608)
image	6		(412, 629)	(421, 629)	(421, 639)	(412, 639)
image	0		(412, 660)	(421, 660)	(421, 670)	(412, 670)
image	15		(405, 692)	(420, 692)	(420, 703)	(405, 703)
image	33		(405, 723)	(420, 723)	(420, 734)	(405, 734)
image	22		(405, 756)	(421, 756)	(421, 766)	(405, 766)
image	50		(404, 786)	(422, 786)	(422, 796)	(404, 796)
image	30		(405, 818)	(422, 818)	(422, 829)	(405, 829)
image	14		(405, 849)	(422, 849)	(422, 860)	(405, 860)
image	43		(404, 882)	(420, 882)	(420, 892)	(404, 892)
image	3		(412, 912)	(422, 912)	(422, 924)	(412, 924)
image	26		(405, 943)	(421, 943)	(421, 953)	(405, 953)
image	8		(412, 975)	(423, 975)	(423, 986)	(412, 986)
image	34		(405, 1007)	(422, 1007)	(422, 1017)	(405, 1017)
image	52		(405, 1039)	(421, 1039)	(421, 1050)	(405, 1050)
image	0		(455, 314)	(463, 314)	(463, 324)	(455, 324)
image	1		(456, 345)	(464, 345)	(464, 355)	(456, 355)
image	IN		(453, 349)	(463, 349)	(463, 385)	(453, 385)
image	MOON		(453, 405)	(463, 405)	(462, 512)	(452, 512)
image	2		(455, 377)	(464, 377)	(464, 387)	(455, 387)
image	3		(455, 408)	(465, 408)	(465, 419)	(455, 419)
image	0		(455, 440)	(464, 440)	(464, 451)	(455, 451)
image	2		(454, 502)	(464, 502)	(464, 513)	(454, 513)
image	0		(455, 534)	(463, 534)	(463, 545)	(455, 545)
image	2		(454, 566)	(464, 566)	(464, 577)	(454, 577)
image	0		(455, 598)	(464, 598)	(464, 608)	(455, 608)
image	0		(455, 629)	(464, 629)	(464, 640)	(455, 640)
image	0		(455, 660)	(464, 660)	(464, 670)	(455, 670)
image	0		(455, 692)	(464, 692)	(464, 702)	(455, 702)
image	1		(456, 723)	(464, 723)	(464, 733)	(456, 733)
image	0		(455, 756)	(464, 756)	(464, 766)	(455, 766)
image	2		(455, 787)	(465, 787)	(465, 798)	(455, 798)
image	0		(455, 817)	(465, 817)	(465, 828)	(455, 828)
image	OOOO		(454, 955)	(455, 816)	(465, 816)	(464, 955)
image	0		(455, 850)	(463, 850)	(463, 860)	(455, 860)
image	0		(455, 913)	(464, 913)	(464, 923)	(455, 923)
image	0		(455, 944)	(464, 944)	(464, 954)	(455, 954)
image	0		(455, 976)	(464, 976)	(464, 986)	(455, 986)
image	1		(456, 1007)	(464, 1007)	(464, 1017)	(456, 1017)
image	základní		(470, 74)	(545, 75)	(545, 94)	(470, 93)
image	zpracování		(548, 75)	(646, 76)	(646, 95)	(548, 94)
image	1		(456, 1038)	(464, 1038)	(464, 1048)	(456, 1048)
image	1		(498, 313)	(506, 313)	(506, 323)	(498, 323)
image	0		(498, 345)	(507, 345)	(507, 355)	(498, 355)
image	3		(497, 376)	(507, 376)	(507, 386)	(497, 386)
image	9		(498, 408)	(506, 408)	(506, 418)	(498, 418)
image	0		(498, 440)	(506, 440)	(506, 450)	(498, 450)
image	0		(497, 470)	(506, 470)	(506, 481)	(497, 481)
image	a		(497, 577)	(497, 566)	(506, 566)	(506, 577)
image	owc		(496, 547)	(496, 476)	(505, 476)	(505, 547)
image	0		(497, 534)	(506, 534)	(506, 544)	(497, 544)
image	0		(498, 597)	(507, 597)	(507, 607)	(498, 607)
image	0		(498, 629)	(507, 629)	(507, 639)	(498, 639)
image	0		(498, 660)	(506, 660)	(506, 670)	(498, 670)
image	0		(498, 691)	(506, 691)	(506, 701)	(498, 701)
image	6		(498, 724)	(506, 724)	(506, 734)	(498, 734)
image	0		(498, 755)	(506, 755)	(506, 765)	(498, 765)
image	0		(498, 786)	(506, 786)	(506, 796)	(498, 796)
image	9		(498, 817)	(507, 817)	(507, 827)	(498, 827)
image	4		(498, 850)	(506, 850)	(506, 859)	(498, 859)
image	4		(498, 882)	(505, 882)	(505, 891)	(498, 891)
image	3		(498, 912)	(507, 912)	(507, 923)	(498, 923)
image	5		(498, 943)	(507, 943)	(507, 954)	(498, 954)
image	1		(498, 975)	(506, 975)	(506, 985)	(498, 985)
image	5		(497, 1007)	(506, 1007)	(506, 1016)	(497, 1016)
image	11		(490, 1038)	(505, 1038)	(505, 1048)	(490, 1048)
image	0		(540, 314)	(549, 314)	(549, 324)	(540, 324)
image	0		(540, 346)	(549, 346)	(549, 356)	(540, 356)
image	0		(540, 377)	(549, 377)	(549, 387)	(540, 387)
image	0		(540, 409)	(549, 409)	(549, 419)	(540, 419)
image	10		(533, 439)	(549, 439)	(549, 450)	(533, 450)
image	9		(540, 471)	(550, 471)	(550, 482)	(540, 482)
image	0		(540, 502)	(549, 502)	(549, 513)	(540, 513)
image	0		(540, 535)	(549, 535)	(549, 546)	(540, 546)
image	0		(540, 566)	(549, 566)	(549, 576)	(540, 576)
image	0		(540, 598)	(549, 598)	(549, 608)	(540, 608)
image	0		(540, 630)	(549, 630)	(549, 640)	(540, 640)
image	0		(540, 661)	(549, 661)	(549, 672)	(540, 672)
image	0		(540, 692)	(549, 692)	(549, 702)	(540, 702)
image	0		(540, 724)	(549, 724)	(549, 734)	(540, 734)
image	0		(540, 756)	(549, 756)	(549, 766)	(540, 766)
image	0		(540, 787)	(549, 787)	(549, 797)	(540, 797)
image	0		(540, 817)	(548, 817)	(548, 827)	(540, 827)
image	0		(540, 849)	(549, 849)	(549, 859)	(540, 859)
image	0		(540, 882)	(549, 882)	(549, 892)	(540, 892)
image	0		(540, 913)	(549, 913)	(549, 923)	(540, 923)
image	0		(540, 943)	(549, 943)	(549, 954)	(540, 954)
image	0		(540, 975)	(549, 975)	(549, 986)	(540, 986)
image	0		(540, 1007)	(549, 1007)	(549, 1018)	(540, 1018)
image	C		(548, 1037)	(548, 1046)	(541, 1046)	(541, 1037)
image	0		(540, 1039)	(549, 1039)	(549, 1049)	(540, 1049)
image	26		(588, 218)	(606, 218)	(606, 230)	(588, 230)
image	53		(589, 250)	(605, 250)	(605, 261)	(589, 261)
image	25		(588, 282)	(606, 282)	(606, 292)	(588, 292)
image	11		(589, 314)	(606, 314)	(606, 324)	(589, 324)
image	32		(589, 345)	(605, 345)	(605, 356)	(589, 356)
image	36		(589, 376)	(606, 376)	(606, 387)	(589, 387)
image	69		(589, 408)	(606, 408)	(606, 419)	(589, 419)
image	10		(589, 439)	(606, 439)	(606, 450)	(589, 450)
image	9		(596, 471)	(606, 471)	(606, 482)	(596, 482)
image	21		(589, 502)	(604, 502)	(604, 512)	(589, 512)
image	12		(589, 534)	(605, 534)	(605, 545)	(589, 545)
image	42		(589, 565)	(605, 565)	(605, 576)	(589, 576)
image	6		(597, 597)	(605, 597)	(605, 607)	(597, 607)
image	6		(597, 630)	(606, 630)	(606, 641)	(597, 641)
image	0		(597, 660)	(606, 660)	(606, 671)	(597, 671)
image	15		(589, 691)	(607, 691)	(607, 703)	(589, 703)
image	40		(589, 723)	(604, 723)	(604, 734)	(589, 734)
image	22		(588, 755)	(605, 755)	(605, 766)	(588, 766)
image	52		(589, 787)	(605, 787)	(605, 798)	(589, 798)
image	39		(589, 817)	(605, 817)	(605, 828)	(589, 828)
image	18		(589, 849)	(606, 849)	(606, 860)	(589, 860)
image	48		(588, 881)	(606, 881)	(606, 892)	(588, 892)
image	6		(597, 913)	(605, 913)	(605, 923)	(597, 923)
image	0		(639, 219)	(649, 219)	(649, 230)	(639, 230)
image	64		(589, 1038)	(604, 1038)	(604, 1048)	(589, 1048)
image	0		(639, 250)	(648, 250)	(648, 260)	(639, 260)
image	0		(640, 282)	(649, 282)	(649, 292)	(640, 292)
image	OOOO		(638, 387)	(639, 282)	(649, 282)	(648, 387)
image	0		(639, 313)	(648, 313)	(648, 323)	(639, 323)
image	0		(640, 345)	(648, 345)	(648, 355)	(640, 355)
image	0		(682, 313)	(691, 313)	(691, 324)	(682, 324)
image	0		(682, 345)	(691, 345)	(691, 356)	(682, 356)
image	0		(682, 377)	(691, 377)	(691, 388)	(682, 388)
image	0		(682, 409)	(691, 409)	(691, 420)	(682, 420)
image	0		(640, 439)	(649, 439)	(649, 449)	(640, 449)
image	0		(682, 439)	(691, 439)	(691, 450)	(682, 450)
image	0		(682, 471)	(691, 471)	(691, 482)	(682, 482)
image	0		(682, 502)	(691, 502)	(691, 512)	(682, 512)
image	0		(640, 376)	(649, 376)	(649, 386)	(640, 386)
image	0		(640, 408)	(648, 408)	(648, 418)	(640, 418)
image	0		(640, 471)	(649, 471)	(649, 481)	(640, 481)
image	0		(640, 502)	(649, 502)	(649, 512)	(640, 512)
image	0		(640, 534)	(649, 534)	(649, 544)	(640, 544)
image	0		(639, 565)	(648, 565)	(648, 575)	(639, 575)
image	0		(640, 597)	(649, 597)	(649, 607)	(640, 607)
image	0		(640, 629)	(649, 629)	(649, 639)	(640, 639)
image	·		(640, 787)	(640, 774)	(649, 774)	(649, 787)
image	OOOOO		(639, 768)	(639, 629)	(648, 629)	(648, 768)
image	0		(640, 660)	(649, 660)	(649, 670)	(640, 670)
image	0		(640, 691)	(649, 691)	(649, 701)	(640, 701)
image	0		(639, 723)	(648, 723)	(648, 733)	(639, 733)
image	0		(639, 755)	(648, 755)	(648, 765)	(639, 765)
image	0		(640, 786)	(649, 786)	(649, 796)	(640, 796)
image	0		(639, 818)	(648, 818)	(648, 828)	(639, 828)
image	0		(640, 849)	(649, 849)	(649, 859)	(640, 859)
image	0		(639, 881)	(648, 881)	(648, 891)	(639, 891)
image	31		(589, 943)	(607, 943)	(607, 954)	(589, 954)
image	9		(597, 975)	(607, 975)	(607, 986)	(597, 986)
image	40		(589, 1007)	(605, 1007)	(605, 1018)	(589, 1018)
image	0		(639, 1007)	(648, 1007)	(648, 1017)	(639, 1017)
image	DOO		(647, 919)	(647, 986)	(639, 986)	(639, 919)
image	OC		(646, 1005)	(646, 1048)	(639, 1048)	(639, 1005)
image	ŠI		(667, 177)	(679, 177)	(679, 190)	(667, 190)
image	mlýn		(700, 177)	(732, 177)	(732, 192)	(700, 192)
image	BR		(748, 177)	(767, 177)	(767, 191)	(748, 191)
image	0		(682, 219)	(691, 219)	(691, 230)	(682, 230)
image	0		(682, 250)	(691, 250)	(691, 261)	(682, 261)
image	0		(639, 1038)	(648, 1038)	(648, 1048)	(639, 1048)
image	0		(682, 282)	(691, 282)	(691, 292)	(682, 292)
image	0		(682, 534)	(691, 534)	(691, 544)	(682, 544)
image	0		(682, 565)	(691, 565)	(691, 575)	(682, 575)
image	0		(682, 597)	(691, 597)	(691, 608)	(682, 608)
image	0		(682, 849)	(691, 849)	(691, 860)	(682, 860)
image	0		(682, 881)	(691, 881)	(691, 892)	(682, 892)
image	0		(640, 912)	(649, 912)	(649, 922)	(640, 922)
image	0		(682, 912)	(691, 912)	(691, 923)	(682, 923)
image	0		(682, 629)	(691, 629)	(691, 639)	(682, 639)
image	0		(682, 661)	(691, 661)	(691, 672)	(682, 672)
image	0		(682, 691)	(691, 691)	(691, 702)	(682, 702)
image	0		(682, 723)	(691, 723)	(691, 734)	(682, 734)
image	0		(682, 755)	(691, 755)	(691, 766)	(682, 766)
image	0		(682, 787)	(691, 787)	(691, 797)	(682, 797)
image	0		(682, 818)	(691, 818)	(691, 828)	(682, 828)
image	0		(682, 976)	(691, 976)	(691, 986)	(682, 986)
image	0		(682, 1007)	(691, 1007)	(691, 1018)	(682, 1018)
image	0		(724, 219)	(734, 219)	(734, 230)	(724, 230)
image	0		(725, 250)	(734, 250)	(734, 261)	(725, 261)
image	0		(682, 1039)	(691, 1039)	(691, 1049)	(682, 1049)
image	0		(725, 283)	(734, 283)	(734, 293)	(725, 293)
image	0		(725, 314)	(734, 314)	(734, 324)	(725, 324)
image	0		(725, 345)	(734, 345)	(734, 355)	(725, 355)
image	0		(724, 377)	(733, 377)	(733, 387)	(724, 387)
image	0		(725, 409)	(734, 409)	(734, 419)	(725, 419)
image	0		(725, 440)	(734, 440)	(734, 450)	(725, 450)
image	0		(725, 471)	(734, 471)	(734, 482)	(725, 482)
image	0		(725, 502)	(734, 502)	(734, 512)	(725, 512)
image	0		(725, 535)	(734, 535)	(734, 545)	(725, 545)
image	0		(725, 566)	(734, 566)	(734, 576)	(725, 576)
image	0		(724, 598)	(733, 598)	(733, 608)	(724, 608)
image	0		(725, 629)	(733, 629)	(733, 639)	(725, 639)
image	0		(725, 660)	(734, 660)	(734, 670)	(725, 670)
image	0		(725, 692)	(733, 692)	(733, 702)	(725, 702)
image	0		(725, 723)	(733, 723)	(733, 733)	(725, 733)
image	0		(725, 755)	(734, 755)	(734, 765)	(725, 765)
image	0		(725, 786)	(734, 786)	(734, 796)	(725, 796)
image	0		(725, 818)	(733, 818)	(733, 828)	(725, 828)
image	0		(725, 850)	(733, 850)	(733, 860)	(725, 860)
image	0		(682, 943)	(691, 943)	(691, 954)	(682, 954)
image	0		(724, 944)	(733, 944)	(733, 954)	(724, 954)
image	0		(725, 881)	(734, 881)	(734, 891)	(725, 891)
image	0		(725, 912)	(734, 912)	(734, 922)	(725, 922)
image	0		(724, 976)	(733, 976)	(733, 986)	(724, 986)
image	0		(725, 1007)	(734, 1007)	(734, 1017)	(725, 1017)
image	0		(725, 1038)	(734, 1038)	(734, 1048)	(725, 1048)
image	0		(767, 219)	(776, 219)	(776, 229)	(767, 229)
image	0		(767, 250)	(776, 250)	(776, 261)	(767, 261)
image	0		(767, 283)	(776, 283)	(776, 294)	(767, 294)
image	0		(767, 313)	(776, 313)	(776, 323)	(767, 323)
image	0		(767, 345)	(776, 345)	(776, 355)	(767, 355)
image	0		(767, 377)	(776, 377)	(776, 387)	(767, 387)
image	0		(767, 408)	(775, 408)	(775, 418)	(767, 418)
image	0		(767, 439)	(775, 439)	(775, 449)	(767, 449)
image	0		(767, 471)	(776, 471)	(776, 482)	(767, 482)
image	0		(767, 503)	(776, 503)	(776, 513)	(767, 513)
image	0		(767, 535)	(776, 535)	(776, 546)	(767, 546)
image	0		(767, 565)	(776, 565)	(776, 575)	(767, 575)
image	0		(767, 597)	(776, 597)	(776, 607)	(767, 607)
image	OOOO		(775, 629)	(776, 734)	(766, 734)	(765, 629)
image	0		(767, 660)	(776, 660)	(776, 670)	(767, 670)
image	0		(767, 755)	(775, 755)	(775, 765)	(767, 765)
image	0		(767, 786)	(776, 786)	(776, 796)	(767, 796)
image	0		(767, 818)	(776, 818)	(776, 828)	(767, 828)
image	0		(767, 850)	(776, 850)	(776, 860)	(767, 860)
image	0		(767, 881)	(776, 881)	(776, 891)	(767, 891)
image	0		(767, 912)	(776, 912)	(776, 922)	(767, 922)
image	0		(767, 943)	(775, 943)	(775, 953)	(767, 953)
image	0		(767, 975)	(775, 975)	(775, 985)	(767, 985)
image	0		(767, 1007)	(776, 1007)	(776, 1017)	(767, 1017)
image	0		(767, 1039)	(776, 1039)	(776, 1049)	(767, 1049)
image	KA		(792, 178)	(811, 178)	(811, 189)	(792, 189)
image	ΜΑ		(830, 176)	(852, 176)	(852, 192)	(830, 192)
image	60		(782, 1154)	(800, 1154)	(800, 1166)	(782, 1166)
image	0		(809, 219)	(818, 219)	(818, 230)	(809, 230)
image	1		(810, 251)	(818, 251)	(818, 261)	(810, 261)
image	0		(810, 282)	(818, 282)	(818, 292)	(810, 292)
image	0		(810, 314)	(818, 314)	(818, 325)	(810, 325)
image	0		(810, 345)	(819, 345)	(819, 356)	(810, 356)
image	1		(810, 377)	(818, 377)	(818, 388)	(810, 388)
image	2		(810, 409)	(818, 409)	(818, 419)	(810, 419)
image	0		(809, 439)	(817, 439)	(817, 449)	(809, 449)
image	0		(809, 471)	(819, 471)	(819, 482)	(809, 482)
image	0		(809, 503)	(818, 503)	(818, 513)	(809, 513)
image	0		(810, 534)	(818, 534)	(818, 544)	(810, 544)
image	0		(809, 566)	(818, 566)	(818, 576)	(809, 576)
image	0		(809, 598)	(818, 598)	(818, 608)	(809, 608)
image	0		(809, 629)	(818, 629)	(818, 639)	(809, 639)
image	0		(809, 660)	(818, 660)	(818, 671)	(809, 671)
image	0		(809, 692)	(818, 692)	(818, 702)	(809, 702)
image	0		(809, 723)	(818, 723)	(818, 734)	(809, 734)
image	0		(809, 913)	(818, 913)	(818, 923)	(809, 923)
image	0		(809, 944)	(818, 944)	(818, 954)	(809, 954)
image	0		(809, 976)	(818, 976)	(818, 986)	(809, 986)
image	0		(852, 219)	(861, 219)	(861, 230)	(852, 230)
image	148		(837, 250)	(862, 250)	(862, 262)	(837, 262)
image	78		(844, 282)	(860, 282)	(860, 293)	(844, 293)
image	0		(809, 1007)	(818, 1007)	(818, 1018)	(809, 1018)
image	0		(853, 313)	(861, 313)	(861, 323)	(853, 323)
image	0		(809, 1038)	(817, 1038)	(817, 1048)	(809, 1048)
image	4		(853, 346)	(860, 346)	(860, 355)	(853, 355)
image	28		(844, 376)	(862, 376)	(862, 387)	(844, 387)
image	800		(836, 408)	(861, 408)	(861, 419)	(836, 419)
image	0		(852, 440)	(861, 440)	(861, 450)	(852, 450)
image	0		(852, 471)	(861, 471)	(861, 482)	(852, 482)
image	162		(837, 502)	(862, 502)	(862, 513)	(837, 513)
image	0		(852, 535)	(860, 535)	(860, 545)	(852, 545)
image	490		(836, 565)	(861, 565)	(861, 576)	(836, 576)
image	0		(853, 597)	(861, 597)	(861, 607)	(853, 607)
image	0		(809, 755)	(818, 755)	(818, 765)	(809, 765)
image	380		(836, 755)	(861, 755)	(861, 765)	(836, 765)
image	18		(844, 629)	(861, 629)	(861, 640)	(844, 640)
image	0		(809, 787)	(818, 787)	(818, 797)	(809, 797)
image	640		(836, 786)	(862, 786)	(862, 797)	(836, 797)
image	1		(810, 817)	(818, 817)	(818, 828)	(810, 828)
image	690		(836, 818)	(860, 818)	(860, 829)	(836, 829)
image	0		(809, 849)	(818, 849)	(818, 859)	(809, 859)
image	400		(836, 849)	(860, 849)	(860, 860)	(836, 860)
image	0		(810, 882)	(818, 882)	(818, 893)	(810, 893)
image	540		(836, 881)	(861, 881)	(861, 893)	(836, 893)
image	0		(852, 661)	(861, 661)	(861, 671)	(852, 671)
image	0		(852, 691)	(861, 691)	(861, 701)	(852, 701)
image	90		(844, 724)	(861, 724)	(861, 734)	(844, 734)
image	0		(852, 913)	(860, 913)	(860, 923)	(852, 923)
image	0		(852, 943)	(861, 943)	(861, 953)	(852, 953)
image	16		(845, 975)	(861, 975)	(861, 986)	(845, 986)
image	2		(852, 1007)	(862, 1007)	(862, 1017)	(852, 1017)
image	12		(845, 1038)	(859, 1038)	(859, 1048)	(845, 1048)
image	KO		(877, 178)	(896, 178)	(896, 188)	(877, 188)
image	0		(895, 219)	(904, 219)	(904, 230)	(895, 230)
image	1		(895, 250)	(904, 250)	(904, 261)	(895, 261)
image	8		(894, 283)	(905, 283)	(905, 294)	(894, 294)
image	0		(895, 314)	(903, 314)	(903, 324)	(895, 324)
image	4		(895, 346)	(903, 346)	(903, 355)	(895, 355)
image	8		(894, 377)	(904, 377)	(904, 387)	(894, 387)
image	5		(895, 409)	(903, 409)	(903, 419)	(895, 419)
image	0		(895, 440)	(903, 440)	(903, 450)	(895, 450)
image	0		(895, 471)	(904, 471)	(904, 482)	(895, 482)
image	5		(894, 502)	(904, 502)	(904, 513)	(894, 513)
image	0		(895, 535)	(904, 535)	(904, 546)	(895, 546)
image	7		(895, 565)	(904, 565)	(904, 575)	(895, 575)
image	A		(891, 735)	(891, 721)	(902, 721)	(902, 735)
image	wooo		(891, 703)	(893, 595)	(904, 595)	(902, 703)
image	.		(894, 580)	(894, 573)	(905, 573)	(905, 580)
image	20		(887, 756)	(903, 756)	(903, 766)	(887, 766)
image	8		(894, 787)	(904, 787)	(904, 797)	(894, 797)
image	12		(887, 818)	(902, 818)	(902, 828)	(887, 828)
image	4		(895, 882)	(903, 882)	(903, 892)	(895, 892)
image	0		(895, 912)	(904, 912)	(904, 922)	(895, 922)
image	12		(887, 943)	(902, 943)	(902, 954)	(887, 954)
image	0		(895, 975)	(904, 975)	(904, 985)	(895, 985)
image	3		(895, 1007)	(904, 1007)	(904, 1017)	(895, 1017)
image	U		(923, 178)	(935, 178)	(935, 189)	(923, 189)
image	KI		(965, 178)	(978, 178)	(978, 189)	(965, 189)
image	14		(887, 1038)	(902, 1038)	(902, 1048)	(887, 1048)
image	ne		(930, 222)	(947, 222)	(947, 230)	(930, 230)
image	ne		(930, 253)	(947, 253)	(947, 262)	(930, 262)
image	ano		(921, 285)	(945, 283)	(946, 293)	(922, 295)
image	ne		(930, 316)	(945, 316)	(945, 324)	(930, 324)
image	ne		(930, 348)	(946, 348)	(946, 356)	(930, 356)
image	ano		(921, 379)	(945, 379)	(945, 387)	(921, 387)
image	ne		(930, 411)	(946, 411)	(946, 418)	(930, 418)
image	ano		(921, 442)	(945, 442)	(945, 450)	(921, 450)
image	ne		(930, 474)	(946, 474)	(946, 482)	(930, 482)
image	ano		(920, 504)	(944, 501)	(945, 512)	(921, 515)
image	ne		(930, 537)	(947, 537)	(947, 545)	(930, 545)
image	ne		(930, 568)	(946, 568)	(946, 576)	(930, 576)
image	ne		(930, 600)	(946, 600)	(946, 608)	(930, 608)
image	ne		(930, 632)	(946, 632)	(946, 640)	(930, 640)
image	ano		(921, 663)	(944, 663)	(944, 670)	(921, 670)
image	5		(895, 850)	(904, 850)	(904, 860)	(895, 860)
image	ano		(921, 852)	(945, 852)	(945, 860)	(921, 860)
image	ne		(930, 694)	(946, 694)	(946, 702)	(930, 702)
image	ne		(930, 726)	(946, 726)	(946, 734)	(930, 734)
image	ne		(930, 758)	(945, 758)	(945, 766)	(930, 766)
image	ano		(921, 789)	(945, 789)	(945, 797)	(921, 797)
image	ne		(930, 820)	(946, 820)	(946, 828)	(930, 828)
image	ne		(930, 884)	(946, 884)	(946, 892)	(930, 892)
image	ne		(930, 915)	(946, 915)	(946, 922)	(930, 922)
image	ne		(930, 946)	(945, 946)	(945, 953)	(930, 953)
image	ne		(930, 978)	(946, 978)	(946, 986)	(930, 986)
image	.		(927, 998)	(927, 993)	(944, 993)	(944, 998)
image	ne		(930, 1010)	(946, 1010)	(946, 1018)	(930, 1018)
image	ne		(930, 1041)	(947, 1041)	(947, 1049)	(930, 1049)
image	0		(980, 219)	(990, 219)	(990, 230)	(980, 230)
image	0		(979, 250)	(989, 250)	(989, 261)	(979, 261)
image	0		(979, 282)	(989, 282)	(989, 293)	(979, 293)
image	0		(979, 313)	(988, 313)	(988, 323)	(979, 323)
image	0		(979, 345)	(988, 345)	(988, 355)	(979, 355)
image	0		(979, 376)	(988, 376)	(988, 386)	(979, 386)
image	0		(980, 408)	(989, 408)	(989, 419)	(980, 419)
image	0		(979, 439)	(988, 439)	(988, 449)	(979, 449)
image	0		(979, 471)	(988, 471)	(988, 481)	(979, 481)
image	0		(979, 501)	(989, 501)	(989, 512)	(979, 512)
image	0		(979, 533)	(989, 533)	(989, 544)	(979, 544)
image	0		(979, 565)	(988, 565)	(988, 575)	(979, 575)
image	0		(979, 597)	(988, 597)	(988, 607)	(979, 607)
image	0		(979, 629)	(988, 629)	(988, 639)	(979, 639)
image	0		(979, 660)	(988, 660)	(988, 670)	(979, 670)
image	0		(979, 691)	(988, 691)	(988, 701)	(979, 701)
image	0		(979, 723)	(988, 723)	(988, 733)	(979, 733)
image	0		(979, 755)	(988, 755)	(988, 765)	(979, 765)
image	0		(979, 786)	(988, 786)	(988, 796)	(979, 796)
image	0		(980, 818)	(989, 818)	(989, 828)	(980, 828)
image	0		(979, 849)	(988, 849)	(988, 859)	(979, 859)
image	0		(979, 881)	(988, 881)	(988, 891)	(979, 891)
image	0		(979, 912)	(988, 912)	(988, 922)	(979, 922)
image	0		(979, 943)	(988, 943)	(988, 953)	(979, 953)
image	0		(979, 975)	(988, 975)	(988, 985)	(979, 985)
image	0		(980, 1007)	(989, 1007)	(989, 1017)	(980, 1017)
image	0		(979, 1038)	(989, 1038)	(989, 1048)	(979, 1048)
image	Dto		(1001, 178)	(1026, 178)	(1026, 189)	(1001, 189)
image	bron		(1039, 178)	(1071, 178)	(1071, 189)	(1039, 189)
image	Z		(1052, 201)	(1060, 201)	(1060, 209)	(1052, 209)
image	0		(1064, 219)	(1074, 219)	(1074, 230)	(1064, 230)
image	0		(1065, 250)	(1074, 250)	(1074, 261)	(1065, 261)
image	0		(1022, 219)	(1031, 219)	(1031, 230)	(1022, 230)
image	0		(1022, 250)	(1031, 250)	(1031, 261)	(1022, 261)
image	0		(1022, 283)	(1030, 283)	(1030, 294)	(1022, 294)
image	0		(1022, 313)	(1031, 313)	(1031, 323)	(1022, 323)
image	0		(1022, 345)	(1031, 345)	(1031, 355)	(1022, 355)
image	0		(1022, 377)	(1031, 377)	(1031, 387)	(1022, 387)
image	0		(1022, 409)	(1031, 409)	(1031, 419)	(1022, 419)
image	0		(1022, 439)	(1031, 439)	(1031, 449)	(1022, 449)
image	0		(1022, 471)	(1031, 471)	(1031, 482)	(1022, 482)
image	0		(1022, 502)	(1031, 502)	(1031, 513)	(1022, 513)
image	0		(1022, 534)	(1031, 534)	(1031, 545)	(1022, 545)
image	0		(1022, 565)	(1031, 565)	(1031, 575)	(1022, 575)
image	0		(1022, 598)	(1031, 598)	(1031, 608)	(1022, 608)
image	0		(1022, 630)	(1031, 630)	(1031, 640)	(1022, 640)
image	0		(1022, 661)	(1031, 661)	(1031, 671)	(1022, 671)
image	0		(1022, 691)	(1031, 691)	(1031, 701)	(1022, 701)
image	0		(1022, 724)	(1031, 724)	(1031, 734)	(1022, 734)
image	0		(1022, 756)	(1031, 756)	(1031, 766)	(1022, 766)
image	0		(1022, 786)	(1031, 786)	(1031, 796)	(1022, 796)
image	0		(1022, 817)	(1030, 817)	(1030, 827)	(1022, 827)
image	0		(1022, 850)	(1031, 850)	(1031, 860)	(1022, 860)
image	0		(1022, 882)	(1031, 882)	(1031, 892)	(1022, 892)
image	0		(1022, 913)	(1031, 913)	(1031, 923)	(1022, 923)
image	0		(1022, 943)	(1031, 943)	(1031, 953)	(1022, 953)
image	0		(1022, 976)	(1031, 976)	(1031, 986)	(1022, 986)
image	0		(1022, 1007)	(1031, 1007)	(1031, 1017)	(1022, 1017)
image	0		(1022, 1039)	(1031, 1039)	(1031, 1049)	(1022, 1049)
image	0		(1064, 282)	(1073, 282)	(1073, 293)	(1064, 293)
image	0		(1065, 313)	(1074, 313)	(1074, 324)	(1065, 324)
image	0		(1065, 345)	(1074, 345)	(1074, 356)	(1065, 356)
image	0		(1065, 377)	(1073, 377)	(1073, 387)	(1065, 387)
image	0		(1064, 409)	(1073, 409)	(1073, 419)	(1064, 419)
image	0		(1065, 440)	(1073, 440)	(1073, 450)	(1065, 450)
image	0		(1065, 471)	(1074, 471)	(1074, 482)	(1065, 482)
image	0		(1065, 502)	(1074, 502)	(1074, 513)	(1065, 513)
image	0		(1064, 534)	(1073, 534)	(1073, 545)	(1064, 545)
image	0		(1065, 565)	(1074, 565)	(1074, 576)	(1065, 576)
image	OOO		(1064, 767)	(1064, 690)	(1074, 690)	(1074, 767)
image	OOO		(1064, 672)	(1064, 596)	(1074, 596)	(1074, 672)
image	0		(1065, 661)	(1073, 661)	(1073, 672)	(1065, 672)
image	0		(1065, 787)	(1073, 787)	(1073, 797)	(1065, 797)
image	0		(1065, 818)	(1073, 818)	(1073, 827)	(1065, 827)
image	0		(1065, 849)	(1073, 849)	(1073, 859)	(1065, 859)
image	0		(1065, 881)	(1074, 881)	(1074, 892)	(1065, 892)
image	0		(1065, 913)	(1073, 913)	(1073, 923)	(1065, 923)
image	0		(1065, 943)	(1073, 943)	(1073, 953)	(1065, 953)
image	0		(1065, 975)	(1073, 975)	(1073, 985)	(1065, 985)
image	Fe		(1090, 177)	(1107, 177)	(1107, 189)	(1090, 189)
image	Str		(1131, 178)	(1151, 178)	(1151, 190)	(1131, 190)
image	0		(1065, 1007)	(1074, 1007)	(1074, 1017)	(1065, 1017)
image	0		(1107, 219)	(1116, 219)	(1116, 230)	(1107, 230)
image	0		(1065, 1038)	(1073, 1038)	(1073, 1048)	(1065, 1048)
image	0		(1107, 251)	(1115, 251)	(1115, 261)	(1107, 261)
image	0		(1108, 283)	(1116, 283)	(1116, 293)	(1108, 293)
image	0		(1065, 597)	(1074, 597)	(1074, 608)	(1065, 608)
image	0		(1107, 598)	(1115, 598)	(1115, 608)	(1107, 608)
image	0		(1107, 314)	(1115, 314)	(1115, 324)	(1107, 324)
image	0		(1065, 629)	(1074, 629)	(1074, 640)	(1065, 640)
image	0		(1107, 630)	(1115, 630)	(1115, 640)	(1107, 640)
image	0		(1107, 346)	(1115, 346)	(1115, 356)	(1107, 356)
image	0		(1107, 377)	(1115, 377)	(1115, 387)	(1107, 387)
image	0		(1107, 409)	(1115, 409)	(1115, 419)	(1107, 419)
image	0		(1107, 440)	(1115, 440)	(1115, 451)	(1107, 451)
image	0		(1107, 471)	(1116, 471)	(1116, 482)	(1107, 482)
image	0		(1107, 503)	(1115, 503)	(1115, 513)	(1107, 513)
image	OOO		(1106, 533)	(1114, 533)	(1114, 609)	(1106, 609)
image	o		(1106, 628)	(1114, 628)	(1114, 641)	(1106, 641)
image	o		(1106, 659)	(1114, 659)	(1114, 672)	(1106, 672)
image	o		(1106, 690)	(1114, 690)	(1114, 703)	(1106, 703)
image	o		(1106, 722)	(1114, 722)	(1114, 735)	(1106, 735)
image	o		(1106, 754)	(1114, 754)	(1114, 767)	(1106, 767)
image	o		(1106, 785)	(1114, 785)	(1114, 797)	(1106, 797)
image	o		(1106, 816)	(1114, 816)	(1114, 829)	(1106, 829)
image	o		(1106, 848)	(1114, 848)	(1114, 860)	(1106, 860)
image	o		(1106, 880)	(1114, 880)	(1114, 892)	(1106, 892)
image	o		(1106, 910)	(1114, 910)	(1114, 923)	(1106, 923)
image	0		(1108, 534)	(1116, 534)	(1116, 544)	(1108, 544)
image	0		(1108, 565)	(1116, 565)	(1116, 575)	(1108, 575)
image	0		(1107, 661)	(1115, 661)	(1115, 671)	(1107, 671)
image	0		(1108, 692)	(1116, 692)	(1116, 703)	(1108, 703)
image	0		(1107, 787)	(1116, 787)	(1116, 797)	(1107, 797)
image	0		(1107, 850)	(1116, 850)	(1116, 860)	(1107, 860)
image	0		(1107, 943)	(1116, 943)	(1116, 954)	(1107, 954)
image	0		(1107, 976)	(1115, 976)	(1115, 986)	(1107, 986)
image	0		(1107, 1008)	(1115, 1008)	(1115, 1018)	(1107, 1018)
image	0		(1107, 1038)	(1116, 1038)	(1116, 1048)	(1107, 1048)
image	0		(1150, 219)	(1159, 219)	(1159, 230)	(1150, 230)
image	0		(1150, 250)	(1158, 250)	(1158, 261)	(1150, 261)
image	0		(1150, 282)	(1158, 282)	(1158, 293)	(1150, 293)
image	zem.uhl		(1165, 281)	(1217, 280)	(1217, 292)	(1165, 293)
image	0		(1150, 313)	(1158, 313)	(1158, 323)	(1150, 323)
image	0		(1150, 346)	(1158, 346)	(1158, 356)	(1150, 356)
image	0		(1150, 376)	(1159, 376)	(1159, 386)	(1150, 386)
image	0		(1150, 409)	(1158, 409)	(1158, 419)	(1150, 419)
image	0		(1150, 439)	(1158, 439)	(1158, 450)	(1150, 450)
image	obsah		(1166, 438)	(1204, 439)	(1204, 451)	(1166, 450)
image	n		(1210, 440)	(1217, 440)	(1217, 451)	(1210, 451)
image	.		(1218, 440)	(1222, 440)	(1222, 451)	(1218, 451)
image	0		(1150, 472)	(1158, 472)	(1158, 482)	(1150, 482)
image	0		(1150, 503)	(1159, 503)	(1159, 513)	(1150, 513)
image	0		(1150, 535)	(1159, 535)	(1159, 545)	(1150, 545)
image	0		(1150, 566)	(1158, 566)	(1158, 576)	(1150, 576)
image	0		(1150, 597)	(1159, 597)	(1159, 607)	(1150, 607)
image	0		(1150, 629)	(1159, 629)	(1159, 639)	(1150, 639)
image	0		(1150, 661)	(1159, 661)	(1159, 670)	(1150, 670)
image	0		(1150, 692)	(1158, 692)	(1158, 702)	(1150, 702)
image	0		(1150, 724)	(1159, 724)	(1159, 734)	(1150, 734)
image	0		(1150, 756)	(1158, 756)	(1158, 766)	(1150, 766)
image	0		(1150, 786)	(1159, 786)	(1159, 796)	(1150, 796)
image	0		(1150, 818)	(1158, 818)	(1158, 828)	(1150, 828)
image	0		(1150, 849)	(1159, 849)	(1159, 859)	(1150, 859)
image	0		(1150, 881)	(1159, 881)	(1159, 891)	(1150, 891)
image	0		(1150, 913)	(1159, 913)	(1159, 922)	(1150, 922)
image	0		(1150, 944)	(1159, 944)	(1159, 953)	(1150, 953)
image	0		(1150, 975)	(1159, 975)	(1159, 986)	(1150, 986)
image	jiné		(1184, 177)	(1209, 177)	(1209, 191)	(1184, 191)
image	0		(1150, 1007)	(1159, 1007)	(1159, 1017)	(1150, 1017)
image	0		(1150, 1039)	(1159, 1039)	(1159, 1049)	(1150, 1049)
image	DATACE		(1270, 178)	(1322, 178)	(1322, 189)	(1270, 189)
image	BR		(1238, 217)	(1253, 217)	(1253, 231)	(1238, 231)
image	střed		(1257, 217)	(1290, 217)	(1290, 230)	(1257, 230)
image	.		(1291, 217)	(1295, 217)	(1295, 230)	(1291, 230)
image	/		(1294, 217)	(1301, 217)	(1301, 230)	(1294, 230)
image	ml		(1301, 217)	(1318, 217)	(1318, 230)	(1301, 230)
image	.		(1318, 217)	(1322, 217)	(1322, 230)	(1318, 230)
image	BR		(1238, 249)	(1254, 249)	(1254, 263)	(1238, 263)
image	střed		(1258, 249)	(1289, 249)	(1289, 263)	(1258, 263)
image	.		(1292, 249)	(1296, 249)	(1296, 263)	(1292, 263)
image	/		(1295, 249)	(1302, 249)	(1302, 263)	(1295, 263)
image	ml		(1302, 249)	(1319, 249)	(1319, 263)	(1302, 263)
image	.		(1319, 249)	(1323, 249)	(1323, 263)	(1319, 263)
image	BR		(1238, 280)	(1254, 280)	(1254, 294)	(1238, 294)
image	střed		(1258, 280)	(1290, 280)	(1290, 294)	(1258, 294)
image	.		(1293, 280)	(1297, 280)	(1297, 294)	(1293, 294)
image	/		(1295, 280)	(1302, 280)	(1302, 294)	(1295, 294)
image	ml		(1302, 280)	(1318, 280)	(1318, 295)	(1302, 295)
image	.		(1319, 281)	(1322, 281)	(1322, 295)	(1319, 295)
image	BR		(1238, 312)	(1254, 312)	(1254, 326)	(1238, 326)
image	střed		(1258, 312)	(1289, 312)	(1289, 326)	(1258, 326)
image	.		(1292, 312)	(1296, 312)	(1296, 326)	(1292, 326)
image	/		(1295, 312)	(1302, 312)	(1302, 326)	(1295, 326)
image	ml		(1302, 312)	(1319, 312)	(1319, 326)	(1302, 326)
image	.		(1319, 312)	(1322, 312)	(1322, 326)	(1319, 326)
image	BR		(1238, 344)	(1254, 344)	(1254, 358)	(1238, 358)
image	střed		(1258, 344)	(1289, 344)	(1289, 358)	(1258, 358)
image	.		(1293, 344)	(1297, 344)	(1297, 358)	(1293, 358)
image	/		(1295, 344)	(1302, 344)	(1302, 358)	(1295, 358)
image	ml		(1302, 344)	(1319, 344)	(1319, 358)	(1302, 358)
image	.		(1319, 344)	(1322, 344)	(1322, 358)	(1319, 358)
image	BR		(1238, 375)	(1254, 375)	(1254, 388)	(1238, 388)
image	střed		(1258, 375)	(1289, 375)	(1289, 388)	(1258, 388)
image	.		(1292, 375)	(1296, 375)	(1296, 388)	(1292, 388)
image	/		(1295, 375)	(1302, 375)	(1302, 388)	(1295, 388)
image	ml		(1302, 375)	(1319, 375)	(1319, 388)	(1302, 388)
image	.		(1319, 375)	(1322, 375)	(1322, 388)	(1319, 388)
image	BR		(1238, 407)	(1254, 407)	(1254, 420)	(1238, 420)
image	střed		(1258, 407)	(1290, 407)	(1290, 420)	(1258, 420)
image	.		(1292, 407)	(1295, 407)	(1295, 420)	(1292, 420)
image	/		(1296, 407)	(1303, 407)	(1303, 420)	(1296, 420)
image	ml		(1302, 407)	(1318, 407)	(1318, 421)	(1302, 421)
image	.		(1319, 408)	(1322, 408)	(1322, 421)	(1319, 421)
image	BR		(1238, 438)	(1253, 438)	(1253, 451)	(1238, 451)
image	střed		(1257, 438)	(1289, 438)	(1289, 450)	(1257, 450)
image	.		(1291, 438)	(1295, 438)	(1295, 450)	(1291, 450)
image	/		(1294, 438)	(1301, 438)	(1301, 450)	(1294, 450)
image	ml		(1301, 438)	(1318, 438)	(1318, 450)	(1301, 450)
image	.		(1318, 438)	(1321, 438)	(1321, 450)	(1318, 450)
image	BR		(1238, 470)	(1254, 470)	(1254, 483)	(1238, 483)
image	střed		(1258, 470)	(1289, 470)	(1289, 483)	(1258, 483)
image	.		(1292, 470)	(1296, 470)	(1296, 483)	(1292, 483)
image	/		(1294, 470)	(1301, 470)	(1301, 483)	(1294, 483)
image	ml		(1302, 470)	(1318, 470)	(1318, 483)	(1302, 483)
image	.		(1319, 470)	(1323, 470)	(1323, 483)	(1319, 483)
image	BR		(1238, 501)	(1254, 501)	(1254, 514)	(1238, 514)
image	střed		(1258, 501)	(1289, 501)	(1289, 514)	(1258, 514)
image	.		(1293, 501)	(1297, 501)	(1297, 514)	(1293, 514)
image	/		(1294, 501)	(1301, 501)	(1301, 514)	(1294, 514)
image	ml		(1302, 501)	(1318, 501)	(1318, 514)	(1302, 514)
image	.		(1319, 501)	(1322, 501)	(1322, 514)	(1319, 514)
image	BR		(1238, 533)	(1254, 533)	(1254, 546)	(1238, 546)
image	střed		(1258, 533)	(1291, 533)	(1291, 546)	(1258, 546)
image	.		(1292, 533)	(1296, 533)	(1296, 546)	(1292, 546)
image	/		(1295, 533)	(1302, 533)	(1302, 546)	(1295, 546)
image	ml		(1302, 533)	(1319, 533)	(1319, 546)	(1302, 546)
image	.		(1319, 533)	(1323, 533)	(1323, 546)	(1319, 546)
image	BR		(1238, 564)	(1254, 564)	(1254, 577)	(1238, 577)
image	střed		(1258, 564)	(1290, 564)	(1290, 577)	(1258, 577)
image	.		(1292, 564)	(1295, 564)	(1295, 577)	(1292, 577)
image	/		(1295, 564)	(1302, 564)	(1302, 577)	(1295, 577)
image	ml		(1302, 564)	(1319, 564)	(1319, 577)	(1302, 577)
image	.		(1319, 565)	(1322, 565)	(1322, 578)	(1319, 578)
image	BR		(1238, 595)	(1254, 595)	(1254, 608)	(1238, 608)
image	střed		(1258, 595)	(1290, 596)	(1290, 609)	(1258, 608)
image	.		(1292, 595)	(1296, 595)	(1296, 608)	(1292, 608)
image	/		(1294, 596)	(1301, 596)	(1301, 609)	(1294, 609)
image	ml		(1302, 596)	(1318, 596)	(1318, 609)	(1302, 609)
image	.		(1319, 596)	(1322, 596)	(1322, 609)	(1319, 609)
image	BR		(1238, 628)	(1254, 628)	(1254, 641)	(1238, 641)
image	střed		(1258, 628)	(1289, 628)	(1289, 641)	(1258, 641)
image	.		(1293, 628)	(1297, 628)	(1297, 641)	(1293, 641)
image	/		(1294, 628)	(1301, 628)	(1301, 641)	(1294, 641)
image	ml		(1302, 628)	(1318, 628)	(1318, 641)	(1302, 641)
image	.		(1319, 628)	(1322, 628)	(1322, 641)	(1319, 641)
image	BR		(1238, 658)	(1254, 658)	(1254, 671)	(1238, 671)
image	střed		(1258, 657)	(1290, 658)	(1290, 672)	(1258, 671)
image	.		(1292, 659)	(1296, 659)	(1296, 672)	(1292, 672)
image	/		(1295, 659)	(1302, 659)	(1302, 672)	(1295, 672)
image	ml		(1302, 659)	(1319, 659)	(1319, 672)	(1302, 672)
image	.		(1319, 659)	(1322, 659)	(1322, 672)	(1319, 672)
image	BR		(1238, 691)	(1253, 691)	(1253, 703)	(1238, 703)
image	střed		(1258, 691)	(1289, 691)	(1289, 703)	(1258, 703)
image	.		(1292, 691)	(1295, 691)	(1295, 703)	(1292, 703)
image	/		(1294, 691)	(1301, 691)	(1301, 703)	(1294, 703)
image	ml		(1302, 691)	(1318, 691)	(1318, 703)	(1302, 703)
image	.		(1319, 691)	(1322, 691)	(1322, 703)	(1319, 703)
image	BR		(1238, 723)	(1253, 723)	(1253, 735)	(1238, 735)
image	střed		(1258, 723)	(1289, 723)	(1289, 735)	(1258, 735)
image	.		(1292, 723)	(1296, 723)	(1296, 735)	(1292, 735)
image	/		(1294, 723)	(1301, 723)	(1301, 735)	(1294, 735)
image	ml		(1302, 723)	(1318, 723)	(1318, 735)	(1302, 735)
image	.		(1319, 723)	(1322, 723)	(1322, 735)	(1319, 735)
image	BR		(1238, 755)	(1253, 755)	(1253, 767)	(1238, 767)
image	střed		(1258, 755)	(1289, 755)	(1289, 767)	(1258, 767)
image	.		(1292, 755)	(1295, 755)	(1295, 767)	(1292, 767)
image	/		(1294, 755)	(1301, 755)	(1301, 767)	(1294, 767)
image	ml		(1302, 755)	(1318, 755)	(1318, 767)	(1302, 767)
image	.		(1319, 755)	(1322, 755)	(1322, 767)	(1319, 767)
image	BR		(1238, 786)	(1254, 786)	(1254, 798)	(1238, 798)
image	střed		(1258, 786)	(1291, 786)	(1291, 798)	(1258, 798)
image	.		(1292, 786)	(1296, 786)	(1296, 798)	(1292, 798)
image	/		(1295, 786)	(1302, 786)	(1302, 798)	(1295, 798)
image	ml		(1302, 786)	(1319, 786)	(1319, 798)	(1302, 798)
image	.		(1319, 786)	(1322, 786)	(1322, 798)	(1319, 798)
image	BR		(1238, 817)	(1253, 817)	(1253, 829)	(1238, 829)
image	střed		(1258, 817)	(1289, 817)	(1289, 829)	(1258, 829)
image	.		(1292, 817)	(1296, 817)	(1296, 829)	(1292, 829)
image	/		(1294, 817)	(1301, 817)	(1301, 829)	(1294, 829)
image	ml		(1302, 817)	(1318, 817)	(1318, 829)	(1302, 829)
image	.		(1319, 817)	(1322, 817)	(1322, 829)	(1319, 829)
image	BR		(1238, 848)	(1253, 848)	(1253, 862)	(1238, 862)
image	střed		(1257, 848)	(1289, 848)	(1289, 861)	(1257, 861)
image	.		(1291, 848)	(1295, 848)	(1295, 861)	(1291, 861)
image	/		(1294, 848)	(1301, 848)	(1301, 861)	(1294, 861)
image	ml		(1301, 848)	(1317, 848)	(1317, 861)	(1301, 861)
image	.		(1318, 848)	(1322, 848)	(1322, 861)	(1318, 861)
image	BR		(1238, 880)	(1254, 880)	(1254, 893)	(1238, 893)
image	střed		(1258, 880)	(1290, 881)	(1290, 894)	(1258, 893)
image	.		(1292, 881)	(1296, 881)	(1296, 894)	(1292, 894)
image	/		(1294, 881)	(1301, 881)	(1301, 894)	(1294, 894)
image	ml		(1302, 881)	(1318, 881)	(1318, 894)	(1302, 894)
image	.		(1319, 881)	(1323, 881)	(1323, 894)	(1319, 894)
image	BR		(1238, 910)	(1254, 910)	(1254, 923)	(1238, 923)
image	střed		(1258, 909)	(1290, 910)	(1290, 924)	(1258, 923)
image	.		(1292, 911)	(1295, 911)	(1295, 924)	(1292, 924)
image	/		(1295, 911)	(1302, 911)	(1302, 924)	(1295, 924)
image	ml		(1302, 911)	(1319, 911)	(1319, 924)	(1302, 924)
image	.		(1319, 911)	(1322, 911)	(1322, 924)	(1319, 924)
image	BR		(1238, 942)	(1254, 942)	(1254, 956)	(1238, 956)
image	střed		(1258, 942)	(1290, 942)	(1290, 956)	(1258, 956)
image	.		(1292, 942)	(1296, 942)	(1296, 956)	(1292, 956)
image	/		(1295, 942)	(1302, 942)	(1302, 956)	(1295, 956)
image	ml		(1302, 942)	(1319, 942)	(1319, 956)	(1302, 956)
image	.		(1319, 942)	(1322, 942)	(1322, 956)	(1319, 956)
image	BR		(1238, 974)	(1254, 974)	(1254, 987)	(1238, 987)
image	střed		(1258, 974)	(1290, 974)	(1290, 987)	(1258, 987)
image	.		(1292, 974)	(1295, 974)	(1295, 987)	(1292, 987)
image	/		(1295, 974)	(1302, 974)	(1302, 987)	(1295, 987)
image	ml		(1302, 974)	(1319, 974)	(1319, 987)	(1302, 987)
image	.		(1319, 974)	(1322, 974)	(1322, 987)	(1319, 987)
image	BR		(1238, 1007)	(1253, 1007)	(1253, 1019)	(1238, 1019)
image	střed		(1258, 1007)	(1289, 1007)	(1289, 1019)	(1258, 1019)
image	.		(1292, 1007)	(1295, 1007)	(1295, 1019)	(1292, 1019)
image	/		(1294, 1007)	(1301, 1007)	(1301, 1019)	(1294, 1019)
image	ml		(1302, 1007)	(1318, 1007)	(1318, 1019)	(1302, 1019)
image	.		(1319, 1007)	(1322, 1007)	(1322, 1019)	(1319, 1019)
image	BR		(1238, 1037)	(1254, 1037)	(1254, 1050)	(1238, 1050)
image	střed		(1258, 1037)	(1290, 1037)	(1290, 1050)	(1258, 1050)
image	.		(1292, 1037)	(1295, 1037)	(1295, 1050)	(1292, 1050)
image	/		(1295, 1037)	(1302, 1037)	(1302, 1050)	(1295, 1050)
image	ml		(1302, 1037)	(1319, 1037)	(1319, 1050)	(1302, 1050)
image	.		(1319, 1037)	(1322, 1037)	(1322, 1050)	(1319, 1050)
image	poznámka		(1424, 178)	(1492, 178)	(1492, 191)	(1424, 191)
image	přetav.keramika		(1365, 219)	(1470, 217)	(1470, 231)	(1365, 233)
image	přetav.keramika		(1365, 249)	(1470, 247)	(1470, 261)	(1365, 263)
image	přetav.keramika		(1365, 281)	(1470, 280)	(1470, 294)	(1365, 295)
image	přetav.keramika		(1365, 312)	(1470, 311)	(1470, 326)	(1365, 327)
image	přetav.keramika		(1365, 407)	(1470, 406)	(1470, 420)	(1365, 421)
image	nádoba		(1365, 439)	(1413, 438)	(1413, 450)	(1365, 451)
image	přetav.keramika		(1365, 501)	(1470, 500)	(1470, 514)	(1365, 515)
image	přetav.keramika		(1365, 597)	(1470, 596)	(1470, 610)	(1365, 611)
image	přetav.keramika		(1365, 629)	(1470, 628)	(1470, 642)	(1365, 643)
image	přetav.keramika		(1365, 690)	(1470, 688)	(1470, 702)	(1365, 704)
image	přetav.keramika		(1365, 722)	(1470, 720)	(1470, 735)	(1365, 737)
image	přetav.keramika		(1365, 785)	(1470, 784)	(1470, 798)	(1365, 799)
image	přetav.keramika		(1365, 816)	(1470, 815)	(1470, 830)	(1365, 831)
image	přetav.keramika		(1365, 880)	(1470, 879)	(1470, 893)	(1365, 894)
