IMAGE_NAME	DESCRIPTION	LANGUAGE	BBOX_1	BBOX_2	BBOX_3	BBOX_4
image	"Čáslav - Skála 2003
poč| KONTEXT ČÁST VRSTV
A
2E+ sekt.1100
02
199 sekt.1100
200 sekt.1100
201 sekt.1100
202 sekt.1200
203 sekt.1200
204 sekt.1200
205 sekt.1200
206 sekt.1200
207 sekt.1204
208 sekt.1221
209 sekt.1221
210 sekt.1221
211 sekt.1221
212 sekt.1221
213 sekt.1300
214 sekt.1300
215 sekt.1300
216 sekt.1305
217 sekt.1305
218 sekt.1305
219 sekt.1305
220 sekt.1305
221 sekt.1305
222 sekt.1400
223 sekt.1400
224 sekt.1400
-70
-70
198/03
199/03
200/03
201/03
202/03
203/03
204/03
205/03
80-90 206/03
0-5 207/03
208/03
0-20 209/03
0-20 210/03
0-20 211/03
-70 212/03
213/03
-70 214/03
0-20 215/03
0-20 216/03
0-20 217/03
0-20
218/03
20-40 219/03
20-40 220/03
221/03
222/03
223/03
-70
-70
PŘIR_Č
-70
197/03
K_ATY K_ZD K_PR K_N
P
OB
OF
AD
45
39
25
52
14
33
24
39
26
6
65
4
13
1
8
31
58
26
20
2
12
44
50
7
54
1
4
0
2
1
1
2
1
0
1
2
moo m
0
0
29 3
3
7
1
3
1
základní zpracování
ONNNN
12
2
13
6
11
3
3 4
4
9
11
11
3 10
3
6
0
0
0
0
0
0
0
0
3 0
7
11
6
2
1
1
5
1
2
0
16
17
12
0
0
0
0
0
1
0
0
0
0
0
0
0
0
0
0
0
0
0
K_SU
MA
T
64
53
35
63
20
43
37
52
33
6
77
9
20
1
11
41
71
35
23
6
14
37
6
69
BI
66
1
1
0
0
0
0
0
0
0
0
0
0
0
1
0
0
0
0
1
0
0
1
11
62 0
0
OOO O
La
ŠI
0
1
0
0
0
0
0
0
0
0
0
0
0
0
0
0
0
0
0
0
0
0
0
0
0
0
0 0
mlýn BR
0
0
0
0
0
0
0
0
0
0
0
0
0
0
0
0
0
0
0
0
0
0
0
0
0
0
0
0
0
0
0
0
0
0
0
0
0
0
0
0
0
0
0
0
0
0
0
0
0
0
0
0
KA ΜΑ KO
0
0
3
OOO O
om ooo
53
0
2
2
0
1
0
0
0
1
2
4
3 166
30
108 24
32 24
0
3
0
0
0
28
42
22
1
48
2 190 10
2 114
1 152 98
2
0
1
180
1
0
0
30
30
145
168
42 68 ne
42
12
21
140
80
12
33
48
143
38
68 ne
98
58
0
0
0
0
0
12 ne 0
60
180
0
84
40
1
1
48
8
U
102
ne
0
28
32
12
ne
20 ne
ne
ne
ne
ne
ne
ne
ne
ne
ne
ne
ne
ne
ne
ne
ne
ne
ne
ne
ne
ne
KI
ne
0
0
0
0
0
0
0
0
0
0
0
0
0
0
0
0
0
0
0
0
0
0
0
Dto bron
Z
0
2 0 0
0
0
0
0
0
0
0
0
0
0
0
0
0
0
0
0
0
0
0
0
1
OOO O
0
0
0
PI
0
OOO OO
0
0
0 0
0 0
0
0
0
1
0
0
0
0
0
0
0
0
0
Fe Str
0
0
OOOO
0
0
0
0
0
0
0
0
0
0
0
0
0
0
0
0
0
0 0
0
0
0
0
0
0
0
0
0
0
0
0
28
0
0
0
0
0
0
0
O rudnina
0
0 rudnina
0 rudnina
0
0
0
0
0
0
jiné
0
0
DATACE
BR,LUŽ
BR,LUŽ
BR,LUŽ,intr. VS
BR,LUŽ
BR
BR,LUŽ,intr.NV
BR,LUŽ
BR,LUŽ
BR,LUZ
BR,LUZ
BR,LUŽ
BR,LUŽ
BR,LUŽ
BR,LUŽ
BR,LUŽ
BR,LUŽ
BR,LUŽ
BR,LUŽ,MOHYL.
BR,LUŽ
BR,LUŽ
LUŽ
LUŽ
LUŽ
LUŽ
LUŽ
LUŽ
LUŽ
korálek
poznámka
přetav.ker.
část nádoby
přetav.ker.
přetav.maz.
přetav.maz.
přetav.ker.
úzská kanelace
tuhov.ker.
přetav.ker.
přetav.ker."	und	(57, 73)	(1491, 73)	(1491, 1166)	(57, 1166)
image	Čáslav		(57, 73)	(113, 74)	(113, 92)	(57, 91)
image	-		(117, 74)	(128, 74)	(128, 91)	(117, 91)
image	Skála		(134, 74)	(180, 75)	(180, 93)	(134, 92)
image	2003		(185, 75)	(230, 76)	(230, 94)	(185, 93)
image	poč		(61, 177)	(85, 177)	(85, 191)	(61, 191)
image	|		(86, 177)	(92, 177)	(92, 190)	(86, 190)
image	KONTEXT		(98, 177)	(161, 177)	(161, 190)	(98, 190)
image	ČÁST		(181, 175)	(215, 175)	(215, 189)	(181, 189)
image	VRSTV		(233, 176)	(277, 177)	(277, 190)	(233, 189)
image	A		(249, 198)	(261, 198)	(261, 208)	(249, 208)
image	2E		(62, 219)	(77, 219)	(77, 230)	(62, 230)
image	+		(79, 219)	(87, 219)	(87, 230)	(79, 230)
image	sekt.1100		(94, 219)	(157, 219)	(157, 230)	(94, 230)
image	02		(69, 238)	(86, 238)	(86, 248)	(69, 248)
image	199		(62, 260)	(87, 260)	(87, 271)	(62, 271)
image	sekt.1100		(94, 260)	(157, 260)	(157, 271)	(94, 271)
image	200		(62, 291)	(86, 291)	(86, 302)	(62, 302)
image	sekt.1100		(94, 291)	(157, 291)	(157, 302)	(94, 302)
image	201		(62, 322)	(87, 322)	(87, 333)	(62, 333)
image	sekt.1100		(94, 322)	(158, 322)	(158, 333)	(94, 333)
image	202		(62, 354)	(86, 354)	(86, 366)	(62, 366)
image	sekt.1200		(94, 354)	(157, 354)	(157, 366)	(94, 366)
image	203		(61, 386)	(86, 386)	(86, 397)	(61, 397)
image	sekt.1200		(94, 386)	(158, 386)	(158, 397)	(94, 397)
image	204		(62, 417)	(86, 417)	(86, 428)	(62, 428)
image	sekt.1200		(94, 417)	(157, 417)	(157, 428)	(94, 428)
image	205		(62, 448)	(86, 448)	(86, 459)	(62, 459)
image	sekt.1200		(94, 448)	(158, 448)	(158, 459)	(94, 459)
image	206		(62, 480)	(85, 480)	(85, 492)	(62, 492)
image	sekt.1200		(94, 480)	(157, 481)	(157, 493)	(94, 492)
image	207		(62, 512)	(86, 512)	(86, 523)	(62, 523)
image	sekt.1204		(94, 512)	(158, 512)	(158, 523)	(94, 523)
image	208		(62, 543)	(86, 543)	(86, 554)	(62, 554)
image	sekt.1221		(94, 543)	(157, 543)	(157, 554)	(94, 554)
image	209		(61, 574)	(85, 574)	(85, 585)	(61, 585)
image	sekt.1221		(94, 574)	(157, 574)	(157, 585)	(94, 585)
image	210		(62, 605)	(85, 605)	(85, 618)	(62, 618)
image	sekt.1221		(93, 605)	(157, 605)	(157, 617)	(93, 617)
image	211		(62, 637)	(86, 637)	(86, 649)	(62, 649)
image	sekt.1221		(93, 637)	(157, 637)	(157, 648)	(93, 648)
image	212		(62, 668)	(85, 668)	(85, 681)	(62, 681)
image	sekt.1221		(93, 668)	(157, 668)	(157, 680)	(93, 680)
image	213		(61, 701)	(85, 701)	(85, 713)	(61, 713)
image	sekt.1300		(93, 701)	(156, 701)	(156, 712)	(93, 712)
image	214		(62, 730)	(85, 730)	(85, 744)	(62, 744)
image	sekt.1300		(93, 730)	(157, 729)	(157, 743)	(93, 744)
image	215		(62, 763)	(86, 763)	(86, 776)	(62, 776)
image	sekt.1300		(93, 763)	(157, 762)	(157, 775)	(93, 776)
image	216		(62, 794)	(86, 794)	(86, 806)	(62, 806)
image	sekt.1305		(93, 794)	(157, 794)	(157, 805)	(93, 805)
image	217		(62, 826)	(86, 826)	(86, 838)	(62, 838)
image	sekt.1305		(93, 826)	(157, 826)	(157, 837)	(93, 837)
image	218		(62, 856)	(86, 857)	(86, 869)	(62, 868)
image	sekt.1305		(94, 856)	(158, 857)	(158, 870)	(94, 869)
image	219		(62, 890)	(86, 890)	(86, 902)	(62, 902)
image	sekt.1305		(94, 890)	(158, 890)	(158, 902)	(94, 902)
image	220		(62, 920)	(85, 920)	(85, 933)	(62, 933)
image	sekt.1305		(93, 920)	(157, 919)	(157, 932)	(93, 933)
image	221		(62, 952)	(85, 952)	(85, 964)	(62, 964)
image	sekt.1305		(93, 952)	(156, 951)	(156, 963)	(93, 964)
image	222		(62, 982)	(85, 982)	(85, 996)	(62, 996)
image	sekt.1400		(93, 982)	(156, 981)	(156, 995)	(93, 996)
image	223		(62, 1015)	(85, 1015)	(85, 1027)	(62, 1027)
image	sekt.1400		(93, 1015)	(156, 1014)	(156, 1025)	(93, 1026)
image	224		(62, 1047)	(86, 1047)	(86, 1058)	(62, 1058)
image	sekt.1400		(94, 1047)	(157, 1047)	(157, 1058)	(94, 1058)
image	-70		(230, 219)	(252, 219)	(252, 230)	(230, 230)
image	-70		(230, 261)	(251, 261)	(251, 271)	(230, 271)
image	198/03		(287, 260)	(334, 260)	(334, 272)	(287, 272)
image	199/03		(288, 291)	(335, 291)	(335, 303)	(288, 303)
image	200/03		(287, 321)	(334, 322)	(334, 335)	(287, 334)
image	201/03		(287, 354)	(335, 354)	(335, 367)	(287, 367)
image	202/03		(287, 386)	(335, 386)	(335, 398)	(287, 398)
image	203/03		(287, 417)	(334, 418)	(334, 431)	(287, 430)
image	204/03		(287, 447)	(335, 448)	(335, 462)	(287, 461)
image	205/03		(287, 480)	(334, 480)	(334, 492)	(287, 492)
image	80-90		(231, 510)	(269, 511)	(269, 525)	(231, 524)
image	206/03		(287, 510)	(335, 511)	(335, 526)	(287, 525)
image	0-5		(230, 544)	(260, 544)	(260, 555)	(230, 555)
image	207/03		(287, 541)	(335, 543)	(335, 557)	(287, 555)
image	208/03		(287, 573)	(335, 574)	(335, 587)	(287, 586)
image	0-20		(230, 605)	(268, 606)	(268, 618)	(230, 617)
image	209/03		(287, 606)	(335, 606)	(335, 618)	(287, 618)
image	0-20		(230, 639)	(268, 639)	(268, 649)	(230, 649)
image	210/03		(287, 638)	(334, 638)	(334, 650)	(287, 650)
image	0-20		(231, 670)	(267, 670)	(267, 680)	(231, 680)
image	211/03		(287, 667)	(336, 669)	(336, 682)	(287, 680)
image	-70		(230, 701)	(251, 701)	(251, 711)	(230, 711)
image	212/03		(287, 700)	(335, 701)	(335, 715)	(287, 714)
image	213/03		(287, 732)	(334, 732)	(334, 744)	(287, 744)
image	-70		(230, 764)	(251, 764)	(251, 774)	(230, 774)
image	214/03		(287, 763)	(333, 763)	(333, 776)	(287, 776)
image	0-20		(230, 795)	(268, 795)	(268, 805)	(230, 805)
image	215/03		(287, 795)	(335, 795)	(335, 807)	(287, 807)
image	0-20		(230, 828)	(268, 828)	(268, 838)	(230, 838)
image	216/03		(287, 826)	(334, 825)	(334, 839)	(287, 840)
image	0-20		(230, 858)	(268, 858)	(268, 868)	(230, 868)
image	217/03		(287, 858)	(334, 858)	(334, 870)	(287, 870)
image	0-20		(231, 888)	(267, 891)	(266, 902)	(230, 900)
image	218/03		(287, 890)	(334, 890)	(334, 903)	(287, 903)
image	20-40		(231, 921)	(274, 921)	(274, 933)	(231, 933)
image	219/03		(287, 921)	(334, 921)	(334, 933)	(287, 933)
image	20-40		(231, 950)	(276, 951)	(276, 964)	(231, 963)
image	220/03		(287, 951)	(335, 952)	(335, 965)	(287, 964)
image	221/03		(287, 984)	(333, 984)	(333, 995)	(287, 995)
image	222/03		(287, 1014)	(334, 1015)	(334, 1028)	(287, 1027)
image	223/03		(287, 1045)	(334, 1047)	(334, 1060)	(287, 1058)
image	-70		(230, 291)	(251, 291)	(251, 301)	(230, 301)
image	-70		(230, 323)	(251, 323)	(251, 333)	(230, 333)
image	PŘIR_Č		(303, 174)	(349, 175)	(349, 191)	(303, 190)
image	-70		(230, 732)	(251, 732)	(251, 742)	(230, 742)
image	197/03		(287, 218)	(333, 217)	(333, 230)	(287, 231)
image	K_ATY		(376, 178)	(420, 178)	(420, 190)	(376, 190)
image	K_ZD		(430, 178)	(463, 178)	(463, 190)	(430, 190)
image	K_PR		(472, 178)	(506, 178)	(506, 190)	(472, 190)
image	K_N		(518, 178)	(545, 178)	(545, 190)	(518, 190)
image	P		(392, 199)	(402, 199)	(402, 209)	(392, 209)
image	OB		(437, 198)	(456, 198)	(456, 209)	(437, 209)
image	OF		(479, 198)	(497, 198)	(497, 209)	(479, 209)
image	AD		(521, 198)	(540, 198)	(540, 210)	(521, 210)
image	45		(405, 219)	(420, 219)	(420, 230)	(405, 230)
image	39		(405, 261)	(422, 261)	(422, 272)	(405, 272)
image	25		(404, 291)	(421, 291)	(421, 302)	(404, 302)
image	52		(405, 322)	(421, 322)	(421, 333)	(405, 333)
image	14		(405, 355)	(421, 355)	(421, 365)	(405, 365)
image	33		(405, 386)	(422, 386)	(422, 397)	(405, 397)
image	24		(405, 418)	(422, 418)	(422, 428)	(405, 428)
image	39		(405, 449)	(422, 449)	(422, 460)	(405, 460)
image	26		(404, 481)	(422, 481)	(422, 492)	(404, 492)
image	6		(413, 512)	(422, 512)	(422, 522)	(413, 522)
image	65		(405, 543)	(420, 543)	(420, 553)	(405, 553)
image	4		(412, 574)	(421, 574)	(421, 584)	(412, 584)
image	13		(405, 606)	(421, 606)	(421, 617)	(405, 617)
image	1		(413, 638)	(422, 638)	(422, 650)	(413, 650)
image	8		(412, 669)	(423, 669)	(423, 679)	(412, 679)
image	31		(405, 701)	(422, 701)	(422, 712)	(405, 712)
image	58		(404, 733)	(423, 733)	(423, 744)	(404, 744)
image	26		(405, 765)	(421, 765)	(421, 775)	(405, 775)
image	20		(405, 796)	(421, 796)	(421, 806)	(405, 806)
image	2		(412, 827)	(422, 827)	(422, 837)	(412, 837)
image	12		(405, 859)	(420, 859)	(420, 869)	(405, 869)
image	44		(404, 985)	(421, 985)	(421, 995)	(404, 995)
image	50		(405, 1016)	(422, 1016)	(422, 1027)	(405, 1027)
image	7		(455, 219)	(464, 219)	(464, 230)	(455, 230)
image	54		(405, 1047)	(420, 1047)	(420, 1057)	(405, 1057)
image	1		(456, 260)	(464, 260)	(464, 271)	(456, 271)
image	4		(455, 291)	(464, 291)	(464, 302)	(455, 302)
image	0		(455, 322)	(464, 322)	(464, 333)	(455, 333)
image	2		(454, 354)	(465, 354)	(465, 365)	(454, 365)
image	1		(455, 387)	(464, 387)	(464, 398)	(455, 398)
image	1		(456, 418)	(463, 418)	(463, 428)	(456, 428)
image	2		(455, 449)	(464, 449)	(464, 459)	(455, 459)
image	1		(456, 480)	(464, 480)	(464, 491)	(456, 491)
image	0		(455, 513)	(463, 513)	(463, 524)	(455, 524)
image	1		(456, 543)	(464, 543)	(464, 554)	(456, 554)
image	2		(454, 575)	(464, 575)	(464, 586)	(454, 586)
image	moo		(453, 603)	(461, 603)	(461, 679)	(453, 679)
image	m		(453, 698)	(461, 698)	(461, 713)	(453, 713)
image	0		(455, 638)	(464, 638)	(464, 649)	(455, 649)
image	0		(455, 670)	(464, 670)	(464, 680)	(455, 680)
image	29		(405, 891)	(422, 891)	(422, 902)	(405, 902)
image	3		(455, 890)	(464, 890)	(464, 902)	(455, 902)
image	3		(413, 921)	(422, 921)	(422, 932)	(413, 932)
image	7		(412, 953)	(422, 953)	(422, 964)	(412, 964)
image	1		(456, 795)	(464, 795)	(464, 805)	(456, 805)
image	3		(455, 827)	(464, 827)	(464, 839)	(455, 839)
image	1		(455, 858)	(463, 858)	(463, 869)	(455, 869)
image	základní		(470, 74)	(545, 75)	(545, 94)	(470, 93)
image	zpracování		(548, 75)	(646, 76)	(646, 95)	(548, 94)
image	ONNNN		(454, 1059)	(453, 920)	(464, 920)	(465, 1059)
image	12		(490, 219)	(506, 219)	(506, 229)	(490, 229)
image	2		(455, 1017)	(464, 1017)	(464, 1027)	(455, 1027)
image	13		(490, 260)	(505, 260)	(505, 271)	(490, 271)
image	6		(498, 292)	(506, 292)	(506, 301)	(498, 301)
image	11		(491, 323)	(505, 323)	(505, 333)	(491, 333)
image	3		(498, 574)	(507, 574)	(507, 585)	(498, 585)
image	3		(455, 606)	(465, 606)	(465, 617)	(455, 617)
image	4		(498, 607)	(506, 607)	(506, 617)	(498, 617)
image	4		(498, 355)	(506, 355)	(506, 365)	(498, 365)
image	9		(498, 386)	(506, 386)	(506, 396)	(498, 396)
image	11		(490, 418)	(505, 418)	(505, 428)	(490, 428)
image	11		(490, 449)	(506, 449)	(506, 459)	(490, 459)
image	3		(455, 732)	(464, 732)	(464, 743)	(455, 743)
image	10		(490, 732)	(505, 732)	(505, 743)	(490, 743)
image	3		(455, 764)	(464, 764)	(464, 775)	(455, 775)
image	6		(498, 481)	(506, 481)	(506, 491)	(498, 491)
image	0		(498, 512)	(507, 512)	(507, 522)	(498, 522)
image	0		(540, 479)	(550, 479)	(550, 490)	(540, 490)
image	0		(540, 511)	(550, 511)	(550, 523)	(540, 523)
image	0		(540, 543)	(550, 543)	(550, 554)	(540, 554)
image	0		(540, 574)	(549, 574)	(549, 585)	(540, 585)
image	0		(540, 606)	(549, 606)	(549, 617)	(540, 617)
image	0		(498, 639)	(507, 639)	(507, 649)	(498, 649)
image	0		(541, 638)	(549, 638)	(549, 649)	(541, 649)
image	3		(498, 669)	(507, 669)	(507, 680)	(498, 680)
image	0		(540, 670)	(548, 670)	(548, 680)	(540, 680)
image	7		(498, 701)	(507, 701)	(507, 712)	(498, 712)
image	11		(490, 543)	(506, 543)	(506, 553)	(490, 553)
image	6		(498, 764)	(506, 764)	(506, 774)	(498, 774)
image	2		(498, 796)	(507, 796)	(507, 806)	(498, 806)
image	1		(498, 827)	(506, 827)	(506, 838)	(498, 838)
image	1		(498, 858)	(506, 858)	(506, 869)	(498, 869)
image	5		(497, 890)	(507, 890)	(507, 902)	(497, 902)
image	1		(498, 921)	(507, 921)	(507, 932)	(498, 932)
image	2		(497, 953)	(506, 953)	(506, 963)	(497, 963)
image	0		(540, 219)	(550, 219)	(550, 230)	(540, 230)
image	16		(490, 984)	(505, 984)	(505, 995)	(490, 995)
image	17		(490, 1016)	(507, 1016)	(507, 1027)	(490, 1027)
image	12		(490, 1047)	(505, 1047)	(505, 1058)	(490, 1058)
image	0		(540, 260)	(549, 260)	(549, 271)	(540, 271)
image	0		(540, 291)	(549, 291)	(549, 302)	(540, 302)
image	0		(540, 322)	(549, 322)	(549, 333)	(540, 333)
image	0		(540, 354)	(549, 354)	(549, 365)	(540, 365)
image	0		(540, 386)	(549, 386)	(549, 397)	(540, 397)
image	1		(541, 417)	(549, 417)	(549, 427)	(541, 427)
image	0		(540, 449)	(549, 449)	(549, 459)	(540, 459)
image	0		(541, 701)	(549, 701)	(549, 711)	(541, 711)
image	0		(540, 733)	(549, 733)	(549, 743)	(540, 743)
image	0		(540, 765)	(548, 765)	(548, 775)	(540, 775)
image	0		(540, 796)	(549, 796)	(549, 806)	(540, 806)
image	0		(540, 828)	(549, 828)	(549, 838)	(540, 838)
image	0		(540, 859)	(549, 859)	(549, 869)	(540, 869)
image	0		(540, 890)	(549, 890)	(549, 901)	(540, 901)
image	0		(540, 922)	(548, 922)	(548, 932)	(540, 932)
image	0		(540, 954)	(548, 954)	(548, 964)	(540, 964)
image	0		(540, 985)	(549, 985)	(549, 995)	(540, 995)
image	0		(540, 1017)	(549, 1017)	(549, 1027)	(540, 1027)
image	0		(540, 1047)	(549, 1047)	(549, 1058)	(540, 1058)
image	K_SU		(563, 178)	(597, 177)	(597, 190)	(563, 191)
image	MA		(570, 198)	(593, 198)	(593, 209)	(570, 209)
image	T		(610, 209)	(609, 229)	(596, 229)	(597, 209)
image	64		(589, 219)	(605, 219)	(605, 230)	(589, 230)
image	53		(589, 260)	(606, 260)	(606, 271)	(589, 271)
image	35		(589, 290)	(605, 290)	(605, 302)	(589, 302)
image	63		(589, 322)	(606, 322)	(606, 333)	(589, 333)
image	20		(588, 355)	(605, 355)	(605, 365)	(588, 365)
image	43		(588, 386)	(604, 386)	(604, 396)	(588, 396)
image	37		(589, 417)	(605, 417)	(605, 428)	(589, 428)
image	52		(589, 449)	(605, 449)	(605, 459)	(589, 459)
image	33		(589, 480)	(605, 480)	(605, 491)	(589, 491)
image	6		(597, 513)	(605, 513)	(605, 523)	(597, 523)
image	77		(588, 543)	(604, 543)	(604, 554)	(588, 554)
image	9		(597, 575)	(606, 575)	(606, 587)	(597, 587)
image	20		(588, 607)	(606, 607)	(606, 617)	(588, 617)
image	1		(597, 639)	(606, 639)	(606, 650)	(597, 650)
image	11		(589, 670)	(606, 670)	(606, 680)	(589, 680)
image	41		(588, 701)	(606, 701)	(606, 713)	(588, 713)
image	71		(589, 732)	(606, 732)	(606, 743)	(589, 743)
image	35		(589, 764)	(606, 764)	(606, 775)	(589, 775)
image	23		(588, 795)	(605, 795)	(605, 806)	(588, 806)
image	6		(597, 828)	(605, 828)	(605, 838)	(597, 838)
image	14		(589, 859)	(606, 859)	(606, 869)	(589, 869)
image	37		(589, 890)	(606, 890)	(606, 902)	(589, 902)
image	6		(597, 921)	(605, 921)	(605, 931)	(597, 931)
image	69		(589, 1016)	(606, 1016)	(606, 1026)	(589, 1026)
image	BI		(624, 178)	(637, 178)	(637, 189)	(624, 189)
image	66		(589, 1047)	(605, 1047)	(605, 1057)	(589, 1057)
image	1		(640, 219)	(650, 219)	(650, 230)	(640, 230)
image	1		(640, 261)	(649, 261)	(649, 272)	(640, 272)
image	0		(639, 291)	(648, 291)	(648, 301)	(639, 301)
image	0		(640, 322)	(649, 322)	(649, 332)	(640, 332)
image	0		(640, 354)	(649, 354)	(649, 364)	(640, 364)
image	0		(639, 386)	(648, 386)	(648, 396)	(639, 396)
image	0		(640, 417)	(649, 417)	(649, 427)	(640, 427)
image	0		(639, 448)	(648, 448)	(648, 458)	(639, 458)
image	0		(640, 481)	(648, 481)	(648, 491)	(640, 491)
image	0		(640, 513)	(648, 513)	(648, 523)	(640, 523)
image	0		(639, 543)	(648, 543)	(648, 553)	(639, 553)
image	0		(639, 574)	(648, 574)	(648, 584)	(639, 584)
image	0		(640, 606)	(649, 606)	(649, 616)	(640, 616)
image	1		(640, 639)	(649, 639)	(649, 650)	(640, 650)
image	0		(639, 669)	(648, 669)	(648, 679)	(639, 679)
image	0		(639, 701)	(649, 701)	(649, 712)	(639, 712)
image	0		(639, 732)	(649, 732)	(649, 742)	(639, 742)
image	0		(639, 764)	(649, 764)	(649, 774)	(639, 774)
image	1		(640, 796)	(648, 796)	(648, 806)	(640, 806)
image	0		(639, 827)	(648, 827)	(648, 837)	(639, 837)
image	0		(639, 858)	(648, 858)	(648, 868)	(639, 868)
image	1		(640, 890)	(648, 890)	(648, 900)	(640, 900)
image	11		(589, 953)	(606, 953)	(606, 964)	(589, 964)
image	62		(589, 984)	(606, 984)	(606, 995)	(589, 995)
image	0		(639, 984)	(649, 984)	(649, 995)	(639, 995)
image	0		(639, 921)	(648, 921)	(648, 931)	(639, 931)
image	OOO		(637, 1058)	(638, 982)	(648, 982)	(647, 1058)
image	O		(639, 966)	(639, 953)	(648, 953)	(648, 966)
image	La		(685, 171)	(685, 188)	(670, 188)	(670, 171)
image	ŠI		(667, 177)	(679, 177)	(679, 190)	(667, 190)
image	0		(682, 219)	(691, 219)	(691, 230)	(682, 230)
image	1		(683, 261)	(691, 261)	(691, 271)	(683, 271)
image	0		(682, 290)	(691, 290)	(691, 301)	(682, 301)
image	0		(682, 322)	(691, 322)	(691, 333)	(682, 333)
image	0		(682, 354)	(691, 354)	(691, 365)	(682, 365)
image	0		(682, 386)	(691, 386)	(691, 397)	(682, 397)
image	0		(682, 418)	(690, 418)	(690, 429)	(682, 429)
image	0		(682, 449)	(690, 449)	(690, 460)	(682, 460)
image	0		(682, 479)	(692, 479)	(692, 491)	(682, 491)
image	0		(682, 511)	(692, 511)	(692, 523)	(682, 523)
image	0		(682, 543)	(691, 543)	(691, 554)	(682, 554)
image	0		(682, 574)	(691, 574)	(691, 585)	(682, 585)
image	0		(682, 606)	(691, 606)	(691, 617)	(682, 617)
image	0		(682, 638)	(691, 638)	(691, 649)	(682, 649)
image	0		(682, 669)	(691, 669)	(691, 680)	(682, 680)
image	0		(682, 701)	(691, 701)	(691, 712)	(682, 712)
image	0		(682, 733)	(691, 733)	(691, 743)	(682, 743)
image	0		(682, 765)	(690, 765)	(690, 776)	(682, 776)
image	0		(682, 796)	(691, 796)	(691, 806)	(682, 806)
image	0		(682, 828)	(691, 828)	(691, 838)	(682, 838)
image	0		(682, 859)	(691, 859)	(691, 870)	(682, 870)
image	0		(682, 890)	(691, 890)	(691, 902)	(682, 902)
image	0		(682, 921)	(691, 921)	(691, 932)	(682, 932)
image	0		(682, 953)	(691, 953)	(691, 964)	(682, 964)
image	0		(682, 985)	(691, 985)	(691, 995)	(682, 995)
image	0		(682, 1016)	(691, 1016)	(691, 1027)	(682, 1027)
image	0		(640, 1047)	(649, 1047)	(649, 1058)	(640, 1058)
image	0		(682, 1047)	(692, 1047)	(692, 1057)	(682, 1057)
image	mlýn		(700, 177)	(732, 177)	(732, 192)	(700, 192)
image	BR		(749, 177)	(767, 177)	(767, 191)	(749, 191)
image	0		(724, 219)	(733, 219)	(733, 230)	(724, 230)
image	0		(724, 261)	(733, 261)	(733, 271)	(724, 271)
image	0		(724, 291)	(733, 291)	(733, 302)	(724, 302)
image	0		(725, 322)	(734, 322)	(734, 333)	(725, 333)
image	0		(725, 355)	(734, 355)	(734, 366)	(725, 366)
image	0		(725, 386)	(734, 386)	(734, 397)	(725, 397)
image	0		(725, 418)	(734, 418)	(734, 428)	(725, 428)
image	0		(725, 449)	(734, 449)	(734, 459)	(725, 459)
image	0		(725, 481)	(734, 481)	(734, 491)	(725, 491)
image	0		(725, 513)	(734, 513)	(734, 523)	(725, 523)
image	0		(724, 543)	(733, 543)	(733, 554)	(724, 554)
image	0		(724, 574)	(733, 574)	(733, 586)	(724, 586)
image	0		(725, 607)	(733, 607)	(733, 618)	(725, 618)
image	0		(725, 638)	(734, 638)	(734, 649)	(725, 649)
image	0		(725, 670)	(734, 670)	(734, 680)	(725, 680)
image	0		(725, 702)	(734, 702)	(734, 712)	(725, 712)
image	0		(725, 733)	(734, 733)	(734, 743)	(725, 743)
image	0		(725, 765)	(733, 765)	(733, 776)	(725, 776)
image	0		(725, 796)	(733, 796)	(733, 806)	(725, 806)
image	0		(725, 828)	(733, 828)	(733, 839)	(725, 839)
image	0		(725, 859)	(733, 859)	(733, 870)	(725, 870)
image	0		(724, 890)	(733, 890)	(733, 901)	(724, 901)
image	0		(725, 921)	(734, 921)	(734, 932)	(725, 932)
image	0		(725, 953)	(734, 953)	(734, 963)	(725, 963)
image	0		(725, 985)	(734, 985)	(734, 995)	(725, 995)
image	0		(724, 1016)	(733, 1016)	(733, 1027)	(724, 1027)
image	0		(725, 1048)	(733, 1048)	(733, 1058)	(725, 1058)
image	0		(767, 220)	(776, 220)	(776, 230)	(767, 230)
image	0		(767, 261)	(775, 261)	(775, 271)	(767, 271)
image	0		(767, 291)	(776, 291)	(776, 302)	(767, 302)
image	0		(767, 323)	(775, 323)	(775, 334)	(767, 334)
image	0		(767, 355)	(776, 355)	(776, 366)	(767, 366)
image	0		(767, 387)	(775, 387)	(775, 398)	(767, 398)
image	0		(767, 417)	(775, 417)	(775, 427)	(767, 427)
image	0		(767, 448)	(776, 448)	(776, 459)	(767, 459)
image	0		(767, 481)	(775, 481)	(775, 491)	(767, 491)
image	0		(767, 513)	(775, 513)	(775, 523)	(767, 523)
image	0		(767, 543)	(776, 543)	(776, 554)	(767, 554)
image	0		(767, 575)	(775, 575)	(775, 586)	(767, 586)
image	0		(767, 607)	(776, 607)	(776, 618)	(767, 618)
image	0		(767, 639)	(776, 639)	(776, 650)	(767, 650)
image	0		(767, 669)	(776, 669)	(776, 679)	(767, 679)
image	0		(767, 701)	(776, 701)	(776, 711)	(767, 711)
image	0		(767, 733)	(776, 733)	(776, 743)	(767, 743)
image	0		(767, 765)	(775, 765)	(775, 775)	(767, 775)
image	0		(767, 796)	(775, 796)	(775, 806)	(767, 806)
image	0		(767, 828)	(775, 828)	(775, 838)	(767, 838)
image	0		(767, 858)	(775, 858)	(775, 868)	(767, 868)
image	0		(767, 890)	(776, 890)	(776, 901)	(767, 901)
image	0		(767, 922)	(776, 922)	(776, 932)	(767, 932)
image	0		(767, 953)	(776, 953)	(776, 963)	(767, 963)
image	0		(767, 985)	(775, 985)	(775, 995)	(767, 995)
image	KA		(792, 178)	(811, 178)	(811, 189)	(792, 189)
image	ΜΑ		(833, 179)	(855, 179)	(855, 189)	(833, 189)
image	KO		(877, 178)	(894, 178)	(894, 189)	(877, 189)
image	0		(767, 1017)	(775, 1017)	(775, 1028)	(767, 1028)
image	0		(767, 1048)	(776, 1048)	(776, 1058)	(767, 1058)
image	3		(809, 218)	(818, 218)	(818, 230)	(809, 230)
image	OOO		(765, 792)	(775, 792)	(774, 867)	(764, 867)
image	O		(764, 887)	(773, 887)	(773, 901)	(764, 901)
image	om		(805, 763)	(816, 763)	(817, 808)	(806, 808)
image	ooo		(806, 825)	(817, 825)	(818, 902)	(807, 902)
image	53		(782, 1154)	(801, 1154)	(801, 1166)	(782, 1166)
image	0		(809, 260)	(818, 260)	(818, 271)	(809, 271)
image	2		(808, 291)	(818, 291)	(818, 302)	(808, 302)
image	2		(809, 323)	(818, 323)	(818, 333)	(809, 333)
image	0		(809, 355)	(817, 355)	(817, 365)	(809, 365)
image	1		(810, 418)	(818, 418)	(818, 428)	(810, 428)
image	0		(810, 449)	(818, 449)	(818, 459)	(810, 459)
image	0		(809, 481)	(818, 481)	(818, 491)	(809, 491)
image	0		(809, 511)	(818, 511)	(818, 522)	(809, 522)
image	1		(809, 543)	(818, 543)	(818, 554)	(809, 554)
image	2		(808, 574)	(818, 574)	(818, 585)	(808, 585)
image	4		(809, 607)	(817, 607)	(817, 617)	(809, 617)
image	3		(809, 386)	(818, 386)	(818, 397)	(809, 397)
image	166		(837, 386)	(861, 386)	(861, 397)	(837, 397)
image	30		(844, 417)	(861, 417)	(861, 428)	(844, 428)
image	108		(837, 447)	(861, 447)	(861, 459)	(837, 459)
image	24		(887, 449)	(904, 449)	(904, 459)	(887, 459)
image	32		(844, 480)	(860, 480)	(860, 491)	(844, 491)
image	24		(887, 481)	(902, 481)	(902, 491)	(887, 491)
image	0		(810, 764)	(818, 764)	(818, 774)	(810, 774)
image	3		(810, 795)	(818, 795)	(818, 805)	(810, 805)
image	0		(809, 828)	(818, 828)	(818, 838)	(809, 838)
image	0		(809, 859)	(817, 859)	(817, 869)	(809, 869)
image	0		(810, 890)	(819, 890)	(819, 901)	(810, 901)
image	28		(844, 543)	(862, 543)	(862, 554)	(844, 554)
image	42		(844, 574)	(859, 574)	(859, 585)	(844, 585)
image	22		(844, 607)	(861, 607)	(861, 618)	(844, 618)
image	1		(810, 639)	(819, 639)	(819, 650)	(810, 650)
image	48		(843, 638)	(860, 638)	(860, 649)	(843, 649)
image	2		(809, 669)	(818, 669)	(818, 679)	(809, 679)
image	190		(837, 669)	(862, 669)	(862, 679)	(837, 679)
image	10		(887, 669)	(903, 669)	(903, 680)	(887, 680)
image	2		(808, 701)	(818, 701)	(818, 712)	(808, 712)
image	114		(837, 701)	(862, 701)	(862, 712)	(837, 712)
image	1		(810, 733)	(819, 733)	(819, 743)	(810, 743)
image	152		(837, 732)	(861, 732)	(861, 742)	(837, 742)
image	98		(887, 732)	(904, 732)	(904, 743)	(887, 743)
image	2		(810, 922)	(818, 922)	(818, 932)	(810, 932)
image	0		(809, 954)	(817, 954)	(817, 964)	(809, 964)
image	1		(809, 984)	(818, 984)	(818, 995)	(809, 995)
image	180		(837, 219)	(862, 219)	(862, 230)	(837, 230)
image	1		(810, 1016)	(818, 1016)	(818, 1026)	(810, 1026)
image	0		(809, 1047)	(818, 1047)	(818, 1058)	(809, 1058)
image	0		(852, 513)	(861, 513)	(861, 523)	(852, 523)
image	30		(887, 219)	(903, 219)	(903, 230)	(887, 230)
image	30		(845, 260)	(860, 260)	(860, 271)	(845, 271)
image	145		(836, 291)	(860, 291)	(860, 303)	(836, 303)
image	168		(836, 321)	(861, 321)	(861, 334)	(836, 334)
image	42		(843, 354)	(860, 354)	(860, 366)	(843, 366)
image	68		(886, 354)	(904, 354)	(904, 366)	(886, 366)
image	ne		(930, 357)	(946, 357)	(946, 365)	(930, 365)
image	42		(843, 764)	(861, 764)	(861, 775)	(843, 775)
image	12		(844, 795)	(860, 795)	(860, 806)	(844, 806)
image	21		(844, 827)	(860, 827)	(860, 838)	(844, 838)
image	140		(837, 859)	(860, 859)	(860, 870)	(837, 870)
image	80		(844, 889)	(860, 889)	(860, 900)	(844, 900)
image	12		(844, 920)	(860, 920)	(860, 931)	(844, 931)
image	33		(844, 952)	(860, 952)	(860, 964)	(844, 964)
image	48		(843, 983)	(862, 983)	(862, 995)	(843, 995)
image	143		(836, 1015)	(861, 1015)	(861, 1026)	(836, 1026)
image	38		(844, 1046)	(861, 1046)	(861, 1058)	(844, 1058)
image	68		(887, 260)	(903, 260)	(903, 271)	(887, 271)
image	ne		(930, 263)	(945, 263)	(945, 271)	(930, 271)
image	98		(887, 291)	(904, 291)	(904, 302)	(887, 302)
image	58		(887, 322)	(905, 322)	(905, 332)	(887, 332)
image	0		(895, 513)	(904, 513)	(904, 523)	(895, 523)
image	0		(894, 543)	(903, 543)	(903, 553)	(894, 553)
image	0		(980, 292)	(989, 292)	(989, 302)	(980, 302)
image	0		(980, 322)	(989, 322)	(989, 333)	(980, 333)
image	0		(980, 354)	(989, 354)	(989, 365)	(980, 365)
image	12		(887, 386)	(903, 386)	(903, 397)	(887, 397)
image	ne		(930, 389)	(946, 389)	(946, 397)	(930, 397)
image	0		(979, 386)	(988, 386)	(988, 397)	(979, 397)
image	60		(887, 417)	(903, 417)	(903, 427)	(887, 427)
image	180		(879, 574)	(904, 574)	(904, 585)	(879, 585)
image	0		(895, 638)	(904, 638)	(904, 648)	(895, 648)
image	84		(887, 701)	(903, 701)	(903, 711)	(887, 711)
image	40		(887, 764)	(902, 764)	(902, 775)	(887, 775)
image	1		(895, 795)	(903, 795)	(903, 806)	(895, 806)
image	1		(895, 827)	(904, 827)	(904, 838)	(895, 838)
image	48		(887, 858)	(903, 858)	(903, 869)	(887, 869)
image	8		(894, 891)	(904, 891)	(904, 901)	(894, 901)
image	U		(923, 178)	(935, 178)	(935, 189)	(923, 189)
image	102		(879, 921)	(903, 921)	(903, 932)	(879, 932)
image	ne		(930, 222)	(945, 222)	(945, 230)	(930, 230)
image	0		(895, 953)	(904, 953)	(904, 963)	(895, 963)
image	28		(886, 985)	(903, 985)	(903, 995)	(886, 995)
image	32		(887, 1016)	(904, 1016)	(904, 1027)	(887, 1027)
image	12		(887, 1047)	(904, 1047)	(904, 1057)	(887, 1057)
image	ne		(930, 294)	(945, 294)	(945, 302)	(930, 302)
image	20		(887, 607)	(903, 607)	(903, 617)	(887, 617)
image	ne		(930, 609)	(945, 609)	(945, 617)	(930, 617)
image	ne		(930, 325)	(946, 325)	(946, 333)	(930, 333)
image	ne		(929, 420)	(946, 420)	(946, 429)	(929, 429)
image	ne		(930, 450)	(945, 450)	(945, 458)	(930, 458)
image	ne		(930, 483)	(946, 483)	(946, 491)	(930, 491)
image	ne		(930, 515)	(945, 515)	(945, 522)	(930, 522)
image	ne		(930, 546)	(945, 546)	(945, 554)	(930, 554)
image	ne		(930, 577)	(945, 577)	(945, 585)	(930, 585)
image	ne		(930, 641)	(945, 641)	(945, 649)	(930, 649)
image	ne		(930, 672)	(946, 672)	(946, 680)	(930, 680)
image	ne		(930, 703)	(945, 703)	(945, 711)	(930, 711)
image	ne		(930, 734)	(945, 734)	(945, 742)	(930, 742)
image	ne		(930, 766)	(945, 766)	(945, 774)	(930, 774)
image	ne		(930, 797)	(945, 797)	(945, 805)	(930, 805)
image	ne		(930, 829)	(945, 829)	(945, 837)	(930, 837)
image	ne		(930, 861)	(947, 861)	(947, 869)	(930, 869)
image	ne		(930, 893)	(946, 893)	(946, 901)	(930, 901)
image	ne		(930, 924)	(947, 924)	(947, 932)	(930, 932)
image	ne		(930, 955)	(945, 955)	(945, 963)	(930, 963)
image	ne		(930, 986)	(945, 986)	(945, 994)	(930, 994)
image	ne		(930, 1018)	(945, 1018)	(945, 1026)	(930, 1026)
image	KI		(965, 178)	(978, 178)	(978, 189)	(965, 189)
image	ne		(930, 1049)	(945, 1049)	(945, 1057)	(930, 1057)
image	0		(979, 219)	(988, 219)	(988, 229)	(979, 229)
image	0		(980, 261)	(989, 261)	(989, 271)	(980, 271)
image	0		(980, 417)	(989, 417)	(989, 427)	(980, 427)
image	0		(980, 449)	(988, 449)	(988, 459)	(980, 459)
image	0		(980, 480)	(989, 480)	(989, 491)	(980, 491)
image	0		(980, 513)	(989, 513)	(989, 523)	(980, 523)
image	0		(979, 543)	(989, 543)	(989, 555)	(979, 555)
image	0		(980, 574)	(989, 574)	(989, 585)	(980, 585)
image	0		(980, 606)	(989, 606)	(989, 617)	(980, 617)
image	0		(980, 638)	(989, 638)	(989, 649)	(980, 649)
image	0		(980, 669)	(989, 669)	(989, 679)	(980, 679)
image	0		(980, 702)	(988, 702)	(988, 712)	(980, 712)
image	0		(980, 733)	(988, 733)	(988, 743)	(980, 743)
image	0		(980, 765)	(988, 765)	(988, 775)	(980, 775)
image	0		(980, 796)	(988, 796)	(988, 806)	(980, 806)
image	0		(980, 827)	(989, 827)	(989, 838)	(980, 838)
image	0		(979, 858)	(989, 858)	(989, 868)	(979, 868)
image	0		(979, 890)	(988, 890)	(988, 900)	(979, 900)
image	0		(980, 921)	(989, 921)	(989, 931)	(980, 931)
image	0		(979, 954)	(988, 954)	(988, 964)	(979, 964)
image	0		(980, 985)	(988, 985)	(988, 995)	(980, 995)
image	0		(980, 1017)	(988, 1017)	(988, 1027)	(980, 1027)
image	0		(979, 1048)	(988, 1048)	(988, 1058)	(979, 1058)
image	Dto		(1002, 178)	(1026, 178)	(1026, 188)	(1002, 188)
image	bron		(1039, 178)	(1071, 178)	(1071, 188)	(1039, 188)
image	Z		(1052, 201)	(1060, 201)	(1060, 209)	(1052, 209)
image	0		(1022, 260)	(1031, 260)	(1031, 270)	(1022, 270)
image	2		(1022, 219)	(1032, 219)	(1032, 230)	(1022, 230)
image	0		(1065, 219)	(1074, 219)	(1074, 230)	(1065, 230)
image	0		(1107, 219)	(1116, 219)	(1116, 230)	(1107, 230)
image	0		(1022, 291)	(1031, 291)	(1031, 302)	(1022, 302)
image	0		(1022, 322)	(1030, 322)	(1030, 332)	(1022, 332)
image	0		(1022, 354)	(1031, 354)	(1031, 365)	(1022, 365)
image	0		(1022, 386)	(1032, 386)	(1032, 397)	(1022, 397)
image	0		(1022, 418)	(1030, 418)	(1030, 428)	(1022, 428)
image	0		(1022, 449)	(1030, 449)	(1030, 459)	(1022, 459)
image	0		(1022, 481)	(1031, 481)	(1031, 491)	(1022, 491)
image	0		(1022, 513)	(1030, 513)	(1030, 523)	(1022, 523)
image	0		(1022, 544)	(1031, 544)	(1031, 554)	(1022, 554)
image	0		(1022, 574)	(1030, 574)	(1030, 584)	(1022, 584)
image	0		(1022, 606)	(1031, 606)	(1031, 617)	(1022, 617)
image	0		(1022, 638)	(1030, 638)	(1030, 648)	(1022, 648)
image	0		(1022, 669)	(1031, 669)	(1031, 679)	(1022, 679)
image	0		(1022, 701)	(1031, 701)	(1031, 711)	(1022, 711)
image	0		(1022, 733)	(1030, 733)	(1030, 743)	(1022, 743)
image	0		(1022, 765)	(1030, 765)	(1030, 775)	(1022, 775)
image	0		(1023, 795)	(1031, 795)	(1031, 805)	(1023, 805)
image	0		(1023, 827)	(1031, 827)	(1031, 837)	(1023, 837)
image	0		(1022, 859)	(1030, 859)	(1030, 869)	(1022, 869)
image	0		(1022, 890)	(1031, 890)	(1031, 901)	(1022, 901)
image	1		(1023, 921)	(1031, 921)	(1031, 931)	(1023, 931)
image	OOO		(1018, 952)	(1029, 952)	(1030, 1028)	(1019, 1028)
image	O		(1020, 1046)	(1030, 1046)	(1030, 1058)	(1020, 1058)
image	0		(1022, 953)	(1031, 953)	(1031, 963)	(1022, 963)
image	0		(1022, 985)	(1031, 985)	(1031, 995)	(1022, 995)
image	0		(1022, 1016)	(1031, 1016)	(1031, 1027)	(1022, 1027)
image	PI		(1064, 225)	(1064, 211)	(1074, 211)	(1074, 225)
image	0		(1023, 1047)	(1031, 1047)	(1031, 1057)	(1023, 1057)
image	OOO		(1073, 260)	(1073, 333)	(1064, 333)	(1064, 260)
image	OO		(1073, 352)	(1073, 397)	(1064, 397)	(1064, 352)
image	0		(1065, 418)	(1073, 418)	(1073, 428)	(1065, 428)
image	0		(1107, 291)	(1116, 291)	(1116, 302)	(1107, 302)
image	0		(1065, 322)	(1074, 322)	(1074, 333)	(1065, 333)
image	0		(1107, 323)	(1115, 323)	(1115, 334)	(1107, 334)
image	0		(1065, 354)	(1074, 354)	(1074, 365)	(1065, 365)
image	0		(1107, 355)	(1115, 355)	(1115, 366)	(1107, 366)
image	0		(1065, 449)	(1074, 449)	(1074, 459)	(1065, 459)
image	0		(1065, 481)	(1073, 481)	(1073, 491)	(1065, 491)
image	0		(1064, 511)	(1074, 511)	(1074, 522)	(1064, 522)
image	1		(1065, 542)	(1074, 542)	(1074, 554)	(1065, 554)
image	0		(1065, 574)	(1074, 574)	(1074, 585)	(1065, 585)
image	0		(1065, 606)	(1074, 606)	(1074, 617)	(1065, 617)
image	0		(1064, 638)	(1073, 638)	(1073, 649)	(1064, 649)
image	0		(1065, 670)	(1074, 670)	(1074, 680)	(1065, 680)
image	0		(1065, 701)	(1074, 701)	(1074, 711)	(1065, 711)
image	0		(1065, 733)	(1073, 733)	(1073, 743)	(1065, 743)
image	0		(1065, 765)	(1073, 765)	(1073, 775)	(1065, 775)
image	0		(1065, 795)	(1073, 795)	(1073, 805)	(1065, 805)
image	0		(1065, 828)	(1073, 828)	(1073, 838)	(1065, 838)
image	Fe		(1090, 177)	(1107, 177)	(1107, 189)	(1090, 189)
image	Str		(1131, 178)	(1151, 178)	(1151, 190)	(1131, 190)
image	0		(1065, 859)	(1073, 859)	(1073, 869)	(1065, 869)
image	0		(1107, 261)	(1115, 261)	(1115, 271)	(1107, 271)
image	OOOO		(1065, 1059)	(1065, 952)	(1074, 952)	(1074, 1059)
image	0		(1107, 387)	(1116, 387)	(1116, 398)	(1107, 398)
image	0		(1108, 417)	(1116, 417)	(1116, 427)	(1108, 427)
image	0		(1107, 449)	(1115, 449)	(1115, 459)	(1107, 459)
image	0		(1107, 480)	(1116, 480)	(1116, 491)	(1107, 491)
image	0		(1107, 513)	(1115, 513)	(1115, 523)	(1107, 523)
image	0		(1107, 543)	(1116, 543)	(1116, 554)	(1107, 554)
image	0		(1107, 575)	(1115, 575)	(1115, 586)	(1107, 586)
image	0		(1107, 607)	(1115, 607)	(1115, 618)	(1107, 618)
image	0		(1107, 638)	(1116, 638)	(1116, 649)	(1107, 649)
image	0		(1108, 670)	(1116, 670)	(1116, 680)	(1108, 680)
image	0		(1107, 702)	(1115, 702)	(1115, 712)	(1107, 712)
image	0		(1107, 733)	(1115, 733)	(1115, 743)	(1107, 743)
image	0		(1107, 765)	(1115, 765)	(1115, 775)	(1107, 775)
image	0		(1107, 796)	(1115, 796)	(1115, 806)	(1107, 806)
image	0		(1107, 859)	(1115, 859)	(1115, 870)	(1107, 870)
image	0		(1065, 890)	(1074, 890)	(1074, 901)	(1065, 901)
image	0		(1107, 890)	(1116, 890)	(1116, 901)	(1107, 901)
image	0		(1065, 921)	(1074, 921)	(1074, 931)	(1065, 931)
image	0		(1107, 922)	(1116, 922)	(1116, 933)	(1107, 933)
image	0		(1107, 953)	(1115, 953)	(1115, 964)	(1107, 964)
image	0		(1107, 828)	(1115, 828)	(1115, 838)	(1107, 838)
image	0		(1107, 985)	(1116, 985)	(1116, 995)	(1107, 995)
image	0		(1107, 1017)	(1116, 1017)	(1116, 1027)	(1107, 1027)
image	0		(1107, 1048)	(1116, 1048)	(1116, 1058)	(1107, 1058)
image	0		(1150, 220)	(1159, 220)	(1159, 230)	(1150, 230)
image	0		(1150, 260)	(1158, 260)	(1158, 270)	(1150, 270)
image	0		(1150, 291)	(1159, 291)	(1159, 302)	(1150, 302)
image	0		(1150, 322)	(1159, 322)	(1159, 333)	(1150, 333)
image	0		(1150, 355)	(1158, 355)	(1158, 365)	(1150, 365)
image	0		(1150, 386)	(1159, 386)	(1159, 397)	(1150, 397)
image	0		(1150, 418)	(1158, 418)	(1158, 428)	(1150, 428)
image	28		(1142, 448)	(1159, 448)	(1159, 459)	(1142, 459)
image	0		(1150, 481)	(1159, 481)	(1159, 492)	(1150, 492)
image	0		(1150, 513)	(1158, 513)	(1158, 523)	(1150, 523)
image	0		(1150, 543)	(1159, 543)	(1159, 554)	(1150, 554)
image	0		(1150, 574)	(1159, 574)	(1159, 585)	(1150, 585)
image	0		(1150, 607)	(1159, 607)	(1159, 617)	(1150, 617)
image	0		(1150, 639)	(1159, 639)	(1159, 649)	(1150, 649)
image	0		(1150, 670)	(1159, 670)	(1159, 679)	(1150, 679)
image	O		(1150, 701)	(1158, 701)	(1158, 712)	(1150, 712)
image	rudnina		(1167, 701)	(1216, 701)	(1216, 712)	(1167, 712)
image	0		(1150, 733)	(1158, 733)	(1158, 743)	(1150, 743)
image	0		(1150, 764)	(1158, 764)	(1158, 775)	(1150, 775)
image	rudnina		(1166, 763)	(1215, 763)	(1215, 774)	(1166, 774)
image	0		(1150, 795)	(1158, 795)	(1158, 806)	(1150, 806)
image	rudnina		(1166, 795)	(1216, 796)	(1216, 807)	(1166, 806)
image	0		(1150, 827)	(1158, 827)	(1158, 837)	(1150, 837)
image	0		(1150, 858)	(1159, 858)	(1159, 868)	(1150, 868)
image	0		(1150, 890)	(1159, 890)	(1159, 901)	(1150, 901)
image	0		(1150, 921)	(1158, 921)	(1158, 931)	(1150, 931)
image	0		(1150, 953)	(1158, 953)	(1158, 963)	(1150, 963)
image	0		(1150, 984)	(1158, 984)	(1158, 994)	(1150, 994)
image	jiné		(1184, 177)	(1209, 177)	(1209, 191)	(1184, 191)
image	0		(1150, 1016)	(1159, 1016)	(1159, 1027)	(1150, 1027)
image	0		(1150, 1047)	(1159, 1047)	(1159, 1057)	(1150, 1057)
image	DATACE		(1270, 177)	(1323, 178)	(1323, 190)	(1270, 189)
image	BR		(1237, 217)	(1255, 217)	(1255, 231)	(1237, 231)
image	,		(1254, 217)	(1259, 217)	(1259, 231)	(1254, 231)
image	LUŽ		(1259, 217)	(1284, 217)	(1284, 231)	(1259, 231)
image	BR		(1238, 259)	(1254, 259)	(1254, 272)	(1238, 272)
image	,		(1254, 259)	(1259, 259)	(1259, 272)	(1254, 272)
image	LUŽ		(1259, 259)	(1283, 259)	(1283, 272)	(1259, 272)
image	BR		(1238, 289)	(1254, 289)	(1254, 304)	(1238, 304)
image	,		(1254, 289)	(1258, 289)	(1258, 304)	(1254, 304)
image	LUŽ		(1259, 289)	(1282, 289)	(1282, 304)	(1259, 304)
image	,		(1283, 289)	(1287, 289)	(1287, 304)	(1283, 304)
image	intr		(1287, 289)	(1310, 289)	(1310, 304)	(1287, 304)
image	.		(1310, 289)	(1314, 289)	(1314, 304)	(1310, 304)
image	VS		(1314, 289)	(1331, 289)	(1331, 304)	(1314, 304)
image	BR		(1238, 320)	(1254, 320)	(1254, 334)	(1238, 334)
image	,		(1254, 320)	(1258, 320)	(1258, 334)	(1254, 334)
image	LUŽ		(1259, 320)	(1283, 320)	(1283, 334)	(1259, 334)
image	BR		(1238, 354)	(1255, 354)	(1255, 364)	(1238, 364)
image	BR		(1238, 384)	(1253, 384)	(1253, 400)	(1238, 400)
image	,		(1254, 384)	(1258, 384)	(1258, 399)	(1254, 399)
image	LUŽ		(1257, 384)	(1282, 384)	(1282, 399)	(1257, 399)
image	,		(1282, 384)	(1286, 384)	(1286, 399)	(1282, 399)
image	intr.NV		(1286, 384)	(1333, 384)	(1333, 399)	(1286, 399)
image	BR		(1238, 416)	(1255, 416)	(1255, 430)	(1238, 430)
image	,		(1254, 416)	(1258, 416)	(1258, 430)	(1254, 430)
image	LUŽ		(1259, 416)	(1283, 416)	(1283, 430)	(1259, 430)
image	BR		(1238, 446)	(1254, 446)	(1254, 460)	(1238, 460)
image	,		(1254, 446)	(1259, 446)	(1259, 460)	(1254, 460)
image	LUŽ		(1259, 446)	(1283, 446)	(1283, 460)	(1259, 460)
image	BR		(1238, 478)	(1255, 479)	(1254, 492)	(1237, 491)
image	,		(1255, 478)	(1259, 478)	(1258, 491)	(1254, 491)
image	LUZ		(1259, 478)	(1284, 479)	(1283, 493)	(1258, 492)
image	BR		(1238, 510)	(1255, 511)	(1254, 524)	(1237, 523)
image	,		(1255, 510)	(1259, 510)	(1258, 523)	(1254, 523)
image	LUZ		(1259, 510)	(1284, 511)	(1283, 525)	(1258, 524)
image	BR		(1238, 541)	(1255, 541)	(1255, 555)	(1238, 555)
image	,		(1254, 541)	(1259, 541)	(1259, 555)	(1254, 555)
image	LUŽ		(1259, 541)	(1284, 541)	(1284, 555)	(1259, 555)
image	BR		(1238, 572)	(1255, 572)	(1255, 587)	(1238, 587)
image	,		(1254, 572)	(1259, 572)	(1259, 587)	(1254, 587)
image	LUŽ		(1259, 572)	(1282, 572)	(1282, 587)	(1259, 587)
image	BR		(1237, 604)	(1253, 604)	(1253, 618)	(1237, 618)
image	,		(1252, 604)	(1257, 604)	(1257, 617)	(1252, 617)
image	LUŽ		(1258, 603)	(1282, 602)	(1282, 616)	(1258, 617)
image	BR		(1238, 636)	(1254, 636)	(1254, 649)	(1238, 649)
image	,		(1254, 636)	(1259, 636)	(1259, 649)	(1254, 649)
image	LUŽ		(1259, 636)	(1283, 636)	(1283, 649)	(1259, 649)
image	BR		(1238, 667)	(1255, 667)	(1255, 681)	(1238, 681)
image	,		(1254, 667)	(1259, 667)	(1259, 681)	(1254, 681)
image	LUŽ		(1259, 667)	(1283, 667)	(1283, 681)	(1259, 681)
image	BR		(1238, 699)	(1255, 699)	(1255, 713)	(1238, 713)
image	,		(1254, 699)	(1259, 699)	(1259, 713)	(1254, 713)
image	LUŽ		(1259, 699)	(1284, 699)	(1284, 713)	(1259, 713)
image	BR		(1238, 730)	(1255, 730)	(1255, 744)	(1238, 744)
image	,		(1254, 730)	(1259, 730)	(1259, 744)	(1254, 744)
image	LUŽ		(1259, 730)	(1283, 730)	(1283, 744)	(1259, 744)
image	BR		(1238, 762)	(1254, 762)	(1254, 776)	(1238, 776)
image	,		(1255, 762)	(1259, 762)	(1259, 776)	(1255, 776)
image	LUŽ		(1259, 762)	(1283, 762)	(1283, 776)	(1259, 776)
image	,		(1283, 762)	(1287, 762)	(1287, 776)	(1283, 776)
image	MOHYL		(1287, 762)	(1336, 762)	(1336, 776)	(1287, 776)
image	.		(1336, 762)	(1340, 762)	(1340, 776)	(1336, 776)
image	BR		(1238, 794)	(1254, 794)	(1254, 807)	(1238, 807)
image	,		(1254, 794)	(1258, 794)	(1258, 807)	(1254, 807)
image	LUŽ		(1259, 794)	(1283, 794)	(1283, 807)	(1259, 807)
image	BR		(1238, 826)	(1254, 826)	(1254, 839)	(1238, 839)
image	,		(1254, 826)	(1259, 826)	(1259, 839)	(1254, 839)
image	LUŽ		(1259, 826)	(1283, 826)	(1283, 839)	(1259, 839)
image	LUŽ		(1238, 856)	(1261, 856)	(1261, 868)	(1238, 868)
image	LUŽ		(1237, 887)	(1262, 887)	(1262, 900)	(1237, 900)
image	LUŽ		(1238, 919)	(1261, 919)	(1261, 932)	(1238, 932)
image	LUŽ		(1238, 951)	(1262, 951)	(1262, 963)	(1238, 963)
image	LUŽ		(1238, 981)	(1261, 981)	(1261, 994)	(1238, 994)
image	LUŽ		(1238, 1013)	(1261, 1013)	(1261, 1026)	(1238, 1026)
image	LUŽ		(1237, 1045)	(1262, 1045)	(1262, 1057)	(1237, 1057)
image	korálek		(1365, 219)	(1413, 219)	(1413, 230)	(1365, 230)
image	poznámka		(1424, 177)	(1491, 176)	(1491, 190)	(1424, 191)
image	přetav.ker		(1365, 322)	(1433, 322)	(1433, 335)	(1365, 335)
image	.		(1432, 322)	(1437, 322)	(1437, 335)	(1432, 335)
image	část		(1365, 414)	(1392, 415)	(1391, 430)	(1364, 429)
image	nádoby		(1395, 415)	(1444, 417)	(1443, 432)	(1394, 430)
image	přetav.ker		(1365, 604)	(1433, 605)	(1433, 621)	(1365, 620)
image	.		(1432, 605)	(1436, 605)	(1436, 620)	(1432, 620)
image	přetav.maz		(1365, 700)	(1438, 702)	(1438, 716)	(1365, 714)
image	.		(1438, 702)	(1442, 702)	(1442, 715)	(1438, 715)
image	přetav.maz		(1365, 733)	(1437, 733)	(1437, 745)	(1365, 745)
image	.		(1438, 733)	(1442, 733)	(1442, 745)	(1438, 745)
image	přetav.ker		(1365, 763)	(1432, 764)	(1432, 777)	(1365, 776)
image	.		(1432, 764)	(1436, 764)	(1436, 776)	(1432, 776)
image	úzská		(1365, 826)	(1401, 826)	(1401, 838)	(1365, 838)
image	kanelace		(1405, 826)	(1462, 826)	(1462, 838)	(1405, 838)
image	tuhov.ker		(1364, 984)	(1428, 984)	(1428, 994)	(1364, 994)
image	.		(1428, 984)	(1432, 984)	(1432, 994)	(1428, 994)
image	přetav.ker		(1365, 1015)	(1432, 1016)	(1432, 1030)	(1365, 1029)
image	.		(1432, 1016)	(1436, 1016)	(1436, 1029)	(1432, 1029)
image	přetav.ker		(1365, 1046)	(1432, 1047)	(1432, 1060)	(1365, 1059)
image	.		(1432, 1047)	(1435, 1047)	(1435, 1059)	(1432, 1059)
