IMAGE_NAME	DESCRIPTION	LANGUAGE	BBOX_1	BBOX_2	BBOX_3	BBOX_4
image	"Čáslav - Skála 2003
poč| KONTEXT ČÁST VRSTV
A
0-10 461/03
462 sekt.3323
463 sekt.3323
464 sekt.3323
465 sekt.3323
466 sekt.3323
467 sekt.3323
468 sekt.3400
469 sekt.3400
470 sekt.3400
471 sekt.3400
472 sekt.3400
473 sekt.3400
474 sekt.3400
475 sekt.3400 halda
476 sekt.3401
477 sekt.3401
478 sekt.3401
479 sekt.3411
480 sekt.3411
481 sekt.3411
482 sekt.3411
483 sekt.3421
484 sekt.1404
485 sekt.1404
PŘIR_Č
0-10 462/03
0-10 463/03
0-10 464/03
10-20 465/03
10-20 466/03
10-20 467/03
468/03
469/03
470/03
471/03
472/03
povrch 473/03
sběr 474/03
0-10 475/03
10-20 476/03
10-30 477/03
0-10 478/03
10-20 479/03
20-30 480/03
30-40 481/03
0-10 482/03
0-10 483/03
10-20 484/03
K_ATY K_ZD K_PR K_N
P
OB
OF AD
0
3
1
38
3 0
24
7
15
33
4
48
37
25
5
2
33 2
32
3
12 3
33
1
3
2
41
7
0
4
0
19
73
40
1
0
1
28 1
0
5
6
1
1
9
0
2
0
základní zpracování
0
0
0
9
1
1
6
14
3
4
3
4
3
5
10
1
1
2
50
6
4
1
5
1 10
5
0
0
0
0
0
0
0
0
0
0
0
0
0
0
0
0
0
0
0
0
0
0
0
O
0
K_SU
ΜΑ
3
1
3
48
25
9
41
49
18
38
21
39
7
58
53
27
7
52
35
11
7
Ď
24
84
45
BI
0
0
0
OOO
0
0
0
0
0
OOOO
0
0
0
oooooo
0
0
0
0
0
0
0
0
0
0
0
0
ŠI mlýn BR
0
0
0
0
ܘ
ܘ
0
0
0
。。。。。。。
0
0
0
0
0
0
0
0
Ooo
0
0
0
0
0
0
0
0
0
0
0
To
0
0
0
0
0
Q
。。。。。。 o o o o o o
0
0
0
0 0
0
0
0
C
0
0
To
0
0
0
0
0
0
0
0
OOO
0
0
0
0
0
0
0
0
0
0
0
0
0
0
0
0
0
0
KA ΜΑ KO
63
0
1 1060
0 1080
0
0
1 1080
0
0 10
0
0
PL
900
0
2
0
114
16
2
0
0
1
4 132
1
3
｡s888 卡。。。
30
48
5 146
56
2 9
D
2 360
2
0
2
3 160
3 TO
1 142
270 189
0
0 ne
56
5
U
ne
243
20 180
2
35
ne
ne
27 ne
2 290 64
ne
0 ne
ne
65 ne
10
.
ne
0 ne
ne
0 28 ano
ne
ne
ne
ne
ne
ne
ne
168 ne
ne
ne
ano
KI
0
0
0
0
0
0
0
0
0
0
0
0
0
0
0
0
0
0
0
0
0
0
Dto bron
Z
0
0
0
0
0
0
0
0
0
0
0
0
0
0
0
0
4
0
0
0
0
0
0
0
0 0
0
0
0
0
0
0
0
0
0
ooooooo
HOO OOO OO
0
0 1
0
0
0
0
0
0
To
0
0
To
0
0
0
Fe
To
0
0
0
0
0
0
0
0
0
0
0
0
0
0
0
0
0
0
0
0
0
0
0
0
Str jiné
0 váp.S
uhl.108g
0 váp,s
uhl.540g
0 váp.s
uhl.400g
0
0
0 váp.s
uhl.350g
0
0
0
0
0
0
0
na
BR,intruze NV
BR střed./ml.
BR střed./ml.
BR střed./ml.
0
BR střed./ml.
O rudnina
BR střed./ml.
O surovina
BR střed./ml.
0
BR střed./ml.
0 Ka-sur., v BR střed./ml.
áp.U
0 Ka-sur.,v BR střed./ml.
áp.U
0 Ka-surovi BR střed./ml.
na
DATACE
BR střed./ml.
na
BR střed./ml.
BR střed./ml.
na
BR střed./ml.
BR střed./ml.
BR střed./ml.
0 Ka-surovi BR střed./ml.
BR střed./ml.
BR střed./ml.
BR střed./ml.
0 Ka-surovi BR střed./ml.
0
BR střed./ml.
0 Ka-surovi BR střed./ml.
nožka
poznámka
vnitřní výzdoba dna
zlomek nožky
maz.s otiskem"	und	(57, 73)	(1493, 73)	(1493, 1166)	(57, 1166)
image	Čáslav		(57, 73)	(113, 74)	(113, 92)	(57, 91)
image	-		(117, 74)	(128, 74)	(128, 91)	(117, 91)
image	Skála		(134, 74)	(180, 75)	(180, 93)	(134, 92)
image	2003		(185, 75)	(230, 76)	(230, 94)	(185, 93)
image	poč		(61, 177)	(85, 177)	(85, 191)	(61, 191)
image	|		(86, 177)	(92, 177)	(92, 190)	(86, 190)
image	KONTEXT		(98, 177)	(161, 177)	(161, 190)	(98, 190)
image	ČÁST		(182, 175)	(214, 175)	(214, 189)	(182, 189)
image	VRSTV		(233, 178)	(276, 178)	(276, 189)	(233, 189)
image	A		(249, 198)	(260, 198)	(260, 209)	(249, 209)
image	0-10		(231, 219)	(268, 220)	(268, 231)	(231, 230)
image	461/03		(287, 219)	(333, 219)	(333, 231)	(287, 231)
image	462		(61, 219)	(85, 219)	(85, 230)	(61, 230)
image	sekt.3323		(94, 219)	(157, 219)	(157, 230)	(94, 230)
image	463		(61, 259)	(86, 259)	(86, 272)	(61, 272)
image	sekt.3323		(93, 259)	(157, 259)	(157, 271)	(93, 271)
image	464		(61, 299)	(86, 299)	(86, 311)	(61, 311)
image	sekt.3323		(94, 299)	(157, 300)	(157, 312)	(94, 311)
image	465		(62, 340)	(87, 340)	(87, 352)	(62, 352)
image	sekt.3323		(94, 340)	(157, 341)	(157, 353)	(94, 352)
image	466		(62, 370)	(87, 370)	(87, 383)	(62, 383)
image	sekt.3323		(94, 370)	(158, 371)	(158, 384)	(94, 383)
image	467		(61, 404)	(86, 404)	(86, 416)	(61, 416)
image	sekt.3323		(94, 404)	(158, 404)	(158, 416)	(94, 416)
image	468		(61, 444)	(86, 444)	(86, 455)	(61, 455)
image	sekt.3400		(94, 444)	(157, 444)	(157, 455)	(94, 455)
image	469		(61, 476)	(86, 476)	(86, 488)	(61, 488)
image	sekt.3400		(94, 476)	(157, 476)	(157, 488)	(94, 488)
image	470		(61, 506)	(85, 506)	(85, 519)	(61, 519)
image	sekt.3400		(93, 506)	(156, 506)	(156, 518)	(93, 518)
image	471		(62, 539)	(85, 539)	(85, 550)	(62, 550)
image	sekt.3400		(94, 539)	(158, 539)	(158, 550)	(94, 550)
image	472		(61, 570)	(85, 570)	(85, 581)	(61, 581)
image	sekt.3400		(94, 570)	(157, 570)	(157, 581)	(94, 581)
image	473		(61, 601)	(86, 601)	(86, 613)	(61, 613)
image	sekt.3400		(94, 600)	(157, 601)	(157, 614)	(94, 613)
image	474		(61, 633)	(85, 633)	(85, 644)	(61, 644)
image	sekt.3400		(94, 633)	(157, 633)	(157, 644)	(94, 644)
image	475		(61, 664)	(85, 664)	(85, 676)	(61, 676)
image	sekt.3400		(93, 664)	(156, 664)	(156, 675)	(93, 675)
image	halda		(174, 665)	(210, 665)	(210, 676)	(174, 676)
image	476		(62, 696)	(86, 696)	(86, 707)	(62, 707)
image	sekt.3401		(94, 696)	(157, 696)	(157, 707)	(94, 707)
image	477		(61, 727)	(86, 727)	(86, 739)	(61, 739)
image	sekt.3401		(94, 727)	(158, 728)	(158, 740)	(94, 739)
image	478		(61, 759)	(86, 759)	(86, 771)	(61, 771)
image	sekt.3401		(94, 759)	(158, 759)	(158, 771)	(94, 771)
image	479		(61, 791)	(85, 791)	(85, 802)	(61, 802)
image	sekt.3411		(94, 791)	(157, 792)	(157, 803)	(94, 802)
image	480		(61, 831)	(85, 831)	(85, 843)	(61, 843)
image	sekt.3411		(94, 831)	(158, 832)	(158, 844)	(94, 843)
image	481		(61, 871)	(85, 871)	(85, 883)	(61, 883)
image	sekt.3411		(93, 871)	(156, 870)	(156, 881)	(93, 882)
image	482		(61, 911)	(85, 911)	(85, 923)	(61, 923)
image	sekt.3411		(93, 911)	(156, 910)	(156, 921)	(93, 922)
image	483		(62, 953)	(85, 953)	(85, 965)	(62, 965)
image	sekt.3421		(94, 953)	(157, 953)	(157, 965)	(94, 965)
image	484		(61, 994)	(85, 994)	(85, 1006)	(61, 1006)
image	sekt.1404		(95, 994)	(158, 994)	(158, 1006)	(95, 1006)
image	485		(61, 1025)	(86, 1025)	(86, 1036)	(61, 1036)
image	sekt.1404		(94, 1025)	(158, 1025)	(158, 1036)	(94, 1036)
image	PŘIR_Č		(303, 174)	(349, 175)	(349, 191)	(303, 190)
image	0-10		(231, 261)	(266, 261)	(266, 271)	(231, 271)
image	462/03		(286, 260)	(334, 260)	(334, 273)	(286, 273)
image	0-10		(231, 300)	(267, 300)	(267, 311)	(231, 311)
image	463/03		(287, 300)	(334, 300)	(334, 312)	(287, 312)
image	0-10		(231, 342)	(267, 342)	(267, 352)	(231, 352)
image	464/03		(286, 341)	(334, 341)	(334, 353)	(286, 353)
image	10-20		(231, 372)	(275, 372)	(275, 384)	(231, 384)
image	465/03		(287, 372)	(334, 372)	(334, 384)	(287, 384)
image	10-20		(231, 404)	(275, 404)	(275, 416)	(231, 416)
image	466/03		(287, 404)	(334, 404)	(334, 416)	(287, 416)
image	10-20		(231, 444)	(275, 444)	(275, 456)	(231, 456)
image	467/03		(287, 444)	(334, 444)	(334, 456)	(287, 456)
image	468/03		(286, 476)	(335, 477)	(335, 489)	(286, 488)
image	469/03		(287, 507)	(333, 507)	(333, 519)	(287, 519)
image	470/03		(286, 539)	(335, 539)	(335, 551)	(286, 551)
image	471/03		(287, 570)	(335, 570)	(335, 582)	(287, 582)
image	472/03		(287, 603)	(334, 603)	(334, 615)	(287, 615)
image	povrch		(231, 633)	(276, 633)	(276, 646)	(231, 646)
image	473/03		(287, 633)	(335, 633)	(335, 646)	(287, 646)
image	sběr		(230, 665)	(259, 665)	(259, 676)	(230, 676)
image	474/03		(287, 665)	(334, 665)	(334, 677)	(287, 677)
image	0-10		(231, 697)	(268, 697)	(268, 707)	(231, 707)
image	475/03		(286, 696)	(334, 696)	(334, 708)	(286, 708)
image	10-20		(231, 729)	(274, 729)	(274, 741)	(231, 741)
image	476/03		(286, 729)	(333, 729)	(333, 741)	(286, 741)
image	10-30		(231, 758)	(276, 758)	(276, 772)	(231, 772)
image	477/03		(287, 758)	(334, 758)	(334, 772)	(287, 772)
image	0-10		(231, 790)	(268, 791)	(268, 802)	(231, 801)
image	478/03		(287, 789)	(335, 790)	(335, 803)	(287, 802)
image	10-20		(232, 828)	(276, 829)	(276, 843)	(232, 842)
image	479/03		(287, 829)	(335, 830)	(335, 844)	(287, 843)
image	20-30		(231, 871)	(276, 872)	(276, 884)	(231, 883)
image	480/03		(287, 871)	(334, 872)	(334, 885)	(287, 884)
image	30-40		(231, 911)	(276, 911)	(276, 924)	(231, 924)
image	481/03		(287, 911)	(335, 911)	(335, 924)	(287, 924)
image	0-10		(231, 953)	(267, 953)	(267, 963)	(231, 963)
image	482/03		(287, 953)	(334, 953)	(334, 965)	(287, 965)
image	0-10		(230, 994)	(266, 994)	(266, 1004)	(230, 1004)
image	483/03		(287, 994)	(333, 995)	(333, 1008)	(287, 1007)
image	10-20		(231, 1024)	(276, 1025)	(276, 1037)	(231, 1036)
image	484/03		(287, 1024)	(334, 1025)	(334, 1038)	(287, 1037)
image	K_ATY		(376, 178)	(420, 178)	(420, 190)	(376, 190)
image	K_ZD		(430, 178)	(463, 178)	(463, 190)	(430, 190)
image	K_PR		(472, 178)	(506, 178)	(506, 190)	(472, 190)
image	K_N		(518, 178)	(545, 178)	(545, 190)	(518, 190)
image	P		(392, 198)	(403, 198)	(403, 209)	(392, 209)
image	OB		(437, 198)	(456, 198)	(456, 209)	(437, 209)
image	OF		(479, 198)	(498, 198)	(498, 209)	(479, 209)
image	AD		(521, 197)	(541, 197)	(541, 209)	(521, 209)
image	0		(497, 220)	(506, 220)	(506, 230)	(497, 230)
image	3		(412, 219)	(421, 219)	(421, 231)	(412, 231)
image	1		(413, 260)	(422, 260)	(422, 271)	(413, 271)
image	38		(405, 341)	(421, 341)	(421, 351)	(405, 351)
image	3		(412, 300)	(422, 300)	(422, 311)	(412, 311)
image	0		(455, 301)	(464, 301)	(464, 311)	(455, 311)
image	24		(405, 373)	(422, 373)	(422, 383)	(405, 383)
image	7		(412, 404)	(422, 404)	(422, 415)	(412, 415)
image	15		(405, 571)	(420, 571)	(420, 581)	(405, 581)
image	33		(405, 602)	(420, 602)	(420, 613)	(405, 613)
image	4		(412, 633)	(421, 633)	(421, 644)	(412, 644)
image	48		(405, 665)	(421, 665)	(421, 676)	(405, 676)
image	37		(405, 696)	(421, 696)	(421, 708)	(405, 708)
image	25		(405, 728)	(421, 728)	(421, 739)	(405, 739)
image	5		(412, 759)	(422, 759)	(422, 770)	(412, 770)
image	2		(407, 799)	(407, 788)	(418, 788)	(418, 799)
image	33		(405, 444)	(420, 444)	(420, 455)	(405, 455)
image	2		(454, 445)	(464, 445)	(464, 456)	(454, 456)
image	32		(405, 476)	(421, 476)	(421, 487)	(405, 487)
image	3		(455, 476)	(464, 476)	(464, 487)	(455, 487)
image	12		(405, 508)	(422, 508)	(422, 518)	(405, 518)
image	3		(455, 507)	(464, 507)	(464, 519)	(455, 519)
image	33		(405, 539)	(420, 539)	(420, 550)	(405, 550)
image	1		(455, 539)	(463, 539)	(463, 550)	(455, 550)
image	3		(455, 570)	(464, 570)	(464, 582)	(455, 582)
image	2		(455, 603)	(464, 603)	(464, 614)	(455, 614)
image	41		(405, 791)	(421, 791)	(421, 801)	(405, 801)
image	7		(412, 872)	(422, 872)	(422, 883)	(412, 883)
image	0		(455, 219)	(464, 219)	(464, 230)	(455, 230)
image	4		(412, 912)	(421, 912)	(421, 922)	(412, 922)
image	0		(455, 260)	(464, 260)	(464, 270)	(455, 270)
image	19		(406, 954)	(420, 954)	(420, 964)	(406, 964)
image	73		(405, 994)	(420, 994)	(420, 1005)	(405, 1005)
image	40		(405, 1025)	(420, 1025)	(420, 1036)	(405, 1036)
image	1		(455, 341)	(463, 341)	(463, 352)	(455, 352)
image	0		(455, 373)	(464, 373)	(464, 384)	(455, 384)
image	1		(456, 405)	(464, 405)	(464, 415)	(456, 415)
image	28		(404, 831)	(421, 831)	(421, 841)	(404, 841)
image	1		(455, 831)	(464, 831)	(464, 842)	(455, 842)
image	0		(455, 633)	(464, 633)	(464, 644)	(455, 644)
image	5		(455, 665)	(464, 665)	(464, 676)	(455, 676)
image	6		(455, 697)	(463, 697)	(463, 708)	(455, 708)
image	1		(456, 728)	(464, 728)	(464, 739)	(456, 739)
image	1		(455, 759)	(464, 759)	(464, 770)	(455, 770)
image	9		(455, 791)	(465, 791)	(465, 802)	(455, 802)
image	0		(455, 871)	(464, 871)	(464, 882)	(455, 882)
image	2		(454, 912)	(464, 912)	(464, 922)	(454, 922)
image	0		(455, 953)	(464, 953)	(464, 964)	(455, 964)
image	základní		(470, 74)	(545, 75)	(545, 94)	(470, 93)
image	zpracování		(548, 75)	(646, 76)	(646, 95)	(548, 94)
image	0		(455, 1026)	(464, 1026)	(464, 1036)	(455, 1036)
image	0		(498, 261)	(506, 261)	(506, 271)	(498, 271)
image	0		(498, 301)	(507, 301)	(507, 311)	(498, 311)
image	9		(498, 342)	(507, 342)	(507, 353)	(498, 353)
image	1		(499, 372)	(507, 372)	(507, 382)	(499, 382)
image	1		(498, 405)	(506, 405)	(506, 415)	(498, 415)
image	6		(498, 445)	(506, 445)	(506, 455)	(498, 455)
image	14		(490, 477)	(506, 477)	(506, 487)	(490, 487)
image	3		(498, 507)	(507, 507)	(507, 518)	(498, 518)
image	4		(498, 540)	(506, 540)	(506, 549)	(498, 549)
image	3		(498, 570)	(506, 570)	(506, 581)	(498, 581)
image	4		(498, 603)	(506, 603)	(506, 613)	(498, 613)
image	3		(498, 633)	(506, 633)	(506, 644)	(498, 644)
image	5		(498, 666)	(507, 666)	(507, 676)	(498, 676)
image	10		(490, 697)	(505, 697)	(505, 707)	(490, 707)
image	1		(498, 728)	(507, 728)	(507, 739)	(498, 739)
image	1		(498, 760)	(507, 760)	(507, 771)	(498, 771)
image	2		(497, 791)	(507, 791)	(507, 801)	(497, 801)
image	50		(507, 829)	(507, 842)	(499, 842)	(499, 829)
image	6		(498, 832)	(506, 832)	(506, 841)	(498, 841)
image	4		(498, 873)	(506, 873)	(506, 883)	(498, 883)
image	1		(498, 912)	(506, 912)	(506, 922)	(498, 922)
image	5		(497, 953)	(506, 953)	(506, 964)	(497, 964)
image	1		(455, 994)	(464, 994)	(464, 1005)	(455, 1005)
image	10		(490, 994)	(505, 994)	(505, 1005)	(490, 1005)
image	5		(498, 1025)	(507, 1025)	(507, 1035)	(498, 1035)
image	0		(540, 219)	(550, 219)	(550, 230)	(540, 230)
image	0		(540, 260)	(549, 260)	(549, 271)	(540, 271)
image	0		(540, 300)	(549, 300)	(549, 311)	(540, 311)
image	0		(540, 342)	(549, 342)	(549, 352)	(540, 352)
image	0		(540, 372)	(550, 372)	(550, 383)	(540, 383)
image	0		(540, 403)	(550, 403)	(550, 414)	(540, 414)
image	0		(540, 445)	(549, 445)	(549, 455)	(540, 455)
image	0		(540, 477)	(548, 477)	(548, 488)	(540, 488)
image	0		(540, 508)	(549, 508)	(549, 518)	(540, 518)
image	0		(540, 540)	(549, 540)	(549, 550)	(540, 550)
image	0		(540, 571)	(549, 571)	(549, 581)	(540, 581)
image	0		(540, 602)	(549, 602)	(549, 612)	(540, 612)
image	0		(540, 633)	(549, 633)	(549, 643)	(540, 643)
image	0		(540, 665)	(549, 665)	(549, 675)	(540, 675)
image	0		(540, 696)	(549, 696)	(549, 707)	(540, 707)
image	0		(540, 728)	(549, 728)	(549, 739)	(540, 739)
image	0		(540, 759)	(549, 759)	(549, 770)	(540, 770)
image	0		(540, 791)	(549, 791)	(549, 802)	(540, 802)
image	0		(540, 832)	(549, 832)	(549, 842)	(540, 842)
image	0		(540, 873)	(548, 873)	(548, 884)	(540, 884)
image	0		(540, 913)	(548, 913)	(548, 924)	(540, 924)
image	0		(541, 954)	(549, 954)	(549, 964)	(541, 964)
image	0		(540, 994)	(550, 994)	(550, 1005)	(540, 1005)
image	O		(541, 1035)	(541, 1024)	(549, 1024)	(549, 1035)
image	0		(540, 1025)	(550, 1025)	(550, 1036)	(540, 1036)
image	K_SU		(563, 178)	(597, 177)	(597, 190)	(563, 191)
image	ΜΑ		(568, 196)	(591, 196)	(591, 211)	(568, 211)
image	3		(597, 219)	(607, 219)	(607, 231)	(597, 231)
image	1		(598, 261)	(605, 261)	(605, 271)	(598, 271)
image	3		(596, 299)	(606, 299)	(606, 310)	(596, 310)
image	48		(588, 341)	(605, 341)	(605, 352)	(588, 352)
image	25		(588, 372)	(605, 372)	(605, 383)	(588, 383)
image	9		(597, 405)	(606, 405)	(606, 416)	(597, 416)
image	41		(589, 444)	(605, 444)	(605, 454)	(589, 454)
image	49		(589, 476)	(606, 476)	(606, 487)	(589, 487)
image	18		(589, 507)	(605, 507)	(605, 518)	(589, 518)
image	38		(589, 539)	(606, 539)	(606, 550)	(589, 550)
image	21		(589, 570)	(605, 570)	(605, 580)	(589, 580)
image	39		(589, 602)	(605, 602)	(605, 613)	(589, 613)
image	7		(596, 633)	(605, 633)	(605, 644)	(596, 644)
image	58		(589, 665)	(605, 665)	(605, 675)	(589, 675)
image	53		(589, 696)	(605, 696)	(605, 707)	(589, 707)
image	27		(588, 728)	(605, 728)	(605, 739)	(588, 739)
image	7		(597, 759)	(606, 759)	(606, 770)	(597, 770)
image	52		(588, 791)	(606, 791)	(606, 802)	(588, 802)
image	35		(589, 830)	(606, 830)	(606, 842)	(589, 842)
image	11		(589, 873)	(606, 873)	(606, 883)	(589, 883)
image	7		(597, 913)	(606, 913)	(606, 924)	(597, 924)
image	Ď		(592, 963)	(592, 949)	(604, 949)	(604, 963)
image	24		(589, 953)	(605, 953)	(605, 963)	(589, 963)
image	84		(589, 994)	(607, 994)	(607, 1005)	(589, 1005)
image	45		(589, 1025)	(604, 1025)	(604, 1036)	(589, 1036)
image	BI		(624, 178)	(637, 178)	(637, 189)	(624, 189)
image	0		(640, 220)	(649, 220)	(649, 230)	(640, 230)
image	0		(639, 261)	(648, 261)	(648, 271)	(639, 271)
image	0		(640, 300)	(649, 300)	(649, 310)	(640, 310)
image	OOO		(639, 341)	(646, 341)	(647, 415)	(640, 415)
image	0		(640, 342)	(649, 342)	(649, 352)	(640, 352)
image	0		(639, 373)	(648, 373)	(648, 383)	(639, 383)
image	0		(639, 405)	(648, 405)	(648, 415)	(639, 415)
image	0		(640, 444)	(650, 444)	(650, 454)	(640, 454)
image	0		(640, 477)	(648, 477)	(648, 487)	(640, 487)
image	OOOO		(638, 579)	(639, 477)	(649, 477)	(648, 579)
image	0		(640, 507)	(648, 507)	(648, 517)	(640, 517)
image	0		(640, 570)	(649, 570)	(649, 580)	(640, 580)
image	0		(640, 602)	(649, 602)	(649, 612)	(640, 612)
image	oooooo		(639, 632)	(646, 632)	(646, 802)	(639, 802)
image	0		(640, 633)	(650, 633)	(650, 643)	(640, 643)
image	0		(639, 665)	(649, 665)	(649, 675)	(639, 675)
image	0		(639, 695)	(649, 695)	(649, 706)	(639, 706)
image	0		(639, 728)	(649, 728)	(649, 738)	(639, 738)
image	0		(639, 759)	(649, 759)	(649, 769)	(639, 769)
image	0		(640, 791)	(649, 791)	(649, 802)	(640, 802)
image	0		(639, 831)	(648, 831)	(648, 842)	(639, 842)
image	0		(639, 872)	(648, 872)	(648, 883)	(639, 883)
image	0		(640, 912)	(649, 912)	(649, 923)	(640, 923)
image	0		(639, 953)	(648, 953)	(648, 964)	(639, 964)
image	0		(639, 994)	(648, 994)	(648, 1004)	(639, 1004)
image	0		(639, 1025)	(648, 1025)	(648, 1035)	(639, 1035)
image	ŠI		(667, 177)	(679, 177)	(679, 190)	(667, 190)
image	mlýn		(700, 177)	(732, 177)	(732, 192)	(700, 192)
image	BR		(749, 177)	(767, 177)	(767, 191)	(749, 191)
image	0		(682, 219)	(692, 219)	(692, 230)	(682, 230)
image	0		(682, 261)	(691, 261)	(691, 271)	(682, 271)
image	0		(682, 301)	(691, 301)	(691, 311)	(682, 311)
image	0		(682, 342)	(690, 342)	(690, 352)	(682, 352)
image	ܘ		(680, 377)	(696, 377)	(696, 381)	(680, 381)
image	ܘ		(680, 345)	(696, 345)	(696, 349)	(680, 349)
image	0		(682, 371)	(692, 371)	(692, 382)	(682, 382)
image	0		(682, 405)	(691, 405)	(691, 415)	(682, 415)
image	0		(682, 445)	(690, 445)	(690, 456)	(682, 456)
image	。。。。。。。		(692, 476)	(692, 676)	(683, 676)	(683, 476)
image	0		(682, 477)	(690, 477)	(690, 488)	(682, 488)
image	0		(682, 508)	(691, 508)	(691, 518)	(682, 518)
image	0		(682, 540)	(691, 540)	(691, 550)	(682, 550)
image	0		(682, 571)	(691, 571)	(691, 581)	(682, 581)
image	0		(682, 603)	(690, 603)	(690, 613)	(682, 613)
image	0		(682, 634)	(691, 634)	(691, 644)	(682, 644)
image	0		(682, 666)	(691, 666)	(691, 676)	(682, 676)
image	0		(682, 697)	(691, 697)	(691, 707)	(682, 707)
image	Ooo		(682, 803)	(680, 727)	(689, 727)	(691, 803)
image	0		(682, 831)	(691, 831)	(691, 842)	(682, 842)
image	0		(682, 873)	(690, 873)	(690, 884)	(682, 884)
image	0		(682, 913)	(691, 913)	(691, 923)	(682, 923)
image	0		(682, 953)	(690, 953)	(690, 963)	(682, 963)
image	0		(682, 994)	(692, 994)	(692, 1005)	(682, 1005)
image	0		(682, 1025)	(691, 1025)	(691, 1035)	(682, 1035)
image	0		(725, 219)	(734, 219)	(734, 229)	(725, 229)
image	0		(724, 261)	(733, 261)	(733, 271)	(724, 271)
image	0		(725, 301)	(734, 301)	(734, 311)	(725, 311)
image	0		(724, 342)	(733, 342)	(733, 352)	(724, 352)
image	0		(725, 373)	(734, 373)	(734, 383)	(725, 383)
image	To		(726, 396)	(736, 396)	(736, 411)	(726, 411)
image	0		(725, 405)	(733, 405)	(733, 415)	(725, 415)
image	0		(725, 444)	(734, 444)	(734, 455)	(725, 455)
image	0		(725, 508)	(733, 508)	(733, 518)	(725, 518)
image	0		(725, 540)	(733, 540)	(733, 550)	(725, 550)
image	0		(725, 571)	(733, 571)	(733, 581)	(725, 581)
image	Q		(727, 444)	(734, 444)	(734, 455)	(727, 455)
image	。。。。。。		(765, 441)	(773, 441)	(772, 612)	(764, 612)
image	o		(765, 630)	(773, 630)	(773, 643)	(765, 643)
image	o		(765, 662)	(773, 662)	(773, 675)	(765, 675)
image	o		(765, 693)	(773, 693)	(773, 706)	(765, 706)
image	o		(765, 725)	(773, 725)	(773, 737)	(765, 737)
image	o		(765, 756)	(773, 756)	(773, 768)	(765, 768)
image	o		(764, 788)	(772, 788)	(772, 799)	(764, 799)
image	0		(725, 603)	(734, 603)	(734, 613)	(725, 613)
image	0		(725, 634)	(734, 634)	(734, 644)	(725, 644)
image	0		(725, 666)	(733, 666)	(733, 676)	(725, 676)
image	0		(725, 477)	(734, 477)	(734, 488)	(725, 488)
image	0		(767, 477)	(775, 477)	(775, 487)	(767, 487)
image	0		(725, 696)	(734, 696)	(734, 707)	(725, 707)
image	0		(725, 729)	(733, 729)	(733, 739)	(725, 739)
image	0		(725, 759)	(734, 759)	(734, 770)	(725, 770)
image	C		(733, 790)	(733, 801)	(726, 801)	(726, 790)
image	0		(725, 791)	(734, 791)	(734, 802)	(725, 802)
image	0		(724, 831)	(733, 831)	(733, 841)	(724, 841)
image	To		(724, 863)	(736, 863)	(736, 883)	(724, 883)
image	0		(725, 873)	(733, 873)	(733, 884)	(725, 884)
image	0		(725, 913)	(733, 913)	(733, 924)	(725, 924)
image	0		(725, 954)	(734, 954)	(734, 964)	(725, 964)
image	0		(767, 220)	(776, 220)	(776, 230)	(767, 230)
image	0		(724, 993)	(733, 993)	(733, 1004)	(724, 1004)
image	0		(767, 261)	(775, 261)	(775, 271)	(767, 271)
image	0		(725, 1026)	(734, 1026)	(734, 1036)	(725, 1036)
image	0		(767, 301)	(775, 301)	(775, 311)	(767, 311)
image	OOO		(774, 341)	(774, 414)	(766, 414)	(766, 341)
image	0		(767, 342)	(776, 342)	(776, 352)	(767, 352)
image	0		(767, 405)	(775, 405)	(775, 415)	(767, 415)
image	0		(767, 445)	(776, 445)	(776, 455)	(767, 455)
image	0		(767, 508)	(775, 508)	(775, 518)	(767, 518)
image	0		(767, 539)	(775, 539)	(775, 549)	(767, 549)
image	0		(767, 570)	(775, 570)	(775, 580)	(767, 580)
image	0		(767, 602)	(776, 602)	(776, 612)	(767, 612)
image	0		(767, 634)	(776, 634)	(776, 644)	(767, 644)
image	0		(767, 665)	(775, 665)	(775, 675)	(767, 675)
image	0		(766, 696)	(776, 696)	(776, 707)	(766, 707)
image	0		(767, 759)	(776, 759)	(776, 770)	(767, 770)
image	0		(767, 791)	(776, 791)	(776, 802)	(767, 802)
image	0		(767, 832)	(776, 832)	(776, 842)	(767, 842)
image	0		(767, 873)	(776, 873)	(776, 883)	(767, 883)
image	0		(767, 913)	(776, 913)	(776, 923)	(767, 923)
image	0		(767, 954)	(776, 954)	(776, 964)	(767, 964)
image	0		(767, 994)	(776, 994)	(776, 1004)	(767, 1004)
image	0		(767, 1025)	(776, 1025)	(776, 1035)	(767, 1035)
image	KA		(792, 178)	(811, 178)	(811, 189)	(792, 189)
image	ΜΑ		(833, 179)	(855, 179)	(855, 189)	(833, 189)
image	KO		(877, 178)	(894, 178)	(894, 189)	(877, 189)
image	63		(782, 1154)	(800, 1154)	(800, 1166)	(782, 1166)
image	0		(809, 219)	(818, 219)	(818, 230)	(809, 230)
image	1		(810, 261)	(818, 261)	(818, 271)	(810, 271)
image	1060		(828, 260)	(861, 260)	(861, 270)	(828, 270)
image	0		(809, 301)	(817, 301)	(817, 311)	(809, 311)
image	1080		(828, 300)	(860, 300)	(860, 310)	(828, 310)
image	0		(809, 341)	(818, 341)	(818, 351)	(809, 351)
image	0		(809, 373)	(818, 373)	(818, 383)	(809, 383)
image	1		(810, 405)	(818, 405)	(818, 415)	(810, 415)
image	1080		(828, 405)	(860, 405)	(860, 415)	(828, 415)
image	0		(809, 477)	(818, 477)	(818, 487)	(809, 487)
image	0		(809, 445)	(818, 445)	(818, 455)	(809, 455)
image	10		(845, 444)	(861, 444)	(861, 455)	(845, 455)
image	0		(809, 508)	(818, 508)	(818, 518)	(809, 518)
image	0		(809, 540)	(818, 540)	(818, 550)	(809, 550)
image	PL		(806, 577)	(806, 552)	(821, 552)	(821, 577)
image	900		(836, 219)	(861, 219)	(861, 229)	(836, 229)
image	0		(809, 571)	(818, 571)	(818, 581)	(809, 581)
image	2		(809, 602)	(819, 602)	(819, 612)	(809, 612)
image	0		(809, 634)	(818, 634)	(818, 644)	(809, 644)
image	114		(836, 341)	(863, 341)	(863, 352)	(836, 352)
image	16		(845, 372)	(861, 372)	(861, 383)	(845, 383)
image	2		(809, 913)	(818, 913)	(818, 923)	(809, 923)
image	0		(852, 477)	(861, 477)	(861, 487)	(852, 487)
image	0		(809, 666)	(818, 666)	(818, 676)	(809, 676)
image	1		(810, 696)	(818, 696)	(818, 707)	(810, 707)
image	4		(809, 727)	(818, 727)	(818, 738)	(809, 738)
image	132		(836, 728)	(862, 728)	(862, 738)	(836, 738)
image	1		(809, 759)	(818, 759)	(818, 770)	(809, 770)
image	3		(809, 791)	(818, 791)	(818, 803)	(809, 803)
image	｡s888		(835, 800)	(838, 663)	(862, 664)	(859, 801)
image	卡		(839, 646)	(839, 632)	(862, 632)	(862, 646)
image	。。。		(839, 611)	(841, 538)	(865, 539)	(863, 612)
image	30		(887, 445)	(904, 445)	(904, 456)	(887, 456)
image	48		(886, 476)	(904, 476)	(904, 487)	(886, 487)
image	5		(852, 508)	(861, 508)	(861, 519)	(852, 519)
image	146		(879, 507)	(904, 507)	(904, 518)	(879, 518)
image	56		(844, 759)	(860, 759)	(860, 770)	(844, 770)
image	2		(808, 831)	(818, 831)	(818, 842)	(808, 842)
image	9		(851, 831)	(861, 831)	(861, 842)	(851, 842)
image	D		(851, 839)	(851, 828)	(859, 828)	(859, 839)
image	2		(808, 872)	(818, 872)	(818, 883)	(808, 883)
image	360		(836, 872)	(862, 872)	(862, 883)	(836, 883)
image	2		(893, 219)	(904, 219)	(904, 230)	(893, 230)
image	0		(895, 261)	(904, 261)	(904, 271)	(895, 271)
image	2		(894, 301)	(903, 301)	(903, 311)	(894, 311)
image	3		(809, 953)	(817, 953)	(817, 963)	(809, 963)
image	160		(837, 952)	(861, 952)	(861, 964)	(837, 964)
image	3		(903, 341)	(903, 353)	(893, 353)	(893, 341)
image	TO		(903, 370)	(903, 415)	(893, 415)	(893, 370)
image	1		(810, 1026)	(818, 1026)	(818, 1036)	(810, 1036)
image	142		(837, 1025)	(861, 1025)	(861, 1036)	(837, 1036)
image	270		(836, 696)	(861, 696)	(861, 707)	(836, 707)
image	189		(879, 696)	(905, 696)	(905, 707)	(879, 707)
image	0		(895, 634)	(904, 634)	(904, 644)	(895, 644)
image	0		(895, 405)	(904, 405)	(904, 415)	(895, 415)
image	ne		(930, 407)	(945, 407)	(945, 415)	(930, 415)
image	56		(887, 729)	(903, 729)	(903, 740)	(887, 740)
image	5		(895, 759)	(904, 759)	(904, 769)	(895, 769)
image	U		(923, 178)	(935, 178)	(935, 189)	(923, 189)
image	ne		(930, 222)	(945, 222)	(945, 230)	(930, 230)
image	243		(879, 831)	(903, 831)	(903, 842)	(879, 842)
image	20		(844, 912)	(861, 912)	(861, 923)	(844, 923)
image	180		(879, 912)	(904, 912)	(904, 923)	(879, 923)
image	2		(944, 260)	(944, 272)	(933, 272)	(933, 260)
image	35		(887, 873)	(902, 873)	(902, 884)	(887, 884)
image	ne		(930, 263)	(946, 263)	(946, 272)	(930, 272)
image	ne		(930, 303)	(945, 303)	(945, 310)	(930, 310)
image	27		(887, 539)	(902, 539)	(902, 550)	(887, 550)
image	ne		(930, 541)	(945, 541)	(945, 549)	(930, 549)
image	2		(809, 994)	(819, 994)	(819, 1004)	(809, 1004)
image	290		(836, 994)	(861, 994)	(861, 1004)	(836, 1004)
image	64		(887, 994)	(902, 994)	(902, 1004)	(887, 1004)
image	ne		(930, 344)	(945, 344)	(945, 352)	(930, 352)
image	0		(895, 570)	(903, 570)	(903, 580)	(895, 580)
image	ne		(930, 572)	(945, 572)	(945, 580)	(930, 580)
image	ne		(930, 375)	(946, 375)	(946, 383)	(930, 383)
image	65		(887, 603)	(901, 603)	(901, 613)	(887, 613)
image	ne		(930, 605)	(946, 605)	(946, 612)	(930, 612)
image	10		(887, 1025)	(902, 1025)	(902, 1036)	(887, 1036)
image	.		(929, 439)	(929, 434)	(946, 434)	(946, 439)
image	ne		(930, 447)	(947, 447)	(947, 455)	(930, 455)
image	0		(895, 665)	(903, 665)	(903, 675)	(895, 675)
image	ne		(930, 668)	(946, 668)	(946, 676)	(930, 676)
image	ne		(930, 478)	(945, 478)	(945, 486)	(930, 486)
image	0		(852, 791)	(861, 791)	(861, 802)	(852, 802)
image	28		(886, 792)	(903, 792)	(903, 803)	(886, 803)
image	ano		(921, 794)	(947, 794)	(947, 802)	(921, 802)
image	ne		(930, 509)	(945, 509)	(945, 517)	(930, 517)
image	ne		(930, 636)	(946, 636)	(946, 644)	(930, 644)
image	ne		(930, 699)	(946, 699)	(946, 707)	(930, 707)
image	ne		(930, 731)	(947, 731)	(947, 739)	(930, 739)
image	ne		(930, 762)	(946, 762)	(946, 770)	(930, 770)
image	ne		(930, 834)	(946, 834)	(946, 842)	(930, 842)
image	ne		(930, 875)	(946, 875)	(946, 883)	(930, 883)
image	168		(879, 953)	(905, 953)	(905, 964)	(879, 964)
image	ne		(930, 956)	(946, 956)	(946, 964)	(930, 964)
image	ne		(930, 915)	(945, 915)	(945, 922)	(930, 922)
image	ne		(930, 997)	(946, 997)	(946, 1005)	(930, 1005)
image	ano		(921, 1028)	(945, 1028)	(945, 1036)	(921, 1036)
image	KI		(965, 178)	(978, 178)	(978, 189)	(965, 189)
image	0		(979, 219)	(988, 219)	(988, 230)	(979, 230)
image	0		(980, 261)	(989, 261)	(989, 271)	(980, 271)
image	0		(979, 301)	(988, 301)	(988, 311)	(979, 311)
image	0		(979, 341)	(989, 341)	(989, 351)	(979, 351)
image	0		(980, 373)	(989, 373)	(989, 383)	(980, 383)
image	0		(979, 404)	(989, 404)	(989, 414)	(979, 414)
image	0		(979, 444)	(988, 444)	(988, 455)	(979, 455)
image	0		(980, 477)	(988, 477)	(988, 487)	(980, 487)
image	0		(979, 508)	(988, 508)	(988, 518)	(979, 518)
image	0		(979, 539)	(989, 539)	(989, 550)	(979, 550)
image	0		(979, 571)	(988, 571)	(988, 581)	(979, 581)
image	0		(980, 602)	(989, 602)	(989, 612)	(980, 612)
image	0		(980, 633)	(989, 633)	(989, 643)	(980, 643)
image	0		(979, 666)	(988, 666)	(988, 676)	(979, 676)
image	0		(980, 697)	(989, 697)	(989, 707)	(980, 707)
image	0		(979, 729)	(988, 729)	(988, 739)	(979, 739)
image	0		(979, 760)	(988, 760)	(988, 770)	(979, 770)
image	0		(979, 791)	(988, 791)	(988, 801)	(979, 801)
image	0		(980, 831)	(989, 831)	(989, 842)	(980, 842)
image	0		(980, 873)	(989, 873)	(989, 883)	(980, 883)
image	0		(979, 912)	(989, 912)	(989, 923)	(979, 923)
image	0		(979, 953)	(988, 953)	(988, 963)	(979, 963)
image	Dto		(1002, 178)	(1026, 178)	(1026, 188)	(1002, 188)
image	bron		(1039, 178)	(1071, 178)	(1071, 188)	(1039, 188)
image	Z		(1052, 201)	(1060, 201)	(1060, 209)	(1052, 209)
image	0		(1022, 219)	(1031, 219)	(1031, 230)	(1022, 230)
image	0		(1022, 261)	(1030, 261)	(1030, 271)	(1022, 271)
image	0		(1022, 301)	(1031, 301)	(1031, 311)	(1022, 311)
image	0		(1022, 342)	(1031, 342)	(1031, 352)	(1022, 352)
image	0		(1022, 372)	(1030, 372)	(1030, 382)	(1022, 382)
image	0		(1022, 405)	(1031, 405)	(1031, 415)	(1022, 415)
image	0		(1022, 445)	(1030, 445)	(1030, 456)	(1022, 456)
image	0		(1022, 477)	(1030, 477)	(1030, 487)	(1022, 487)
image	0		(1023, 507)	(1031, 507)	(1031, 517)	(1023, 517)
image	0		(1023, 539)	(1031, 539)	(1031, 549)	(1023, 549)
image	0		(1022, 571)	(1031, 571)	(1031, 581)	(1022, 581)
image	0		(1022, 603)	(1030, 603)	(1030, 613)	(1022, 613)
image	0		(1022, 634)	(1031, 634)	(1031, 644)	(1022, 644)
image	0		(1022, 665)	(1031, 665)	(1031, 676)	(1022, 676)
image	0		(1022, 697)	(1030, 697)	(1030, 708)	(1022, 708)
image	0		(1022, 729)	(1030, 729)	(1030, 739)	(1022, 739)
image	4		(1022, 759)	(1031, 759)	(1031, 769)	(1022, 769)
image	0		(1022, 791)	(1031, 791)	(1031, 802)	(1022, 802)
image	0		(1022, 831)	(1031, 831)	(1031, 842)	(1022, 842)
image	0		(1022, 873)	(1031, 873)	(1031, 883)	(1022, 883)
image	0		(1022, 912)	(1031, 912)	(1031, 922)	(1022, 922)
image	0		(1022, 954)	(1031, 954)	(1031, 964)	(1022, 964)
image	0		(979, 994)	(989, 994)	(989, 1005)	(979, 1005)
image	0		(1022, 994)	(1031, 994)	(1031, 1005)	(1022, 1005)
image	0		(979, 1024)	(989, 1024)	(989, 1035)	(979, 1035)
image	0		(1022, 1026)	(1031, 1026)	(1031, 1036)	(1022, 1036)
image	0		(1064, 219)	(1074, 219)	(1074, 230)	(1064, 230)
image	0		(1065, 261)	(1073, 261)	(1073, 270)	(1065, 270)
image	0		(1065, 300)	(1074, 300)	(1074, 310)	(1065, 310)
image	0		(1065, 341)	(1073, 341)	(1073, 351)	(1065, 351)
image	0		(1065, 373)	(1073, 373)	(1073, 383)	(1065, 383)
image	0		(1065, 405)	(1073, 405)	(1073, 415)	(1065, 415)
image	0		(1065, 477)	(1073, 477)	(1073, 486)	(1065, 486)
image	0		(1065, 507)	(1073, 507)	(1073, 517)	(1065, 517)
image	0		(1065, 539)	(1073, 539)	(1073, 549)	(1065, 549)
image	ooooooo		(1063, 478)	(1072, 478)	(1072, 677)	(1063, 677)
image	HOO		(1105, 441)	(1114, 441)	(1114, 516)	(1105, 516)
image	OOO		(1105, 536)	(1114, 536)	(1114, 612)	(1105, 612)
image	OO		(1105, 630)	(1114, 630)	(1114, 675)	(1105, 675)
image	0		(1065, 570)	(1074, 570)	(1074, 580)	(1065, 580)
image	0		(1065, 445)	(1074, 445)	(1074, 455)	(1065, 455)
image	1		(1107, 444)	(1116, 444)	(1116, 455)	(1107, 455)
image	0		(1065, 603)	(1073, 603)	(1073, 613)	(1065, 613)
image	0		(1065, 633)	(1073, 633)	(1073, 643)	(1065, 643)
image	0		(1065, 665)	(1073, 665)	(1073, 675)	(1065, 675)
image	0		(1064, 696)	(1073, 696)	(1073, 707)	(1064, 707)
image	0		(1064, 728)	(1073, 728)	(1073, 739)	(1064, 739)
image	0		(1065, 759)	(1074, 759)	(1074, 770)	(1065, 770)
image	To		(1064, 781)	(1075, 781)	(1075, 800)	(1064, 800)
image	0		(1065, 791)	(1074, 791)	(1074, 802)	(1065, 802)
image	0		(1064, 832)	(1073, 832)	(1073, 842)	(1064, 842)
image	To		(1064, 863)	(1075, 863)	(1075, 882)	(1064, 882)
image	0		(1065, 872)	(1074, 872)	(1074, 882)	(1065, 882)
image	0		(1065, 913)	(1074, 913)	(1074, 923)	(1065, 923)
image	0		(1065, 953)	(1073, 953)	(1073, 963)	(1065, 963)
image	Fe		(1090, 177)	(1107, 177)	(1107, 190)	(1090, 190)
image	To		(1077, 985)	(1077, 1003)	(1066, 1003)	(1066, 985)
image	0		(1107, 219)	(1116, 219)	(1116, 230)	(1107, 230)
image	0		(1064, 1025)	(1073, 1025)	(1073, 1035)	(1064, 1035)
image	0		(1107, 260)	(1116, 260)	(1116, 271)	(1107, 271)
image	0		(1107, 301)	(1116, 301)	(1116, 311)	(1107, 311)
image	0		(1107, 341)	(1116, 341)	(1116, 352)	(1107, 352)
image	0		(1107, 372)	(1116, 372)	(1116, 383)	(1107, 383)
image	0		(1107, 404)	(1116, 404)	(1116, 415)	(1107, 415)
image	0		(1107, 477)	(1115, 477)	(1115, 487)	(1107, 487)
image	0		(1108, 507)	(1116, 507)	(1116, 517)	(1108, 517)
image	0		(1108, 539)	(1116, 539)	(1116, 549)	(1108, 549)
image	0		(1108, 571)	(1116, 571)	(1116, 582)	(1108, 582)
image	0		(1107, 603)	(1115, 603)	(1115, 613)	(1107, 613)
image	0		(1107, 634)	(1115, 634)	(1115, 645)	(1107, 645)
image	0		(1107, 666)	(1115, 666)	(1115, 676)	(1107, 676)
image	0		(1107, 697)	(1116, 697)	(1116, 707)	(1107, 707)
image	0		(1107, 729)	(1115, 729)	(1115, 739)	(1107, 739)
image	0		(1107, 759)	(1116, 759)	(1116, 770)	(1107, 770)
image	0		(1107, 792)	(1115, 792)	(1115, 802)	(1107, 802)
image	0		(1107, 832)	(1115, 832)	(1115, 842)	(1107, 842)
image	0		(1108, 873)	(1117, 873)	(1117, 883)	(1108, 883)
image	0		(1107, 912)	(1115, 912)	(1115, 923)	(1107, 923)
image	0		(1108, 953)	(1116, 953)	(1116, 963)	(1108, 963)
image	0		(1107, 994)	(1116, 994)	(1116, 1004)	(1107, 1004)
image	0		(1107, 1025)	(1116, 1025)	(1116, 1035)	(1107, 1035)
image	Str		(1131, 177)	(1151, 177)	(1151, 189)	(1131, 189)
image	jiné		(1184, 177)	(1209, 177)	(1209, 191)	(1184, 191)
image	0		(1151, 218)	(1158, 218)	(1158, 230)	(1151, 230)
image	váp.S		(1167, 218)	(1200, 219)	(1200, 231)	(1167, 230)
image	uhl.108g		(1167, 237)	(1224, 238)	(1224, 252)	(1167, 251)
image	0		(1151, 259)	(1159, 259)	(1159, 271)	(1151, 271)
image	váp		(1167, 259)	(1190, 260)	(1190, 272)	(1167, 271)
image	,		(1191, 260)	(1193, 260)	(1193, 272)	(1191, 272)
image	s		(1195, 260)	(1200, 260)	(1200, 272)	(1195, 272)
image	uhl.540g		(1166, 279)	(1224, 279)	(1224, 292)	(1166, 292)
image	0		(1151, 299)	(1158, 299)	(1158, 314)	(1151, 314)
image	váp.s		(1167, 299)	(1199, 300)	(1199, 315)	(1167, 314)
image	uhl.400g		(1167, 319)	(1224, 320)	(1224, 334)	(1167, 333)
image	0		(1150, 341)	(1159, 341)	(1159, 351)	(1150, 351)
image	0		(1150, 372)	(1159, 372)	(1159, 382)	(1150, 382)
image	0		(1151, 404)	(1158, 404)	(1158, 418)	(1151, 418)
image	váp.s		(1166, 403)	(1198, 403)	(1198, 417)	(1166, 417)
image	uhl.350g		(1167, 421)	(1225, 423)	(1224, 436)	(1166, 434)
image	0		(1150, 445)	(1158, 445)	(1158, 456)	(1150, 456)
image	0		(1150, 476)	(1158, 476)	(1158, 486)	(1150, 486)
image	0		(1150, 507)	(1158, 507)	(1158, 517)	(1150, 517)
image	0		(1150, 539)	(1158, 539)	(1158, 549)	(1150, 549)
image	0		(1150, 570)	(1159, 570)	(1159, 580)	(1150, 580)
image	0		(1150, 603)	(1158, 603)	(1158, 613)	(1150, 613)
image	0		(1150, 634)	(1158, 634)	(1158, 644)	(1150, 644)
image	na		(1167, 894)	(1182, 894)	(1182, 901)	(1167, 901)
image	BR		(1238, 539)	(1254, 539)	(1254, 551)	(1238, 551)
image	,		(1254, 539)	(1258, 539)	(1258, 551)	(1254, 551)
image	intruze		(1259, 539)	(1304, 539)	(1304, 551)	(1259, 551)
image	NV		(1308, 539)	(1328, 539)	(1328, 551)	(1308, 551)
image	BR		(1238, 569)	(1254, 569)	(1254, 581)	(1238, 581)
image	střed		(1258, 569)	(1291, 570)	(1291, 582)	(1258, 581)
image	.		(1292, 569)	(1296, 569)	(1296, 581)	(1292, 581)
image	/		(1295, 569)	(1302, 569)	(1302, 581)	(1295, 581)
image	ml		(1302, 570)	(1318, 570)	(1318, 582)	(1302, 582)
image	.		(1319, 570)	(1322, 570)	(1322, 582)	(1319, 582)
image	BR		(1238, 601)	(1254, 601)	(1254, 613)	(1238, 613)
image	střed		(1258, 601)	(1291, 602)	(1291, 614)	(1258, 613)
image	.		(1292, 602)	(1296, 602)	(1296, 614)	(1292, 614)
image	/		(1295, 602)	(1302, 602)	(1302, 614)	(1295, 614)
image	ml		(1302, 602)	(1319, 602)	(1319, 614)	(1302, 614)
image	.		(1319, 602)	(1322, 602)	(1322, 614)	(1319, 614)
image	BR		(1238, 631)	(1253, 631)	(1253, 646)	(1238, 646)
image	střed		(1257, 631)	(1289, 631)	(1289, 645)	(1257, 645)
image	.		(1291, 631)	(1295, 631)	(1295, 645)	(1291, 645)
image	/		(1294, 631)	(1301, 631)	(1301, 645)	(1294, 645)
image	ml		(1301, 630)	(1317, 630)	(1317, 645)	(1301, 645)
image	.		(1318, 630)	(1321, 630)	(1321, 644)	(1318, 644)
image	0		(1150, 666)	(1158, 666)	(1158, 676)	(1150, 676)
image	BR		(1238, 664)	(1253, 664)	(1253, 677)	(1238, 677)
image	střed		(1257, 664)	(1289, 664)	(1289, 676)	(1257, 676)
image	.		(1291, 664)	(1295, 664)	(1295, 676)	(1291, 676)
image	/		(1294, 664)	(1301, 664)	(1301, 676)	(1294, 676)
image	ml		(1301, 664)	(1318, 664)	(1318, 676)	(1301, 676)
image	.		(1318, 664)	(1321, 664)	(1321, 676)	(1318, 676)
image	O		(1150, 696)	(1158, 696)	(1158, 707)	(1150, 707)
image	rudnina		(1167, 696)	(1216, 696)	(1216, 707)	(1167, 707)
image	BR		(1238, 694)	(1253, 694)	(1253, 708)	(1238, 708)
image	střed		(1257, 694)	(1290, 693)	(1290, 706)	(1257, 707)
image	.		(1291, 694)	(1295, 694)	(1295, 707)	(1291, 707)
image	/		(1294, 694)	(1301, 694)	(1301, 707)	(1294, 707)
image	ml		(1301, 693)	(1317, 693)	(1317, 706)	(1301, 706)
image	.		(1318, 693)	(1321, 693)	(1321, 706)	(1318, 706)
image	O		(1150, 727)	(1158, 727)	(1158, 740)	(1150, 740)
image	surovina		(1165, 726)	(1221, 726)	(1221, 739)	(1165, 739)
image	BR		(1236, 726)	(1253, 726)	(1253, 739)	(1236, 739)
image	střed		(1257, 726)	(1289, 726)	(1289, 739)	(1257, 739)
image	.		(1291, 726)	(1295, 726)	(1295, 739)	(1291, 739)
image	/		(1294, 726)	(1301, 726)	(1301, 739)	(1294, 739)
image	ml		(1301, 725)	(1318, 725)	(1318, 739)	(1301, 739)
image	.		(1318, 725)	(1321, 725)	(1321, 738)	(1318, 738)
image	0		(1150, 759)	(1159, 759)	(1159, 770)	(1150, 770)
image	BR		(1238, 758)	(1254, 758)	(1254, 771)	(1238, 771)
image	střed		(1258, 758)	(1291, 758)	(1291, 771)	(1258, 771)
image	.		(1292, 758)	(1296, 758)	(1296, 771)	(1292, 771)
image	/		(1295, 758)	(1302, 758)	(1302, 771)	(1295, 771)
image	ml		(1302, 758)	(1318, 758)	(1318, 771)	(1302, 771)
image	.		(1319, 758)	(1323, 758)	(1323, 771)	(1319, 771)
image	0		(1150, 791)	(1158, 791)	(1158, 803)	(1150, 803)
image	Ka		(1165, 790)	(1182, 790)	(1182, 802)	(1165, 802)
image	-		(1180, 790)	(1185, 790)	(1185, 802)	(1180, 802)
image	sur		(1187, 790)	(1207, 790)	(1207, 802)	(1187, 802)
image	.		(1206, 790)	(1210, 790)	(1210, 802)	(1206, 802)
image	,		(1210, 790)	(1214, 790)	(1214, 802)	(1210, 802)
image	v		(1215, 790)	(1222, 790)	(1222, 802)	(1215, 802)
image	BR		(1236, 790)	(1253, 790)	(1253, 802)	(1236, 802)
image	střed		(1257, 790)	(1289, 790)	(1289, 802)	(1257, 802)
image	.		(1291, 790)	(1295, 790)	(1295, 802)	(1291, 802)
image	/		(1295, 790)	(1302, 790)	(1302, 802)	(1295, 802)
image	ml		(1301, 789)	(1317, 789)	(1317, 801)	(1301, 801)
image	.		(1318, 789)	(1322, 789)	(1322, 801)	(1318, 801)
image	áp.U		(1166, 811)	(1196, 811)	(1196, 824)	(1166, 824)
image	0		(1150, 830)	(1158, 830)	(1158, 843)	(1150, 843)
image	Ka		(1167, 830)	(1182, 830)	(1182, 843)	(1167, 843)
image	-		(1182, 830)	(1187, 830)	(1187, 843)	(1182, 843)
image	sur		(1187, 830)	(1208, 830)	(1208, 843)	(1187, 843)
image	.		(1207, 830)	(1212, 830)	(1212, 843)	(1207, 843)
image	,		(1211, 830)	(1216, 830)	(1216, 843)	(1211, 843)
image	v		(1215, 830)	(1223, 830)	(1223, 843)	(1215, 843)
image	BR		(1237, 830)	(1254, 830)	(1254, 843)	(1237, 843)
image	střed		(1258, 830)	(1290, 830)	(1290, 843)	(1258, 843)
image	.		(1292, 830)	(1296, 830)	(1296, 843)	(1292, 843)
image	/		(1295, 830)	(1302, 830)	(1302, 843)	(1295, 843)
image	ml		(1302, 830)	(1318, 830)	(1318, 843)	(1302, 843)
image	.		(1319, 830)	(1323, 830)	(1323, 843)	(1319, 843)
image	áp.U		(1166, 851)	(1196, 851)	(1196, 865)	(1166, 865)
image	0		(1150, 872)	(1158, 872)	(1158, 885)	(1150, 885)
image	Ka		(1167, 872)	(1183, 872)	(1183, 885)	(1167, 885)
image	-		(1182, 872)	(1187, 872)	(1187, 885)	(1182, 885)
image	surovi		(1187, 872)	(1227, 872)	(1227, 885)	(1187, 885)
image	BR		(1238, 872)	(1254, 872)	(1254, 885)	(1238, 885)
image	střed		(1258, 872)	(1290, 872)	(1290, 885)	(1258, 885)
image	.		(1292, 872)	(1295, 872)	(1295, 885)	(1292, 885)
image	/		(1295, 872)	(1302, 872)	(1302, 885)	(1295, 885)
image	ml		(1302, 872)	(1319, 872)	(1319, 885)	(1302, 885)
image	.		(1319, 872)	(1322, 872)	(1322, 885)	(1319, 885)
image	na		(1167, 935)	(1181, 935)	(1181, 942)	(1167, 942)
image	DATACE		(1270, 178)	(1322, 178)	(1322, 189)	(1270, 189)
image	BR		(1238, 218)	(1253, 218)	(1253, 231)	(1238, 231)
image	střed		(1257, 218)	(1290, 218)	(1290, 230)	(1257, 230)
image	.		(1291, 218)	(1295, 218)	(1295, 230)	(1291, 230)
image	/		(1294, 218)	(1301, 218)	(1301, 230)	(1294, 230)
image	ml		(1300, 218)	(1318, 218)	(1318, 230)	(1300, 230)
image	.		(1318, 218)	(1322, 218)	(1322, 230)	(1318, 230)
image	na		(1167, 975)	(1181, 975)	(1181, 982)	(1167, 982)
image	BR		(1238, 259)	(1254, 259)	(1254, 271)	(1238, 271)
image	střed		(1258, 259)	(1290, 259)	(1290, 271)	(1258, 271)
image	.		(1292, 259)	(1296, 259)	(1296, 271)	(1292, 271)
image	/		(1295, 259)	(1302, 259)	(1302, 271)	(1295, 271)
image	ml		(1302, 259)	(1319, 259)	(1319, 271)	(1302, 271)
image	.		(1319, 259)	(1323, 259)	(1323, 271)	(1319, 271)
image	BR		(1238, 300)	(1254, 300)	(1254, 312)	(1238, 312)
image	střed		(1258, 300)	(1291, 300)	(1291, 312)	(1258, 312)
image	.		(1293, 300)	(1297, 300)	(1297, 312)	(1293, 312)
image	/		(1295, 300)	(1302, 300)	(1302, 312)	(1295, 312)
image	ml		(1302, 300)	(1319, 300)	(1319, 312)	(1302, 312)
image	.		(1319, 300)	(1323, 300)	(1323, 312)	(1319, 312)
image	na		(1167, 1048)	(1181, 1048)	(1181, 1055)	(1167, 1055)
image	BR		(1238, 341)	(1254, 341)	(1254, 354)	(1238, 354)
image	střed		(1258, 341)	(1290, 341)	(1290, 354)	(1258, 354)
image	.		(1292, 341)	(1296, 341)	(1296, 354)	(1292, 354)
image	/		(1295, 341)	(1302, 341)	(1302, 354)	(1295, 354)
image	ml		(1302, 341)	(1319, 341)	(1319, 354)	(1302, 354)
image	.		(1319, 341)	(1323, 341)	(1323, 354)	(1319, 354)
image	BR		(1238, 372)	(1253, 372)	(1253, 384)	(1238, 384)
image	střed		(1258, 372)	(1289, 372)	(1289, 384)	(1258, 384)
image	.		(1292, 372)	(1295, 372)	(1295, 384)	(1292, 384)
image	/		(1294, 372)	(1301, 372)	(1301, 384)	(1294, 384)
image	ml		(1302, 372)	(1318, 372)	(1318, 384)	(1302, 384)
image	.		(1319, 372)	(1322, 372)	(1322, 384)	(1319, 384)
image	BR		(1238, 404)	(1254, 404)	(1254, 416)	(1238, 416)
image	střed		(1258, 404)	(1291, 404)	(1291, 416)	(1258, 416)
image	.		(1292, 404)	(1296, 404)	(1296, 416)	(1292, 416)
image	/		(1295, 404)	(1302, 404)	(1302, 416)	(1295, 416)
image	ml		(1302, 404)	(1319, 404)	(1319, 416)	(1302, 416)
image	.		(1319, 404)	(1323, 404)	(1323, 416)	(1319, 416)
image	0		(1150, 912)	(1158, 912)	(1158, 925)	(1150, 925)
image	Ka		(1166, 912)	(1183, 912)	(1183, 925)	(1166, 925)
image	-		(1182, 912)	(1187, 912)	(1187, 925)	(1182, 925)
image	surovi		(1187, 912)	(1227, 912)	(1227, 925)	(1187, 925)
image	BR		(1237, 912)	(1253, 912)	(1253, 925)	(1237, 925)
image	střed		(1258, 912)	(1290, 912)	(1290, 925)	(1258, 925)
image	.		(1292, 912)	(1296, 912)	(1296, 925)	(1292, 925)
image	/		(1295, 912)	(1302, 912)	(1302, 925)	(1295, 925)
image	ml		(1301, 912)	(1318, 912)	(1318, 925)	(1301, 925)
image	.		(1319, 912)	(1323, 912)	(1323, 925)	(1319, 925)
image	BR		(1238, 443)	(1253, 443)	(1253, 456)	(1238, 456)
image	střed		(1257, 443)	(1289, 443)	(1289, 455)	(1257, 455)
image	.		(1291, 443)	(1295, 443)	(1295, 455)	(1291, 455)
image	/		(1294, 443)	(1301, 443)	(1301, 455)	(1294, 455)
image	ml		(1301, 443)	(1317, 443)	(1317, 455)	(1301, 455)
image	.		(1318, 443)	(1322, 443)	(1322, 455)	(1318, 455)
image	BR		(1238, 473)	(1254, 473)	(1254, 487)	(1238, 487)
image	střed		(1258, 473)	(1291, 474)	(1291, 489)	(1258, 488)
image	.		(1292, 474)	(1296, 474)	(1296, 488)	(1292, 488)
image	/		(1295, 474)	(1302, 474)	(1302, 488)	(1295, 488)
image	ml		(1302, 474)	(1319, 474)	(1319, 489)	(1302, 489)
image	.		(1319, 475)	(1323, 475)	(1323, 489)	(1319, 489)
image	BR		(1238, 507)	(1253, 507)	(1253, 519)	(1238, 519)
image	střed		(1258, 507)	(1290, 507)	(1290, 519)	(1258, 519)
image	.		(1293, 507)	(1297, 507)	(1297, 519)	(1293, 519)
image	/		(1294, 507)	(1301, 507)	(1301, 519)	(1294, 519)
image	ml		(1302, 507)	(1318, 507)	(1318, 519)	(1302, 519)
image	.		(1319, 507)	(1323, 507)	(1323, 519)	(1319, 519)
image	0		(1150, 953)	(1158, 953)	(1158, 965)	(1150, 965)
image	Ka		(1166, 953)	(1182, 953)	(1182, 965)	(1166, 965)
image	-		(1182, 953)	(1187, 953)	(1187, 965)	(1182, 965)
image	surovi		(1188, 953)	(1227, 953)	(1227, 965)	(1188, 965)
image	BR		(1238, 953)	(1254, 953)	(1254, 965)	(1238, 965)
image	střed		(1258, 953)	(1290, 953)	(1290, 965)	(1258, 965)
image	.		(1292, 953)	(1295, 953)	(1295, 965)	(1292, 965)
image	/		(1295, 953)	(1302, 953)	(1302, 965)	(1295, 965)
image	ml		(1302, 953)	(1319, 953)	(1319, 965)	(1302, 965)
image	.		(1319, 953)	(1323, 953)	(1323, 965)	(1319, 965)
image	0		(1150, 995)	(1159, 995)	(1159, 1005)	(1150, 1005)
image	BR		(1238, 992)	(1254, 992)	(1254, 1005)	(1238, 1005)
image	střed		(1258, 991)	(1290, 992)	(1290, 1006)	(1258, 1005)
image	.		(1292, 993)	(1296, 993)	(1296, 1006)	(1292, 1006)
image	/		(1295, 993)	(1302, 993)	(1302, 1006)	(1295, 1006)
image	ml		(1302, 993)	(1319, 993)	(1319, 1006)	(1302, 1006)
image	.		(1319, 993)	(1323, 993)	(1323, 1006)	(1319, 1006)
image	0		(1150, 1024)	(1158, 1024)	(1158, 1037)	(1150, 1037)
image	Ka		(1166, 1024)	(1183, 1024)	(1183, 1037)	(1166, 1037)
image	-		(1182, 1024)	(1187, 1024)	(1187, 1037)	(1182, 1037)
image	surovi		(1188, 1024)	(1227, 1024)	(1227, 1037)	(1188, 1037)
image	BR		(1238, 1024)	(1255, 1024)	(1255, 1037)	(1238, 1037)
image	střed		(1258, 1024)	(1290, 1024)	(1290, 1037)	(1258, 1037)
image	.		(1292, 1024)	(1296, 1024)	(1296, 1037)	(1292, 1037)
image	/		(1295, 1024)	(1302, 1024)	(1302, 1037)	(1295, 1037)
image	ml		(1302, 1024)	(1319, 1024)	(1319, 1037)	(1302, 1037)
image	.		(1319, 1024)	(1323, 1024)	(1323, 1037)	(1319, 1037)
image	nožka		(1365, 696)	(1404, 696)	(1404, 707)	(1365, 707)
image	poznámka		(1424, 177)	(1491, 176)	(1491, 190)	(1424, 191)
image	vnitřní		(1364, 791)	(1409, 791)	(1409, 803)	(1364, 803)
image	výzdoba		(1410, 791)	(1463, 791)	(1463, 803)	(1410, 803)
image	dna		(1468, 791)	(1493, 791)	(1493, 803)	(1468, 803)
image	zlomek		(1364, 829)	(1412, 830)	(1412, 844)	(1364, 843)
image	nožky		(1415, 830)	(1454, 831)	(1454, 845)	(1415, 844)
image	maz.s		(1365, 872)	(1400, 871)	(1400, 883)	(1365, 884)
image	otiskem		(1405, 871)	(1456, 870)	(1456, 882)	(1405, 883)
