IMAGE_NAME	DESCRIPTION	LANGUAGE	BBOX_1	BBOX_2	BBOX_3	BBOX_4
image	"ME
3,33
DE
,08
217,55
šk.
Eléč. zař
kult. obj.v
217,29
prům.
214,08/
216,24
217,3
218,13
správ 219,10
bud.
30
B
0
sklad
256622
prům
Plán č.:
1
Praha Bubene
207.
213,18
100
BUBENEČ
šk.
200 m
Záchranný archeologický výzkum
Praha 6 - Bubeneč, ,,Vila Bubeneč""
Zkoumal: Archeo Pro, o.p.s. sektor č.:
sonda č.:
Měřil:
Kreslil:
objekt č.:
Zpracoval: Archeo Pro, o.p.s.
Poznámka:
prům.
Gothar
Výzkum č.:
27/12 AP
koordinační situace
Měřítko:
Datum: 05-06/2012
Souřadnicový systém: S-JTSK
Výškový systém: ČSJNS/Bpv"	cs	(73, 74)	(1132, 74)	(1132, 1641)	(73, 1641)
image	ME		(102, 846)	(239, 836)	(245, 920)	(108, 930)
image	3,33		(111, 910)	(156, 908)	(157, 932)	(112, 934)
image	DE		(89, 979)	(338, 918)	(369, 1045)	(120, 1106)
image	,		(113, 1117)	(119, 1117)	(119, 1136)	(113, 1136)
image	08		(118, 1116)	(145, 1116)	(145, 1135)	(118, 1135)
image	217,55		(158, 1238)	(231, 1243)	(229, 1266)	(156, 1261)
image	šk		(240, 1271)	(267, 1276)	(263, 1296)	(236, 1292)
image	.		(266, 1275)	(274, 1276)	(270, 1297)	(262, 1296)
image	Eléč		(324, 580)	(375, 589)	(372, 610)	(320, 602)
image	.		(372, 589)	(380, 590)	(376, 611)	(369, 610)
image	zař		(387, 591)	(428, 598)	(425, 619)	(384, 612)
image	kult		(131, 1585)	(180, 1593)	(176, 1617)	(127, 1609)
image	.		(178, 1592)	(185, 1593)	(181, 1617)	(174, 1616)
image	obj.v		(192, 1594)	(260, 1605)	(256, 1630)	(188, 1619)
image	217,29		(361, 1288)	(432, 1304)	(427, 1328)	(356, 1312)
image	prům		(452, 127)	(524, 133)	(522, 158)	(450, 152)
image	.		(520, 133)	(529, 134)	(527, 158)	(518, 157)
image	214,08		(488, 1030)	(561, 1038)	(558, 1061)	(485, 1053)
image	/		(557, 1039)	(570, 1041)	(567, 1062)	(554, 1061)
image	216,24		(522, 1179)	(594, 1191)	(590, 1215)	(518, 1203)
image	217,3		(224, 1341)	(279, 1353)	(273, 1377)	(219, 1364)
image	218,13		(274, 1398)	(349, 1415)	(343, 1440)	(268, 1423)
image	správ		(290, 1443)	(362, 1455)	(358, 1480)	(286, 1469)
image	219,10		(416, 1464)	(489, 1476)	(485, 1502)	(412, 1490)
image	bud		(288, 1469)	(337, 1479)	(333, 1500)	(284, 1490)
image	.		(335, 1479)	(343, 1481)	(339, 1500)	(331, 1499)
image	30		(133, 1374)	(304, 1433)	(261, 1559)	(90, 1501)
image	B		(429, 1511)	(545, 1525)	(533, 1628)	(417, 1614)
image	0		(595, 1391)	(602, 1391)	(602, 1400)	(595, 1400)
image	sklad		(660, 74)	(725, 75)	(725, 99)	(660, 98)
image	256622		(697, 130)	(726, 102)	(734, 111)	(705, 139)
image	prům		(633, 151)	(705, 162)	(701, 189)	(629, 178)
image	Plán		(602, 1437)	(623, 1437)	(623, 1447)	(602, 1447)
image	č		(624, 1437)	(630, 1437)	(630, 1447)	(624, 1447)
image	.:		(630, 1437)	(637, 1437)	(637, 1447)	(630, 1447)
image	1		(611, 1455)	(620, 1455)	(620, 1466)	(611, 1466)
image	Praha		(745, 522)	(819, 534)	(815, 562)	(740, 550)
image	Bubene		(826, 535)	(920, 550)	(915, 578)	(821, 563)
image	207		(723, 931)	(763, 940)	(758, 964)	(718, 954)
image	.		(762, 940)	(769, 942)	(764, 964)	(757, 962)
image	213,18		(702, 1125)	(775, 1133)	(772, 1159)	(699, 1151)
image	100		(714, 1390)	(732, 1390)	(732, 1401)	(714, 1401)
image	BUBENEČ		(816, 717)	(1074, 741)	(1066, 825)	(808, 802)
image	šk		(830, 1002)	(860, 1003)	(860, 1026)	(830, 1025)
image	.		(855, 1002)	(865, 1002)	(865, 1025)	(855, 1025)
image	200		(837, 1390)	(854, 1390)	(854, 1400)	(837, 1400)
image	m		(857, 1390)	(866, 1390)	(866, 1400)	(857, 1400)
image	Záchranný		(660, 1436)	(712, 1436)	(712, 1449)	(660, 1449)
image	archeologický		(715, 1436)	(781, 1436)	(781, 1448)	(715, 1448)
image	výzkum		(783, 1436)	(818, 1436)	(818, 1448)	(783, 1448)
image	Praha		(660, 1458)	(696, 1458)	(696, 1471)	(660, 1471)
image	6		(699, 1458)	(707, 1458)	(707, 1471)	(699, 1471)
image	-		(709, 1458)	(718, 1458)	(718, 1471)	(709, 1471)
image	Bubeneč		(721, 1458)	(772, 1458)	(772, 1471)	(721, 1471)
image	,		(773, 1458)	(776, 1458)	(776, 1471)	(773, 1471)
image	,,		(780, 1458)	(787, 1458)	(787, 1471)	(780, 1471)
image	Vila		(785, 1458)	(807, 1458)	(807, 1471)	(785, 1471)
image	Bubeneč		(811, 1458)	(862, 1458)	(862, 1471)	(811, 1471)
image	""""		(861, 1458)	(867, 1458)	(867, 1471)	(861, 1471)
image	Zkoumal		(608, 1481)	(649, 1482)	(649, 1497)	(608, 1496)
image	:		(649, 1482)	(653, 1482)	(653, 1496)	(649, 1496)
image	Archeo		(656, 1482)	(707, 1483)	(707, 1498)	(656, 1497)
image	Pro		(711, 1483)	(736, 1483)	(736, 1498)	(711, 1498)
image	,		(735, 1484)	(740, 1484)	(740, 1498)	(735, 1498)
image	o.p.s.		(743, 1484)	(787, 1485)	(787, 1499)	(743, 1498)
image	sektor		(803, 1481)	(833, 1481)	(833, 1491)	(803, 1491)
image	č		(835, 1481)	(841, 1481)	(841, 1491)	(835, 1491)
image	.:		(840, 1481)	(847, 1481)	(847, 1491)	(840, 1491)
image	sonda		(803, 1504)	(833, 1504)	(833, 1514)	(803, 1514)
image	č		(835, 1504)	(841, 1504)	(841, 1514)	(835, 1514)
image	.:		(840, 1504)	(847, 1504)	(847, 1514)	(840, 1514)
image	Měřil		(608, 1510)	(631, 1510)	(631, 1519)	(608, 1519)
image	:		(631, 1510)	(634, 1510)	(634, 1519)	(631, 1519)
image	Kreslil		(608, 1534)	(636, 1534)	(636, 1543)	(608, 1543)
image	:		(637, 1534)	(641, 1534)	(641, 1543)	(637, 1543)
image	objekt		(804, 1530)	(832, 1529)	(832, 1542)	(804, 1543)
image	č		(834, 1530)	(840, 1530)	(840, 1542)	(834, 1542)
image	.:		(837, 1530)	(845, 1530)	(845, 1542)	(837, 1542)
image	Zpracoval		(607, 1554)	(656, 1555)	(656, 1570)	(607, 1569)
image	:		(654, 1555)	(658, 1555)	(658, 1569)	(654, 1569)
image	Archeo		(663, 1555)	(715, 1556)	(715, 1571)	(663, 1570)
image	Pro		(717, 1557)	(744, 1558)	(744, 1571)	(717, 1571)
image	,		(743, 1557)	(748, 1557)	(748, 1571)	(743, 1571)
image	o.p.s.		(750, 1557)	(795, 1558)	(795, 1573)	(750, 1572)
image	Poznámka		(608, 1581)	(658, 1581)	(658, 1590)	(608, 1590)
image	:		(658, 1581)	(661, 1581)	(661, 1590)	(658, 1590)
image	prům		(999, 75)	(1068, 83)	(1065, 106)	(996, 99)
image	.		(1069, 82)	(1076, 83)	(1073, 107)	(1066, 106)
image	Gothar		(1045, 1017)	(1132, 1029)	(1129, 1052)	(1042, 1040)
image	Výzkum		(1019, 1436)	(1056, 1436)	(1056, 1449)	(1019, 1449)
image	č		(1059, 1436)	(1065, 1436)	(1065, 1448)	(1059, 1448)
image	.:		(1064, 1436)	(1072, 1436)	(1072, 1448)	(1064, 1448)
image	27/12		(1022, 1454)	(1084, 1454)	(1084, 1470)	(1022, 1470)
image	AP		(1089, 1454)	(1115, 1454)	(1115, 1469)	(1089, 1469)
image	koordinační		(963, 1485)	(1034, 1486)	(1034, 1496)	(963, 1495)
image	situace		(1036, 1485)	(1081, 1485)	(1081, 1495)	(1036, 1495)
image	Měřítko		(933, 1534)	(969, 1535)	(969, 1545)	(933, 1544)
image	:		(968, 1536)	(972, 1536)	(972, 1545)	(968, 1545)
image	Datum		(932, 1558)	(964, 1558)	(964, 1567)	(932, 1567)
image	:		(964, 1558)	(968, 1558)	(968, 1567)	(964, 1567)
image	05-06		(990, 1555)	(1036, 1555)	(1036, 1566)	(990, 1566)
image	/		(1037, 1555)	(1043, 1555)	(1043, 1566)	(1037, 1566)
image	2012		(1043, 1555)	(1082, 1555)	(1082, 1566)	(1043, 1566)
image	Souřadnicový		(933, 1579)	(996, 1579)	(996, 1592)	(933, 1592)
image	systém		(999, 1579)	(1031, 1579)	(1031, 1591)	(999, 1591)
image	:		(1032, 1579)	(1036, 1579)	(1036, 1591)	(1032, 1591)
image	S		(1047, 1579)	(1056, 1579)	(1056, 1591)	(1047, 1591)
image	-		(1057, 1579)	(1062, 1579)	(1062, 1591)	(1057, 1591)
image	JTSK		(1062, 1578)	(1096, 1578)	(1096, 1591)	(1062, 1591)
image	Výškový		(932, 1599)	(974, 1600)	(974, 1615)	(932, 1614)
image	systém		(975, 1600)	(1008, 1601)	(1008, 1616)	(975, 1615)
image	:		(1008, 1601)	(1012, 1601)	(1012, 1615)	(1008, 1615)
image	ČSJNS		(1031, 1601)	(1076, 1602)	(1076, 1617)	(1031, 1616)
image	/		(1075, 1602)	(1082, 1602)	(1082, 1616)	(1075, 1616)
image	Bpv		(1080, 1602)	(1104, 1602)	(1104, 1616)	(1080, 1616)
