IMAGE_NAME	DESCRIPTION	LANGUAGE	BBOX_1	BBOX_2	BBOX_3	BBOX_4
image	"Jméno: N-1016-043;označení objektu/kontextu: 2469;popis: část Jméno: N-1016-044;označení objektu/kontextu: 2469;popis: část
B
Čáslav-Skála 2003
B
Jméno: N-1016-045;označení objektu/kontextu: 2469;popis: část Jméno: N-1016-046;označení objektu/kontextu: 2469;popis: část
B
B
Jméno: N-1016-047;označení objektu/kontextu: 2469;popis: část Jméno: N-1016-048;označení objektu/kontextu: 2469;popis: část
108
B
B"	cs	(60, 94)	(1131, 94)	(1131, 1626)	(60, 1626)
image	Jméno		(60, 601)	(115, 601)	(115, 618)	(60, 618)
image	:		(114, 601)	(119, 601)	(119, 618)	(114, 618)
image	N		(124, 601)	(135, 601)	(135, 618)	(124, 618)
image	-		(137, 601)	(143, 601)	(143, 618)	(137, 618)
image	1016-043		(144, 601)	(218, 601)	(218, 618)	(144, 618)
image	;		(219, 601)	(223, 601)	(223, 618)	(219, 618)
image	označení		(224, 601)	(297, 601)	(297, 618)	(224, 618)
image	objektu		(302, 601)	(358, 601)	(358, 618)	(302, 618)
image	/		(359, 601)	(366, 601)	(366, 618)	(359, 618)
image	kontextu		(365, 601)	(432, 601)	(432, 618)	(365, 618)
image	:		(434, 601)	(438, 601)	(438, 618)	(434, 618)
image	2469		(442, 601)	(482, 601)	(482, 618)	(442, 618)
image	;		(483, 601)	(486, 601)	(486, 618)	(483, 618)
image	popis		(488, 601)	(530, 601)	(530, 618)	(488, 618)
image	:		(531, 601)	(534, 601)	(534, 618)	(531, 618)
image	část		(541, 601)	(575, 601)	(575, 618)	(541, 618)
image	Jméno		(616, 602)	(670, 602)	(670, 618)	(616, 618)
image	:		(671, 602)	(676, 602)	(676, 618)	(671, 618)
image	N		(681, 602)	(692, 602)	(692, 618)	(681, 618)
image	-		(694, 602)	(700, 602)	(700, 618)	(694, 618)
image	1016-044		(701, 602)	(774, 602)	(774, 618)	(701, 618)
image	;		(776, 602)	(780, 602)	(780, 618)	(776, 618)
image	označení		(781, 602)	(854, 602)	(854, 618)	(781, 618)
image	objektu		(858, 602)	(916, 602)	(916, 618)	(858, 618)
image	/		(916, 602)	(923, 602)	(923, 618)	(916, 618)
image	kontextu		(922, 602)	(988, 602)	(988, 618)	(922, 618)
image	:		(990, 602)	(994, 602)	(994, 618)	(990, 618)
image	2469		(999, 602)	(1039, 602)	(1039, 618)	(999, 618)
image	;		(1040, 602)	(1044, 602)	(1044, 618)	(1040, 618)
image	popis		(1045, 602)	(1086, 602)	(1086, 618)	(1045, 618)
image	:		(1088, 602)	(1092, 602)	(1092, 618)	(1088, 618)
image	část		(1097, 602)	(1131, 602)	(1131, 618)	(1097, 618)
image	B		(310, 624)	(323, 624)	(323, 637)	(310, 637)
image	Čáslav		(388, 94)	(539, 95)	(539, 138)	(388, 137)
image	-		(542, 96)	(556, 96)	(556, 138)	(542, 138)
image	Skála		(559, 96)	(682, 97)	(682, 139)	(559, 138)
image	2003		(697, 97)	(803, 98)	(803, 141)	(697, 140)
image	B		(310, 1086)	(323, 1086)	(323, 1099)	(310, 1099)
image	Jméno		(60, 1061)	(115, 1061)	(115, 1079)	(60, 1079)
image	:		(115, 1061)	(120, 1061)	(120, 1079)	(115, 1079)
image	N		(125, 1061)	(136, 1061)	(136, 1079)	(125, 1079)
image	-		(138, 1061)	(144, 1061)	(144, 1079)	(138, 1079)
image	1016-045		(144, 1061)	(218, 1061)	(218, 1079)	(144, 1079)
image	;		(219, 1061)	(223, 1061)	(223, 1079)	(219, 1079)
image	označení		(224, 1061)	(298, 1061)	(298, 1080)	(224, 1080)
image	objektu		(302, 1062)	(358, 1062)	(358, 1080)	(302, 1080)
image	/		(359, 1062)	(366, 1062)	(366, 1080)	(359, 1080)
image	kontextu		(365, 1062)	(431, 1062)	(431, 1081)	(365, 1081)
image	:		(433, 1063)	(437, 1063)	(437, 1081)	(433, 1081)
image	2469		(443, 1063)	(482, 1063)	(482, 1081)	(443, 1081)
image	;		(483, 1063)	(487, 1063)	(487, 1081)	(483, 1081)
image	popis		(488, 1063)	(530, 1063)	(530, 1081)	(488, 1081)
image	:		(531, 1063)	(535, 1063)	(535, 1081)	(531, 1081)
image	část		(540, 1063)	(574, 1063)	(574, 1081)	(540, 1081)
image	Jméno		(616, 1062)	(671, 1062)	(671, 1079)	(616, 1079)
image	:		(671, 1062)	(676, 1062)	(676, 1079)	(671, 1079)
image	N		(681, 1062)	(692, 1062)	(692, 1079)	(681, 1079)
image	-		(694, 1062)	(700, 1062)	(700, 1079)	(694, 1079)
image	1016-046		(701, 1062)	(775, 1062)	(775, 1079)	(701, 1079)
image	;		(776, 1062)	(780, 1062)	(780, 1079)	(776, 1079)
image	označení		(781, 1062)	(854, 1062)	(854, 1080)	(781, 1080)
image	objektu		(858, 1063)	(915, 1063)	(915, 1080)	(858, 1080)
image	/		(916, 1063)	(923, 1063)	(923, 1080)	(916, 1080)
image	kontextu		(923, 1063)	(988, 1063)	(988, 1080)	(923, 1080)
image	:		(991, 1063)	(995, 1063)	(995, 1080)	(991, 1080)
image	2469		(999, 1063)	(1038, 1063)	(1038, 1080)	(999, 1080)
image	;		(1040, 1063)	(1044, 1063)	(1044, 1080)	(1040, 1080)
image	popis		(1045, 1063)	(1086, 1063)	(1086, 1081)	(1045, 1081)
image	:		(1088, 1064)	(1092, 1064)	(1092, 1081)	(1088, 1081)
image	část		(1097, 1064)	(1131, 1064)	(1131, 1081)	(1097, 1081)
image	B		(310, 1547)	(323, 1547)	(323, 1560)	(310, 1560)
image	B		(867, 624)	(881, 624)	(881, 637)	(867, 637)
image	Jméno		(60, 1524)	(114, 1524)	(114, 1541)	(60, 1541)
image	:		(114, 1524)	(119, 1524)	(119, 1541)	(114, 1541)
image	N		(125, 1524)	(136, 1524)	(136, 1541)	(125, 1541)
image	-		(137, 1524)	(143, 1524)	(143, 1541)	(137, 1541)
image	1016-047		(144, 1524)	(218, 1524)	(218, 1541)	(144, 1541)
image	;		(219, 1524)	(223, 1524)	(223, 1541)	(219, 1541)
image	označení		(224, 1524)	(298, 1524)	(298, 1541)	(224, 1541)
image	objektu		(302, 1524)	(358, 1524)	(358, 1541)	(302, 1541)
image	/		(359, 1524)	(365, 1524)	(365, 1541)	(359, 1541)
image	kontextu		(365, 1524)	(431, 1524)	(431, 1541)	(365, 1541)
image	:		(433, 1524)	(436, 1524)	(436, 1541)	(433, 1541)
image	2469		(443, 1524)	(483, 1524)	(483, 1541)	(443, 1541)
image	;		(483, 1524)	(487, 1524)	(487, 1541)	(483, 1541)
image	popis		(488, 1524)	(530, 1524)	(530, 1541)	(488, 1541)
image	:		(531, 1524)	(535, 1524)	(535, 1541)	(531, 1541)
image	část		(540, 1524)	(573, 1524)	(573, 1541)	(540, 1541)
image	Jméno		(616, 1525)	(671, 1525)	(671, 1541)	(616, 1541)
image	:		(672, 1525)	(677, 1525)	(677, 1541)	(672, 1541)
image	N		(681, 1525)	(692, 1525)	(692, 1541)	(681, 1541)
image	-		(694, 1525)	(700, 1525)	(700, 1541)	(694, 1541)
image	1016-048		(701, 1525)	(775, 1525)	(775, 1541)	(701, 1541)
image	;		(776, 1525)	(780, 1525)	(780, 1541)	(776, 1541)
image	označení		(781, 1525)	(854, 1525)	(854, 1541)	(781, 1541)
image	objektu		(858, 1525)	(915, 1525)	(915, 1541)	(858, 1541)
image	/		(915, 1525)	(922, 1525)	(922, 1541)	(915, 1541)
image	kontextu		(922, 1525)	(989, 1525)	(989, 1541)	(922, 1541)
image	:		(990, 1525)	(994, 1525)	(994, 1541)	(990, 1541)
image	2469		(1000, 1525)	(1040, 1525)	(1040, 1541)	(1000, 1541)
image	;		(1040, 1525)	(1044, 1525)	(1044, 1541)	(1040, 1541)
image	popis		(1045, 1525)	(1087, 1525)	(1087, 1541)	(1045, 1541)
image	:		(1088, 1525)	(1092, 1525)	(1092, 1541)	(1088, 1541)
image	část		(1097, 1525)	(1130, 1525)	(1130, 1541)	(1097, 1541)
image	108		(582, 1614)	(609, 1614)	(609, 1626)	(582, 1626)
image	B		(867, 1086)	(880, 1086)	(880, 1099)	(867, 1099)
image	B		(867, 1547)	(879, 1547)	(879, 1560)	(867, 1560)
