IMAGE_NAME	DESCRIPTION	LANGUAGE	BBOX_1	BBOX_2	BBOX_3	BBOX_4
image	"PRAHA 2 - NOVÉ MĚSTO, Albertov 3a, ppč. 1556, 1557
číslo sáčku a vrstvy S01-13
3
4
3
2
5
číslo sáčku a vrstvy S01-18
č. výzkumu NPÚ ÚOP HMP 2015/21
15
16
6
1
7
17
8
KERAMIKA
18
9
9
10
10
11
T₁₁
12 13 14
12
Ø 12 cm
15/21-S1-18-1
13
14
6
15
15
obrazová příloha č. 59
výběr nálezů
vedoucí výzkumu PhDr. Jaroslav Podliska Ph.D."	cs	(84, 33)	(1157, 33)	(1157, 1637)	(84, 1637)
image	PRAHA		(84, 37)	(139, 37)	(139, 53)	(84, 53)
image	2		(142, 37)	(151, 37)	(151, 53)	(142, 53)
image	-		(156, 37)	(162, 37)	(162, 53)	(156, 53)
image	NOVÉ		(166, 37)	(210, 37)	(210, 53)	(166, 53)
image	MĚSTO		(216, 37)	(272, 37)	(272, 53)	(216, 53)
image	,		(272, 37)	(276, 37)	(276, 53)	(272, 53)
image	Albertov		(279, 37)	(338, 37)	(338, 53)	(279, 53)
image	3a		(344, 37)	(361, 37)	(361, 53)	(344, 53)
image	,		(362, 37)	(365, 37)	(365, 53)	(362, 53)
image	ppč		(370, 37)	(396, 37)	(396, 53)	(370, 53)
image	.		(397, 37)	(400, 37)	(400, 53)	(397, 53)
image	1556		(406, 37)	(439, 37)	(439, 53)	(406, 53)
image	,		(441, 37)	(444, 37)	(444, 53)	(441, 53)
image	1557		(450, 37)	(486, 37)	(486, 53)	(450, 53)
image	číslo		(121, 129)	(162, 129)	(162, 147)	(121, 147)
image	sáčku		(168, 129)	(220, 129)	(220, 147)	(168, 147)
image	a		(226, 129)	(236, 129)	(236, 147)	(226, 147)
image	vrstvy		(242, 129)	(295, 129)	(295, 147)	(242, 147)
image	S01-13		(300, 129)	(364, 129)	(364, 147)	(300, 147)
image	3		(216, 796)	(228, 796)	(228, 810)	(216, 810)
image	4		(278, 797)	(289, 797)	(289, 808)	(278, 808)
image	3		(229, 1549)	(240, 1549)	(240, 1561)	(229, 1561)
image	2		(327, 754)	(338, 754)	(338, 765)	(327, 765)
image	5		(341, 797)	(352, 797)	(352, 810)	(341, 810)
image	číslo		(121, 844)	(163, 844)	(163, 863)	(121, 863)
image	sáčku		(167, 844)	(219, 844)	(219, 863)	(167, 863)
image	a		(226, 844)	(237, 844)	(237, 863)	(226, 863)
image	vrstvy		(241, 844)	(295, 844)	(295, 863)	(241, 863)
image	S01-18		(300, 844)	(364, 844)	(364, 863)	(300, 863)
image	č		(87, 1621)	(95, 1621)	(95, 1637)	(87, 1637)
image	.		(95, 1620)	(99, 1620)	(99, 1636)	(95, 1636)
image	výzkumu		(103, 1620)	(165, 1620)	(165, 1636)	(103, 1636)
image	NPÚ		(172, 1620)	(202, 1620)	(202, 1636)	(172, 1636)
image	ÚOP		(211, 1619)	(242, 1619)	(242, 1636)	(211, 1636)
image	HMP		(249, 1619)	(282, 1619)	(282, 1635)	(249, 1635)
image	2015/21		(287, 1619)	(344, 1619)	(344, 1635)	(287, 1635)
image	15		(349, 1549)	(364, 1549)	(364, 1563)	(349, 1563)
image	16		(398, 796)	(415, 796)	(415, 810)	(398, 810)
image	6		(416, 1550)	(427, 1550)	(427, 1563)	(416, 1563)
image	1		(436, 766)	(449, 766)	(449, 777)	(436, 777)
image	7		(467, 797)	(479, 797)	(479, 810)	(467, 810)
image	17		(473, 1549)	(491, 1549)	(491, 1563)	(473, 1563)
image	8		(531, 797)	(543, 797)	(543, 811)	(531, 811)
image	KERAMIKA		(546, 76)	(674, 76)	(674, 94)	(546, 94)
image	18		(539, 1550)	(553, 1550)	(553, 1565)	(539, 1565)
image	9		(594, 797)	(606, 797)	(606, 811)	(594, 811)
image	9		(606, 1551)	(617, 1551)	(617, 1565)	(606, 1565)
image	10		(660, 797)	(680, 797)	(680, 811)	(660, 811)
image	10		(671, 1550)	(691, 1550)	(691, 1564)	(671, 1564)
image	11		(723, 796)	(742, 796)	(742, 810)	(723, 810)
image	T₁₁		(717, 1529)	(756, 1529)	(756, 1563)	(717, 1563)
image	12		(787, 796)	(809, 796)	(809, 809)	(787, 809)
image	13		(850, 796)	(873, 796)	(873, 810)	(850, 810)
image	14		(915, 797)	(935, 797)	(935, 810)	(915, 810)
image	12		(797, 1551)	(821, 1551)	(821, 1564)	(797, 1564)
image	Ø		(906, 916)	(915, 916)	(915, 926)	(906, 926)
image	12		(919, 916)	(933, 916)	(933, 926)	(919, 926)
image	cm		(935, 916)	(952, 916)	(952, 926)	(935, 926)
image	15		(876, 1088)	(888, 1088)	(888, 1097)	(876, 1097)
image	/		(888, 1088)	(893, 1088)	(893, 1097)	(888, 1097)
image	21		(892, 1088)	(904, 1088)	(904, 1097)	(892, 1097)
image	-		(905, 1088)	(909, 1088)	(909, 1097)	(905, 1097)
image	S1-18-1		(909, 1088)	(952, 1088)	(952, 1097)	(909, 1097)
image	13		(861, 1550)	(883, 1550)	(883, 1564)	(861, 1564)
image	14		(925, 1549)	(944, 1549)	(944, 1563)	(925, 1563)
image	6		(974, 752)	(985, 752)	(985, 765)	(974, 765)
image	15		(978, 795)	(998, 795)	(998, 808)	(978, 808)
image	15		(988, 1549)	(1008, 1549)	(1008, 1563)	(988, 1563)
image	obrazová		(1033, 35)	(1083, 34)	(1083, 46)	(1033, 47)
image	příloha		(1085, 34)	(1123, 34)	(1123, 46)	(1085, 46)
image	č		(1126, 34)	(1132, 34)	(1132, 45)	(1126, 45)
image	.		(1131, 34)	(1135, 34)	(1135, 45)	(1131, 45)
image	59		(1139, 34)	(1156, 34)	(1156, 45)	(1139, 45)
image	výběr		(1036, 61)	(1075, 60)	(1075, 74)	(1036, 75)
image	nálezů		(1079, 60)	(1124, 59)	(1124, 73)	(1079, 74)
image	vedoucí		(795, 1623)	(852, 1623)	(852, 1637)	(795, 1637)
image	výzkumu		(855, 1623)	(919, 1623)	(919, 1637)	(855, 1637)
image	PhDr		(924, 1623)	(961, 1623)	(961, 1637)	(924, 1637)
image	.		(960, 1623)	(964, 1623)	(964, 1637)	(960, 1637)
image	Jaroslav		(968, 1623)	(1028, 1623)	(1028, 1637)	(968, 1637)
image	Podliska		(1033, 1623)	(1092, 1623)	(1092, 1637)	(1033, 1637)
image	Ph.D.		(1097, 1623)	(1137, 1623)	(1137, 1637)	(1097, 1637)
